
strategic_region={
	id=103
	name="STRATEGICREGION_103"
	provinces={
		1628 1634 1667 1671 1702 1717 1730 1731 1738 1743 1747 1750 1765 1767 1768 1779 1789 1796 1797 1816 1817 1821 1824 1832 1835 1853 1872 1876 1884 1890 1891 1895 1899 1900 1925 1937 1944 1945 1946 1954 1955 1956 1957 1963 1976 1977 1978 1994 2006 2009 2025 2029 2030 2032 2033 2037 2043 2052 2060 2061 2063 2069 2075 2078 2079 2096 2097 2100 2104 2111 2126 2132 2133 2134 2142 2145 2146 2147 2163 2164 2172 2186 2187 2189 2193 2194 2200 2208 2224 2231 2232 2255 2256 2260 2267 2272 2273 2293 2294 2295 2315 2316 2326 2338 2372 2377 2383 2397 2398 2404 2416 2441 2442 2443 2468 2469 2473 2494 2505 2524 2525 2548 2563 2564 2565 2631 2641 2642 2668 
	}
	weather={
		period={
			between={ 0.0 27.11 }
			temperature={ -10.0 35.0 }
			temperature_day_night={ 2.0 -2.0 }
			no_phenomenon=1.500
			rain_light=0.250
			rain_heavy=0.100
			snow=0.000
			blizzard=0.000
			arctic_water=0.000
			mud=0.000
			sandstorm=0.000
			min_snow_level=0.000
		}
	}
}
