
strategic_region={
	id=104
	name="STRATEGICREGION_104"
	provinces={
		834 856 884 885 907 935 940 948 949 957 979 981 987 996 1012 1019 1023 1041 1047 1064 1069 1086 1101 1112 1113 1122 1127 1148 1149 1169 1179 1180 1181 1187 1190 1212 1213 1214 1222 1223 1232 1243 1250 1251 1252 1256 1270 1282 1283 1289 1294 1308 1317 1330 1336 1337 1340 1341 1357 1358 1369 1387 1401 1407 1415 1424 1425 1426 1468 1488 1498 1502 1544 1545 1649 1665 1691 1763 1871 
	}
	weather={
		period={
			between={ 0.0 27.11 }
			temperature={ -10.0 35.0 }
			temperature_day_night={ 2.0 -2.0 }
			no_phenomenon=1.500
			rain_light=0.250
			rain_heavy=0.100
			snow=0.000
			blizzard=0.000
			arctic_water=0.000
			mud=0.000
			sandstorm=0.000
			min_snow_level=0.000
		}
	}
}
