
strategic_region={
	id=107
	name="STRATEGICREGION_107"
	provinces={
		1910 1990 2090 2117 2149 2165 2190 2225 2249 2250 2257 2261 2274 2276 2279 2308 2318 2332 2333 2348 2349 2391 2399 2400 2410 2431 2444 2459 2488 2499 2544 2556 2557 2558 2566 2587 2596 2609 2614 2635 2643 2650 2651 2669 2673 2674 2707 2715 2716 2717 2727 2732 2746 2766 2774 2775 2787 2800 2824 2835 2841 2842 2867 2873 2874 2875 2879 2880 2901 2926 2929 2935 2938 2939 2941 2954 2956 2972 2984 2994 2995 3002 3003 3011 3018 3039 3040 3052 3053 3063 3064 3068 3072 3093 3097 3098 3099 3100 3108 3109 3126 3132 3142 3159 3160 3161 3173 3174 3191 3194 3195 3209 3210 3212 3242 3253 3266 3277 3278 3286 3287 3300 3304 3326 3334 3340 3372 3388 3392 3408 3412 3451 3455 3492 3540 3695 4299 
	}
	weather={
		period={
			between={ 0.0 27.11 }
			temperature={ -10.0 35.0 }
			temperature_day_night={ 2.0 -2.0 }
			no_phenomenon=1.500
			rain_light=0.250
			rain_heavy=0.100
			snow=0.000
			blizzard=0.000
			arctic_water=0.000
			mud=0.000
			sandstorm=0.000
			min_snow_level=0.000
		}
	}
}
