
strategic_region={
	id=110
	name="STRATEGICREGION_110"
	provinces={
		182 590 632 687 1295 2572 2822 3067 3250 3328 3403 3489 3668 3968 4282 4304 4324 4356 4416 4455 4471 4472 4488 4509 4556 4558 4573 4583 4591 4606 4611 4623 4631 4638 4661 4675 4689 4697 4703 4709 4725 4765 4792 4799 4802 4816 4852 4853 4863 4871 4872 4899 4932 4962 4964 4969 4970 4975 4981 5024 5034 5047 5076 5098 5099 5152 5191 5363 5490 5605 6944 
	}
	weather={
		period={
			between={ 0.0 27.11 }
			temperature={ -10.0 35.0 }
			temperature_day_night={ 2.0 -2.0 }
			no_phenomenon=1.500
			rain_light=0.250
			rain_heavy=0.100
			snow=0.000
			blizzard=0.000
			arctic_water=0.000
			mud=0.000
			sandstorm=0.000
			min_snow_level=0.000
		}
	}
}
