
strategic_region={
	id=112
	name="STRATEGICREGION_112"
	provinces={
		1075 3006 3045 3105 3133 3192 3218 3275 3284 3285 3302 3329 3361 3364 3371 3399 3407 3426 3440 3454 3463 3488 3490 3491 3497 3520 3535 3536 3560 3578 3579 3601 3602 3606 3613 3614 3622 3623 3629 3630 3640 3653 3670 3675 3679 3685 3689 3693 3694 3698 3712 3719 3720 3725 3726 3727 3733 3752 3762 3764 3765 3768 3769 3776 3782 3786 3787 3788 3791 3798 3799 3811 3830 3834 3835 3837 3838 3843 3855 3862 3867 3868 3872 3880 3887 3890 3893 3898 3899 3906 3923 3924 3930 3940 3950 3954 3955 3967 3969 3980 3981 4001 4018 4019 4020 4025 4026 4032 4048 4063 4072 4086 4090 4091 4095 4096 4119 4121 4126 4133 4136 4169 4177 4187 4193 4194 4195 4205 4210 4225 4245 4246 4265 4280 4281 4297 4323 4371 4372 4394 4434 4439 4443 4464 4479 
	}
	weather={
	}
}
