
strategic_region={
	id=113
	name="STRATEGICREGION_113"
	provinces={
		580 596 597 630 635 649 659 671 688 690 700 707 717 727 731 733 745 748 760 765 767 769 783 784 785 795 796 807 833 841 843 847 851 855 866 867 871 878 891 892 914 915 921 924 927 928 947 953 956 960 961 968 976 978 993 994 995 1010 1011 1016 1022 1026 1030 1057 1058 1068 1078 1079 1080 1099 1100 1102 1110 1111 1121 1138 1155 1158 1165 1167 1168 1171 1174 1175 1178 1179 1189 1211 1230 1231 1232 1249 1250 1254 1255 1264 1270 1281 1288 1294 1300 1301 1326 1329 1330 1335 1336 1340 1356 1357 1358 1367 1374 1377 1378 1382 1407 1424 1453 1468 1488 1498 
	}
	weather={
		period={
			between={ 0.0 27.11 }
			temperature={ -10.0 35.0 }
			temperature_day_night={ 2.0 -2.0 }
			no_phenomenon=1.500
			rain_light=0.250
			rain_heavy=0.100
			snow=0.000
			blizzard=0.000
			arctic_water=0.000
			mud=0.000
			sandstorm=0.000
			min_snow_level=0.000
		}
	}
}
