
strategic_region={
	id=117
	name="STRATEGICREGION_117"
	provinces={
		2968 3022 3049 3050 3078 3106 3123 3124 3130 3136 3149 3158 3183 3208 3211 3219 3220 3226 3227 3236 3264 3265 3272 3276 3294 3295 3298 3299 3303 3310 3311 3316 3323 3325 3348 3349 3354 3356 3357 3362 3363 3365 3366 3367 3380 3386 3387 3391 3400 3404 3419 3421 3427 3430 3431 3434 3435 3441 3442 3448 3458 3459 3460 3465 3470 3471 3472 3473 3476 3477 3478 3482 3484 3485 3503 3507 3513 3525 3530 3537 3538 3539 3544 3545 3548 3550 3555 3561 3562 3567 3568 3569 3580 3591 3595 3596 3603 3604 3607 3608 3615 3631 3632 3636 3654 3655 3662 3663 3671 3676 3686 3706 3716 3717 3718 3728 3729 3734 3735 3770 3777 3789 
	}
	weather={
	}
}
