
strategic_region={
	id=118
	name="STRATEGICREGION_118"
	provinces={
		2207 2215 2223 2252 2278 2299 2307 2321 2337 2363 2364 2379 2380 2390 2395 2396 2403 2415 2426 2430 2435 2454 2467 2478 2490 2491 2498 2533 2534 2554 2555 2580 2581 2582 2595 2601 2602 2608 2622 2623 2658 2685 2686 2690 2699 2700 2701 2704 2705 2706 2726 2731 2738 2757 2761 2765 2785 2786 2790 2791 2799 2804 2812 2821 2840 2844 2845 2854 2855 2872 2878 2887 2900 2907 2908 2913 2928 2951 2952 2953 2969 2970 2971 2978 2983 2991 3001 3007 3023 3025 3029 3030 3038 3062 3085 3086 3107 3116 3117 3128 3129 3131 3137 3184 3193 3206 3207 3235 3251 3252 
	}
	weather={
		period={
			between={ 0.0 27.11 }
			temperature={ -10.0 35.0 }
			temperature_day_night={ 2.0 -2.0 }
			no_phenomenon=1.500
			rain_light=0.250
			rain_heavy=0.100
			snow=0.000
			blizzard=0.000
			arctic_water=0.000
			mud=0.000
			sandstorm=0.000
			min_snow_level=0.000
		}
	}
}
