
strategic_region={
	id=119
	name="STRATEGICREGION_119"
	provinces={
		1286 1304 1320 1325 1345 1404 1405 1420 1421 1431 1440 1441 1442 1443 1466 1478 1480 1481 1504 1506 1507 1512 1513 1524 1525 1526 1533 1535 1552 1553 1556 1557 1563 1581 1582 1588 1601 1603 1604 1609 1612 1619 1623 1624 1632 1633 1648 1651 1656 1663 1670 1675 1676 1684 1689 1690 1709 1712 1713 1720 1727 1728 1736 1737 1741 1749 1753 1754 1755 1762 1764 1773 1778 1785 1790 1805 1806 1808 1812 1813 1828 1831 1834 1840 1842 1847 1848 1852 1856 1860 1863 1864 1867 1878 1879 1886 1892 1904 1908 1909 1919 1920 1921 1929 1932 1942 1947 1952 1970 1973 1984 1985 1999 2002 2024 2035 2039 2040 2041 2047 2089 2098 2103 2129 2179 2180 2234 2266 2286 2374 
	}
	weather={
		period={
			between={ 0.0 27.11 }
			temperature={ -10.0 35.0 }
			temperature_day_night={ 2.0 -2.0 }
			no_phenomenon=1.500
			rain_light=0.250
			rain_heavy=0.100
			snow=0.000
			blizzard=0.000
			arctic_water=0.000
			mud=0.000
			sandstorm=0.000
			min_snow_level=0.000
		}
	}
}
