
strategic_region={
	id=120
	name="STRATEGICREGION_120"
	provinces={
		1210 1221 1229 1238 1239 1247 1248 1258 1262 1274 1279 1287 1312 1321 1324 1334 1347 1348 1349 1354 1355 1361 1366 1368 1381 1393 1394 1400 1406 1410 1413 1422 1423 1435 1452 1455 1456 1457 1458 1460 1461 1467 1473 1482 1487 1490 1491 1496 1497 1501 1517 1518 1536 1538 1539 1547 1564 1574 1576 1589 1596 1597 1605 1627 1643 1657 1680 1681 1698 1706 1714 1715 1739 1788 1795 1807 1814 1822 1868 1883 1924 1933 2004 2110 2176 2254 3352 7017 7018 
	}
	weather={
		period={
			between={ 0.0 27.11 }
			temperature={ -10.0 35.0 }
			temperature_day_night={ 2.0 -2.0 }
			no_phenomenon=1.500
			rain_light=0.250
			rain_heavy=0.100
			snow=0.000
			blizzard=0.000
			arctic_water=0.000
			mud=0.000
			sandstorm=0.000
			min_snow_level=0.000
		}
	}
}
