
strategic_region={
	id=121
	name="STRATEGICREGION_121"
	provinces={
		1120 1205 1875 1882 1905 1940 1943 1953 1974 1993 2003 2013 2036 2059 2084 2101 2121 2125 2130 2131 2192 2199 2206 2214 2240 2247 2271 2302 2331 2343 2362 2371 2375 2376 2378 2419 2429 2438 2439 2493 2503 2529 2530 2531 2546 2547 2569 2570 2607 2630 2657 2671 2672 2694 2695 2711 2737 2744 2745 2760 2764 2773 2789 2803 2811 2820 2827 2834 2839 2863 2865 2866 2898 2899 2906 2924 2925 2940 2982 3000 3010 3016 3028 3037 3082 3084 3096 3182 3204 3205 3225 3234 3241 3293 3309 3322 3379 3398 3406 3411 3447 3506 4303 
	}
	weather={
	}
}
