
strategic_region={
	id=122
	name="STRATEGICREGION_122"
	provinces={
		1075 2221 2314 2344 2466 2504 2514 2543 2607 2657 2661 2662 2745 2802 2811 2828 2834 2839 2864 2890 2895 2925 2945 2968 3006 3016 3022 3028 3045 3049 3050 3105 3106 3123 3124 3133 3136 3158 3183 3192 3211 3218 3219 3226 3264 3275 3284 3285 3298 3302 3303 3316 3329 3356 3361 3362 3364 3371 3380 3391 3399 3400 3407 3426 3440 3441 3448 3454 3458 3459 3482 3490 3491 3497 3513 3520 3548 3550 3560 3578 3579 3602 3606 3607 3608 3614 3622 3623 3630 3671 3675 3689 3694 3698 3712 3765 3788 3791 3843 3868 3924 3975 4031 
	}
	weather={
	}
}
