
strategic_region={
	id=42
	name="STRATEGICREGION_42"
	provinces={
		4746 4771 4847 4855 4862 4911 4924 4930 4945 4954 4974 4991 4996 5007 5032 5039 5040 5060 5066 5095 5101 5111 5112 5119 5120 5155 5161 5172 5183 5190 5195 5199 5210 5220 5222 5223 5228 5237 5253 5261 5275 5279 5291 5296 5297 5304 5312 5313 5325 5330 5361 5366 5368 5373 5386 5392 5397 5398 5399 5407 5426 5427 5445 5450 5477 5478 5494 5500 5501 5502 5519 5520 5526 5536 5540 5546 5555 5574 5610 5611 
	}
	weather={
		period={
			between={ 0.0 27.11 }
			temperature={ -10.0 35.0 }
			temperature_day_night={ 2.0 -2.0 }
			no_phenomenon=1.500
			rain_light=0.250
			rain_heavy=0.100
			snow=0.000
			blizzard=0.000
			arctic_water=0.000
			mud=0.000
			sandstorm=0.000
			min_snow_level=0.000
		}
	}
}
