
strategic_region={
	id=43
	name="STRATEGICREGION_43"
	provinces={
		2843 2849 2876 2943 3019 3047 3048 3055 3075 3120 3127 3145 3167 3168 3169 3176 3197 3222 3231 3239 3240 3246 3247 3269 3270 3274 3291 3327 3331 3332 3337 3338 3346 3359 3377 3378 3390 3394 3395 3415 3424 3425 3439 3457 3486 3487 3495 3511 3516 3531 3541 3546 3553 3558 3587 3588 3627 3628 3637 3638 3645 3646 3658 3673 3683 3713 3714 3715 3738 3739 3740 3741 3751 3785 3795 3809 3810 3814 3819 3823 3829 3841 3848 3859 3875 3879 3904 3905 3916 3917 3937 3942 3958 3959 3972 3986 3999 4000 4006 4029 4087 4088 4147 4164 4167 4191 4301 4325 4399 
	}
	weather={
		period={
			between={ 0.0 27.11 }
			temperature={ -10.0 35.0 }
			temperature_day_night={ 2.0 -2.0 }
			no_phenomenon=1.500
			rain_light=0.250
			rain_heavy=0.100
			snow=0.000
			blizzard=0.000
			arctic_water=0.000
			mud=0.000
			sandstorm=0.000
			min_snow_level=0.000
		}
	}
}
