
strategic_region={
	id=44
	name="STRATEGICREGION_44"
	provinces={
		3973 4007 4039 4064 4071 4079 4084 4089 4099 4125 4148 4156 4157 4174 4192 4243 4269 4276 4287 4318 4332 4337 4366 4381 4400 4410 4432 4442 4450 4466 4467 4481 4484 4491 4513 4514 4547 4555 4557 4563 4566 4577 4594 4598 4610 4614 4617 4624 4628 4629 4651 4657 4658 4674 4679 4686 4692 4705 4716 4719 4720 4736 4737 4741 4747 4761 4775 4782 4783 4791 4797 4815 4818 4819 4827 4828 4836 4857 4869 4882 4902 4909 4921 4925 4941 4967 4992 4998 4999 5011 5016 5050 5051 7025 
	}
	weather={
		period={
			between={ 0.0 27.11 }
			temperature={ -10.0 35.0 }
			temperature_day_night={ 2.0 -2.0 }
			no_phenomenon=1.500
			rain_light=0.250
			rain_heavy=0.100
			snow=0.000
			blizzard=0.000
			arctic_water=0.000
			mud=0.000
			sandstorm=0.000
			min_snow_level=0.000
		}
	}
}
