
strategic_region={
	id=45
	name="STRATEGICREGION_45"
	provinces={
		4678 4701 4714 4727 4740 4752 4758 4772 4805 4811 4812 4832 4840 4856 4868 4875 4881 4886 4908 4912 4935 4940 4949 4958 4960 4978 4984 4997 5002 5003 5017 5023 5041 5063 5067 5068 5069 5070 5083 5090 5096 5102 5121 5125 5130 5139 5142 5156 5165 5173 5185 5186 5200 5201 5217 5229 5238 5242 5276 5277 5280 5281 5292 5302 5314 5315 5326 5340 5347 5355 5374 5393 5408 5413 5419 5436 5451 5456 5457 5465 5475 5495 5514 5515 5541 5547 5551 5571 5575 5576 5591 5621 5655 5663 5693 5714 5741 5828 7021 
	}
	weather={
	}
}
