
strategic_region={
	id=47
	name="STRATEGICREGION_47"
	provinces={
		3215 3416 3420 3467 3522 3532 3547 3574 3589 3612 3618 3619 3661 3667 3678 3691 3705 3724 3767 3773 3774 3780 3797 3802 3854 3860 3861 3885 3886 3921 3935 3987 3993 3994 4040 4052 4061 4085 4140 4149 4150 4175 4183 4202 4214 4232 4258 4270 4271 4272 4288 4289 4321 4326 4327 4359 4367 4377 4382 4387 4388 4392 4402 4445 4461 4468 4469 4470 4492 4503 4520 4529 4530 4531 4537 4539 4548 4589 4599 4603 4620 4621 4630 4633 4644 4665 4680 4685 4695 4696 4702 4717 4742 4753 4759 4762 4777 4806 4820 4829 4839 4848 4898 4914 4931 4968 5004 5012 5018 5062 5064 5075 5097 5129 5136 5154 5178 5196 
	}
	weather={
	}
}
