
strategic_region={
	id=50
	name="STRATEGICREGION_50"
	provinces={
		5552 6123 6167 6173 6174 6222 6235 6236 6253 6254 6259 6287 6288 6315 6319 6336 6340 6347 6348 6351 6361 6370 6380 6381 6386 6387 6395 6400 6405 6409 6425 6426 6435 6444 6448 6449 6450 6454 6470 6472 6476 6477 6489 6490 6501 6502 6508 6512 6513 6514 6517 6522 6523 6524 6527 6534 6536 6548 6553 6554 6557 6558 6565 6566 6570 6571 6576 6579 6583 6586 6591 6598 6603 6604 6605 6613 6620 6627 6630 6631 6633 6644 6645 6655 6657 6662 6664 6666 6668 6670 6673 6681 6683 6684 6687 6692 6695 6696 6698 6717 6718 6719 6720 6722 6723 6726 6731 6733 6738 6744 6747 6758 6761 6762 6763 6764 6765 6773 6778 
	}
	weather={
		period={
			between={ 0.0 27.11 }
			temperature={ -10.0 35.0 }
			temperature_day_night={ 2.0 -2.0 }
			no_phenomenon=1.500
			rain_light=0.250
			rain_heavy=0.100
			snow=0.000
			blizzard=0.000
			arctic_water=0.000
			mud=0.000
			sandstorm=0.000
			min_snow_level=0.000
		}
	}
}
