
strategic_region={
	id=52
	name="STRATEGICREGION_52"
	provinces={
		5634 5643 5706 5784 5880 5931 5940 5974 6053 6057 6058 6119 6135 6137 6153 6214 6215 6219 6246 6249 6258 6266 6267 6303 6318 6325 6339 6345 6346 6350 6394 6399 6419 6433 6434 6437 6438 6465 6505 6511 6520 6521 6533 6540 6556 6578 6581 6585 6594 6597 6601 6602 6619 6625 6639 6643 6646 6647 6650 6654 6661 6669 6678 6686 6691 6699 6705 6710 6713 6714 6716 6732 6745 6750 6756 6772 6777 6779 6780 6781 6791 6793 6803 6807 6820 6829 6840 6843 6848 6856 6862 6873 6882 
	}
	weather={
	}
}
