
strategic_region={
	id=64
	name="STRATEGICREGION_64"
	provinces={
		52 72 87 95 119 120 143 151 162 163 174 177 178 183 203 206 221 226 231 239 240 252 264 265 289 298 303 319 322 323 338 350 354 359 363 367 375 384 388 396 409 418 421 427 429 446 449 463 464 471 478 479 487 488 498 507 518 519 531 533 539 544 546 549 554 577 578 583 585 586 592 599 611 617 620 622 626 638 650 653 660 661 662 669 672 680 691 692 694 695 701 702 721 732 737 749 750 753 755 756 770 786 788 792 804 805 809 811 835 836 844 846 848 857 858 869 876 879 901 916 923 936 937 941 950 955 963 970 973 988 989 998 1013 1020 1021 1024 1035 1036 1040 1048 1049 1060 1072 1073 1074 1104 1117 
	}
	weather={
		period={
			between={ 0.0 27.11 }
			temperature={ -10.0 35.0 }
			temperature_day_night={ 2.0 -2.0 }
			no_phenomenon=1.500
			rain_light=0.250
			rain_heavy=0.100
			snow=0.000
			blizzard=0.000
			arctic_water=0.000
			mud=0.000
			sandstorm=0.000
			min_snow_level=0.000
		}
	}
}
