
strategic_region={
	id=65
	name="STRATEGICREGION_65"
	provinces={
		1967 1972 1998 2005 2007 2018 2022 2023 2038 2049 2057 2058 2068 2077 2082 2083 2088 2102 2139 2140 2141 2144 2155 2156 2161 2171 2175 2178 2185 2188 2213 2228 2229 2230 2237 2241 2243 2244 2269 2270 2291 2303 2304 2324 2329 2340 2353 2358 2359 2370 2388 2394 2424 2434 2450 2455 2458 2463 2471 2472 2500 2519 2522 2528 2560 2577 2588 2589 2600 2606 2616 2620 2633 2647 2681 2682 2689 2697 2698 2725 2735 2748 2755 2771 2797 2817 2858 2862 2870 2948 2949 3014 3035 3041 3080 3121 3125 3155 3202 3232 3280 3301 3417 3453 3468 3527 3554 
	}
	weather={
		period={
			between={ 0.0 27.11 }
			temperature={ -10.0 35.0 }
			temperature_day_night={ 2.0 -2.0 }
			no_phenomenon=1.500
			rain_light=0.250
			rain_heavy=0.100
			snow=0.000
			blizzard=0.000
			arctic_water=0.000
			mud=0.000
			sandstorm=0.000
			min_snow_level=0.000
		}
	}
}
