
strategic_region={
	id=67
	name="STRATEGICREGION_67"
	provinces={
		3533 3559 3571 3572 3577 3635 3648 3650 3684 3692 3707 3710 3711 3731 3742 3754 3757 3775 3781 3805 3820 3827 3836 3842 3864 3865 3907 3908 3918 3929 3936 3979 4011 4024 4030 4047 4053 4062 4065 4112 4118 4137 4141 4151 4176 4184 4224 4227 4248 4264 4277 4278 4279 4302 4308 4309 4314 4317 4328 4346 4360 4363 4370 4383 4389 4393 4397 4414 4415 4425 4433 4438 4462 4482 4486 4487 4495 4515 4521 4532 4534 4542 4551 4564 4572 4595 4605 4615 4622 4666 4670 4682 4688 4748 4749 4764 4798 4833 4903 4937 5013 
	}
	weather={
		period={
			between={ 0.0 27.11 }
			temperature={ -10.0 35.0 }
			temperature_day_night={ 2.0 -2.0 }
			no_phenomenon=1.500
			rain_light=0.250
			rain_heavy=0.100
			snow=0.000
			blizzard=0.000
			arctic_water=0.000
			mud=0.000
			sandstorm=0.000
			min_snow_level=0.000
		}
	}
}
