
strategic_region={
	id=69
	name="STRATEGICREGION_69"
	provinces={
		720 823 831 849 870 883 889 918 925 931 958 975 991 1006 1014 1018 1027 1054 1066 1067 1085 1098 1118 1129 1130 1141 1142 1146 1152 1153 1160 1161 1170 1184 1188 1196 1206 1207 1208 1216 1234 1236 1242 1246 1257 1269 1272 1273 1276 1290 1293 1297 1303 1315 1316 1319 1339 1351 1363 1364 1365 1380 1390 1398 1403 1408 1438 1439 1450 1471 1477 1485 1486 1489 1516 1534 1542 1543 1549 1572 1586 1587 1608 1611 1618 1630 1642 1647 1655 1668 1669 1683 1686 1688 1726 1733 1735 1757 1761 1772 1800 1804 1820 1827 1830 1839 1850 1881 1897 1915 1918 1961 1968 1969 
	}
	weather={
	}
}
