
strategic_region={
	id=70
	name="STRATEGICREGION_70"
	provinces={
		6202 6229 6294 6311 6317 6329 6356 6366 6397 6439 6442 6461 6475 6498 6509 6515 6529 6543 6547 6551 6559 6560 6561 6577 6600 6606 6622 6624 6628 6640 6648 6652 6653 6656 6659 6660 6675 6676 6679 6685 6689 6693 6697 6703 6707 6712 6725 6737 6739 6749 6752 6754 6760 6766 6774 6790 6792 6799 6805 6810 6818 6819 6821 6824 6828 6832 6834 6841 6844 6849 6851 6863 6876 6878 6892 6909 6915 6919 6920 6921 6929 6939 6941 6948 6949 6952 6966 6967 6973 6992 6999 
	}
	weather={
	}
}
