
strategic_region={
	id=72
	name="STRATEGICREGION_72"
	provinces={
		5079 5093 5106 5109 5117 5147 5159 5170 5171 5197 5198 5209 5216 5227 5233 5236 5241 5246 5247 5248 5274 5288 5295 5301 5308 5311 5323 5324 5329 5336 5345 5346 5360 5364 5367 5379 5381 5385 5391 5406 5417 5418 5423 5424 5425 5431 5442 5443 5444 5470 5480 5493 5498 5499 5504 5505 5513 5525 5534 5535 5550 5561 5562 5582 5594 5595 5602 5608 5609 5620 5632 5633 5636 5638 5639 5650 5651 5671 5676 5677 5685 5687 5691 5692 5698 5699 5700 5705 5729 5730 5740 5744 5745 5750 5755 5762 5769 5775 5776 5783 5790 5795 5796 5797 5798 5803 5804 5809 5810 5811 5820 5850 5853 5854 5858 5862 5873 5877 5878 5879 5892 5898 5912 5917 5926 5935 5949 5954 5963 5978 5981 5994 6000 6005 6017 6020 6036 6077 6087 6110 6122 6184 6185 6239 
	}
	weather={
	}
}
