
strategic_region={
	id=73
	name="STRATEGICREGION_73"
	provinces={
		5969 5970 5990 5991 6016 6037 6045 6059 6064 6065 6078 6095 6107 6118 6133 6142 6152 6164 6170 6179 6192 6198 6203 6210 6211 6220 6231 6248 6251 6257 6265 6269 6273 6283 6284 6285 6296 6297 6302 6313 6314 6322 6323 6324 6330 6338 6357 6360 6369 6377 6378 6383 6385 6392 6393 6398 6403 6404 6414 6423 6431 6432 6446 6447 6452 6456 6457 6462 6463 6464 6468 6469 6471 6478 6488 6494 6495 6499 6504 6507 6510 6516 6518 6519 6531 6537 6538 6539 6544 6545 6552 6555 6563 6564 6580 6582 6589 6590 6593 6595 6596 6607 6608 6629 6636 6637 6638 6642 6649 6671 6672 6680 6682 6690 6708 
	}
	weather={
		period={
			between={ 0.0 27.11 }
			temperature={ -10.0 35.0 }
			temperature_day_night={ 2.0 -2.0 }
			no_phenomenon=1.500
			rain_light=0.250
			rain_heavy=0.100
			snow=0.000
			blizzard=0.000
			arctic_water=0.000
			mud=0.000
			sandstorm=0.000
			min_snow_level=0.000
		}
	}
}
