
strategic_region={
	id=74
	name="STRATEGICREGION_74"
	provinces={
		5619 5653 5690 5721 5728 5739 5752 5774 5779 5802 5819 5833 5837 5849 5852 5865 5876 5891 5902 5911 5953 5958 5980 5986 5987 5989 5999 6014 6022 6023 6030 6056 6075 6076 6081 6105 6106 6114 6125 6126 6131 6132 6151 6165 6166 6178 6189 6190 6191 6197 6230 6272 6277 6282 6295 6308 6312 6321 6344 6367 6368 6402 6408 6420 6430 6440 6483 6484 6485 6493 6535 6562 6568 6569 6611 6618 6671 6690 
	}
	weather={
		period={
			between={ 0.0 27.11 }
			temperature={ -10.0 35.0 }
			temperature_day_night={ 2.0 -2.0 }
			no_phenomenon=1.500
			rain_light=0.250
			rain_heavy=0.100
			snow=0.000
			blizzard=0.000
			arctic_water=0.000
			mud=0.000
			sandstorm=0.000
			min_snow_level=0.000
		}
	}
}
