
strategic_region={
	id=75
	name="STRATEGICREGION_75"
	provinces={
		2833 2965 4683 4774 4787 4807 4825 4864 4917 4938 4976 5058 5077 5103 5145 5150 5189 5204 5218 5221 5244 5267 5332 5333 5339 5342 5354 5371 5375 5404 5415 5438 5446 5467 5472 5479 5485 5497 5503 5509 5512 5521 5522 5565 5566 5568 5569 5588 5598 5603 5613 5614 5644 5645 5652 5684 5686 5719 5737 5747 5748 5749 5758 5778 5782 5792 5816 5817 5824 5831 5832 5836 5856 5867 5872 5888 5894 5920 5922 5923 5939 5945 5959 5960 5973 5996 5997 6007 6008 6010 6021 6041 6042 6070 6099 6102 6113 6129 6134 6147 6149 6159 6177 6180 6201 6207 6217 6226 6227 6242 6243 6260 6262 6270 6271 6275 6276 6281 6290 6291 6292 6306 6316 6320 6337 6343 6355 6359 6363 6364 6372 6373 6388 6389 6401 6407 6413 6428 6429 6443 6455 6466 6481 6542 6587 6610 6935 6998 7015 
	}
	weather={
		period={
			between={ 0.0 27.11 }
			temperature={ -10.0 35.0 }
			temperature_day_night={ 2.0 -2.0 }
			no_phenomenon=1.500
			rain_light=0.250
			rain_heavy=0.100
			snow=0.000
			blizzard=0.000
			arctic_water=0.000
			mud=0.000
			sandstorm=0.000
			min_snow_level=0.000
		}
	}
}
