
strategic_region={
	id=76
	name="STRATEGICREGION_76"
	provinces={
		2833 5895 6187 6417 6436 6441 6455 6491 6496 6503 6542 6550 6567 6574 6577 6587 6588 6592 6606 6610 6640 6651 6663 6679 6697 6702 6707 6725 6734 6736 6770 6795 6801 6805 6809 6817 6818 6828 6831 6841 6844 6858 6859 6866 6869 6874 6878 6883 6888 6893 6897 6909 6915 6918 6920 6921 6924 6926 6931 6936 6938 6943 6950 6952 6962 6963 6964 6966 6970 6973 6978 6981 6982 6984 6991 6993 6997 6999 7000 
	}
	weather={
		period={
			between={ 0.0 27.11 }
			temperature={ -15.0 10.0 }
			temperature_day_night={ 2.0 -2.0 }
			no_phenomenon=0.000
			rain_light=0.250
			rain_heavy=0.100
			snow=1.000
			blizzard=0.200
			arctic_water=0.000
			mud=0.000
			sandstorm=0.000
			min_snow_level=0.000
		}
	}
}
