
strategic_region={
	id=78
	name="STRATEGICREGION_78"
	provinces={
		3244 3344 3376 3382 3385 3405 3436 3449 3466 3493 3494 3508 3509 3551 3565 3576 3581 3582 3624 3652 3660 3677 3682 3696 3723 3744 3759 3766 3771 3801 3806 3817 3825 3845 3846 3876 3877 3883 3884 3901 3920 3926 3944 3948 3978 3983 3989 4004 4010 4044 4057 4076 4082 4093 4110 4111 4130 4171 4186 4206 4218 4219 4253 4283 4284 4285 4310 4320 4347 4361 4364 4365 4385 4435 4483 4560 
	}
	weather={
		period={
			between={ 0.0 27.11 }
			temperature={ -10.0 35.0 }
			temperature_day_night={ 2.0 -2.0 }
			no_phenomenon=1.500
			rain_light=0.250
			rain_heavy=0.100
			snow=0.000
			blizzard=0.000
			arctic_water=0.000
			mud=0.000
			sandstorm=0.000
			min_snow_level=0.000
		}
	}
}
