
strategic_region={
	id=79
	name="STRATEGICREGION_79"
	provinces={
		3557 3617 3641 3644 3722 3730 3732 3736 3747 3784 3816 3839 3840 3853 3891 3896 3910 3914 3925 3943 3963 3964 3977 4015 4016 4055 4056 4067 4073 4074 4092 4109 4129 4144 4153 4160 4165 4170 4188 4200 4221 4229 4247 4251 4252 4268 4273 4274 4294 4295 4300 4329 4341 4348 4349 4357 4374 4384 4398 4404 4413 4421 4422 4444 4452 4456 4465 4474 4475 4480 4497 4498 4522 4525 4535 4538 4543 4544 4575 4576 4578 4600 4618 4632 4645 4655 4698 4982 
	}
	weather={
	}
}
