
strategic_region={
	id=80
	name="STRATEGICREGION_80"
	provinces={
		2373 2408 2462 2481 2510 2521 2571 2598 2613 2619 2678 2688 2692 2713 2759 2770 2776 2777 2778 2805 2806 2814 2837 2857 2861 2883 2888 2892 2909 2916 2927 2930 2942 2946 2958 2959 2975 2985 2989 3012 3013 3031 3032 3033 3034 3054 3069 3073 3087 3088 3089 3094 3119 3138 3143 3163 3164 3165 3175 3179 3199 3221 3228 3229 3230 3255 3258 3268 3296 3305 3324 3330 3343 3369 3373 3374 3381 3423 3444 3445 3456 3479 3500 3504 3521 3564 3573 3575 
	}
	weather={
		period={
			between={ 0.0 27.11 }
			temperature={ -10.0 35.0 }
			temperature_day_night={ 2.0 -2.0 }
			no_phenomenon=1.500
			rain_light=0.250
			rain_heavy=0.100
			snow=0.000
			blizzard=0.000
			arctic_water=0.000
			mud=0.000
			sandstorm=0.000
			min_snow_level=0.000
		}
	}
}
