
strategic_region={
	id=81
	name="STRATEGICREGION_81"
	provinces={
		2076 2080 2106 2107 2108 2114 2137 2153 2167 2169 2177 2183 2191 2203 2204 2209 2210 2216 2217 2226 2251 2259 2284 2289 2290 2296 2297 2300 2310 2311 2319 2323 2327 2334 2346 2351 2357 2384 2393 2405 2406 2407 2412 2413 2417 2421 2422 2428 2436 2448 2460 2461 2470 2474 2479 2480 2495 2506 2507 2508 2509 2513 2515 2516 2526 2527 2536 2537 2550 2559 2561 2567 2574 2575 2576 2583 2584 2591 2597 2603 2612 2615 2626 2627 2636 2645 2653 2660 2670 2675 2676 2677 2687 2723 2724 2728 2729 2733 2740 2752 2758 2767 2801 2813 2825 2868 2891 2914 2957 
	}
	weather={
		period={
			between={ 0.0 27.11 }
			temperature={ -10.0 35.0 }
			temperature_day_night={ 2.0 -2.0 }
			no_phenomenon=1.500
			rain_light=0.250
			rain_heavy=0.100
			snow=0.000
			blizzard=0.000
			arctic_water=0.000
			mud=0.000
			sandstorm=0.000
			min_snow_level=0.000
		}
	}
}
