
strategic_region={
	id=84
	name="STRATEGICREGION_84"
	provinces={
		4401 4418 4427 4430 4499 4505 4524 4533 4568 4569 4597 4602 4604 4639 4663 4684 4690 4731 4751 4756 4757 4767 4768 4780 4788 4796 4801 4804 4814 4831 4843 4844 4845 4874 4885 4889 4890 4891 4901 4920 4923 4928 4933 4943 4947 4953 4965 4985 4993 4994 5005 5009 5010 5022 5025 5026 5030 5031 5037 5043 5048 5054 5055 5078 5085 5086 5087 5088 5092 5105 5110 5116 5123 5128 5135 5138 5140 5146 5153 5163 5168 5176 5182 5184 5193 5207 5208 5215 5219 5226 5235 5245 5252 5257 5258 5259 5269 5270 5272 5273 5287 5290 5322 5328 5335 5343 5344 5356 5357 5372 5378 5383 5384 5389 5390 5405 5416 5430 5435 5441 5447 5449 5455 5464 5468 5469 5473 5474 5487 5488 5491 5492 5518 5524 5529 5533 5539 5549 5553 5560 5570 5585 5586 5587 5589 5593 5607 5616 5630 5631 5642 5648 5649 5658 5659 5670 5675 5697 5713 5720 5754 5759 5843 
	}
	weather={
		period={
			between={ 0.0 27.11 }
			temperature={ -10.0 35.0 }
			temperature_day_night={ 2.0 -2.0 }
			no_phenomenon=1.500
			rain_light=0.250
			rain_heavy=0.100
			snow=0.000
			blizzard=0.000
			arctic_water=0.000
			mud=0.000
			sandstorm=0.000
			min_snow_level=0.000
		}
	}
}
