
strategic_region={
	id=85
	name="STRATEGICREGION_85"
	provinces={
		3318 5460 5486 5489 5517 5523 5531 5538 5548 5559 5580 5581 5592 5601 5604 5615 5625 5626 5635 5637 5647 5661 5662 5674 5689 5696 5703 5704 5710 5711 5712 5738 5743 5751 5761 5765 5766 5767 5768 5777 5788 5793 5794 5801 5808 5818 5825 5826 5827 5839 5842 5848 5857 5860 5861 5864 5868 5869 5874 5875 5889 5890 5896 5897 5901 5910 5915 5916 5924 5925 5930 5934 5946 5947 5948 5950 5957 5961 5962 5968 5977 5983 5984 5985 5988 5992 5993 5998 6003 6004 6011 6012 6013 6035 6039 6040 6043 6044 6048 6050 6054 6061 6062 6063 6071 6072 6083 6084 6085 6086 6093 6094 6100 6103 6104 6117 6121 6130 6139 6140 6141 6145 6148 6150 6160 6161 6168 6169 6181 6188 6196 6208 6209 6218 6228 6238 6244 6245 6250 6263 6264 6268 6293 6301 6310 6328 6332 6333 6334 6335 6365 6374 6375 6376 6382 6390 6391 6418 6445 6460 6467 6474 6497 6528 6546 6575 7019 
	}
	weather={
		period={
			between={ 0.0 27.11 }
			temperature={ -10.0 35.0 }
			temperature_day_night={ 2.0 -2.0 }
			no_phenomenon=1.500
			rain_light=0.250
			rain_heavy=0.100
			snow=0.000
			blizzard=0.000
			arctic_water=0.000
			mud=0.000
			sandstorm=0.000
			min_snow_level=0.000
		}
	}
}
