
strategic_region={
	id=86
	name="STRATEGICREGION_86"
	provinces={
		746 901 950 970 973 989 1035 1036 1049 1073 1074 1117 1151 1172 1177 1200 1203 1259 1285 1305 1310 1332 1371 1372 1389 1445 1446 1474 1509 1521 1523 1529 1592 1600 1614 1615 1646 1654 1660 1687 1697 1704 1756 1758 1776 1799 1802 1825 1833 1865 1873 1874 1877 1902 1934 1935 1941 1951 1971 1991 2001 2010 2034 2044 2064 2087 2094 2118 2151 2152 2166 2182 2197 2202 2233 2242 2280 2281 2287 2288 2322 2345 2350 2355 2411 2446 2512 2520 2610 2624 2625 2659 2718 2739 2747 
	}
	weather={
		period={
			between={ 0.0 27.11 }
			temperature={ -10.0 35.0 }
			temperature_day_night={ 2.0 -2.0 }
			no_phenomenon=1.500
			rain_light=0.250
			rain_heavy=0.100
			snow=0.000
			blizzard=0.000
			arctic_water=0.000
			mud=0.000
			sandstorm=0.000
			min_snow_level=0.000
		}
	}
}
