
strategic_region={
	id=87
	name="STRATEGICREGION_87"
	provinces={
		2109 2120 2198 2239 2265 2292 2305 2306 2341 2342 2354 2361 2368 2382 2389 2409 2418 2425 2437 2452 2453 2464 2465 2485 2489 2511 2523 2541 2542 2562 2579 2586 2590 2594 2628 2629 2649 2656 2665 2666 2703 2714 2721 2756 2763 2772 2784 2798 2810 2818 2819 2830 2831 2886 2893 2897 2904 2905 2912 2922 2923 2932 2950 2960 2961 2966 2993 2999 3009 3020 3036 3042 3061 3095 3111 3112 3113 3122 3171 3203 3223 3224 3292 3320 
	}
	weather={
	}
}
