
strategic_region={
	id=90
	name="STRATEGICREGION_90"
	provinces={
		144 155 156 158 159 168 180 181 190 192 193 194 197 202 205 207 208 211 213 215 220 224 225 233 235 236 246 247 250 251 256 258 259 261 262 263 272 278 281 282 285 292 293 294 295 302 311 312 313 314 318 326 327 328 331 332 340 342 343 344 345 349 352 353 357 362 371 372 379 380 383 393 394 398 399 400 405 408 417 426 428 434 438 445 452 453 455 456 477 486 489 493 494 496 508 523 530 536 556 559 562 569 571 582 600 601 615 619 633 637 647 651 663 683 684 685 711 712 716 725 726 747 754 759 762 771 772 782 791 794 810 816 824 850 862 874 890 894 982 
	}
	weather={
		period={
			between={ 0.0 27.11 }
			temperature={ -10.0 35.0 }
			temperature_day_night={ 2.0 -2.0 }
			no_phenomenon=1.500
			rain_light=0.250
			rain_heavy=0.100
			snow=0.000
			blizzard=0.000
			arctic_water=0.000
			mud=0.000
			sandstorm=0.000
			min_snow_level=0.000
		}
	}
}
