
strategic_region={
	id=91
	name="STRATEGICREGION_91"
	provinces={
		325 329 330 336 348 361 378 382 386 407 416 436 441 454 461 462 468 475 485 500 510 516 521 522 529 541 543 545 551 552 570 575 589 594 606 607 609 610 614 621 656 657 670 676 677 678 681 682 705 706 724 736 739 741 743 752 757 758 766 774 775 779 780 793 813 814 815 822 830 837 838 873 882 886 887 888 904 917 919 944 990 1004 1005 1065 1094 1097 1106 1447 7016 
	}
	weather={
		period={
			between={ 0.0 27.11 }
			temperature={ -10.0 35.0 }
			temperature_day_night={ 2.0 -2.0 }
			no_phenomenon=1.500
			rain_light=0.250
			rain_heavy=0.100
			snow=0.000
			blizzard=0.000
			arctic_water=0.000
			mud=0.000
			sandstorm=0.000
			min_snow_level=0.000
		}
	}
}
