
strategic_region={
	id=66
	name="STRATEGICREGION_66"
	provinces={
		2238 2245 2246 2264 2330 2347 2360 2366 2367 2414 2451 2456 2482 2483 2484 2496 2501 2502 2539 2540 2553 2568 2578 2593 2617 2621 2634 2638 2639 2683 2684 2709 2710 2736 2741 2742 2743 2749 2750 2769 2782 2783 2809 2838 2850 2859 2871 2877 2885 2889 2903 2911 2920 2921 2964 2977 2986 2987 2992 2998 3015 3059 3060 3070 3076 3077 3081 3091 3101 3102 3141 3147 3148 3156 3170 3177 3180 3181 3186 3190 3248 3261 3283 3307 3313 3314 3339 3347 3383 3418 3429 
	}
	weather={
	}
}
