object={
	name="bush_01_generator_2_0"
	clamp_to_water_level=no
	render_under_water=no
	generated_content=yes
	layer="semidynamic_high"
	pdxmesh="tree_bush_01_mesh"
	count=3
	transform="2927.868652 0.000000 3493.957764 0.000000 0.618814 0.000000 0.785537 0.114263 0.114263 0.114263
2921.322754 0.000000 3493.822510 0.000000 0.931763 0.000000 0.363068 0.112934 0.112934 0.112934
2925.747070 0.000000 3494.238525 0.000000 0.654205 0.000000 0.756318 0.133508 0.133508 0.133508
"}
object={
	name="bush_01_generator_2_1"
	clamp_to_water_level=no
	render_under_water=no
	generated_content=yes
	layer="semidynamic_high"
	pdxmesh="tree_bush_02_mesh"
	count=4
	transform="2926.671387 0.000000 3492.001465 0.000000 0.119503 0.000000 -0.992834 0.123081 0.123081 0.123081
2920.388184 0.000000 3495.548584 0.000000 0.609423 0.000000 -0.792845 0.117039 0.117039 0.117039
2925.470459 0.000000 3492.831299 0.000000 0.440731 0.000000 -0.897639 0.136903 0.136903 0.136903
2923.551025 0.000000 3495.254150 0.000000 0.376056 0.000000 -0.926597 0.200569 0.200569 0.200569
"}
