object={
	name="bush_02_generator_2_0"
	clamp_to_water_level=no
	render_under_water=no
	generated_content=yes
	layer="semidynamic_high"
	pdxmesh="tree_bush_03_mesh"
	count=8
	transform="573.252319 0.000000 1140.113892 0.000000 0.755112 0.000000 0.655595 0.157673 0.157673 0.157673
572.125671 0.000000 1140.582031 0.000000 0.888394 0.000000 -0.459081 0.163794 0.163794 0.163794
570.650757 0.000000 1140.865479 0.000000 0.999943 0.000000 0.010670 0.156249 0.156249 0.156249
572.518066 0.000000 1143.010132 0.000000 0.999751 0.000000 -0.022300 0.200142 0.200142 0.200142
572.331787 0.000000 1142.108398 0.000000 0.938291 0.000000 0.345848 0.197752 0.197752 0.197752
570.915955 0.000000 1142.438599 0.000000 0.813170 0.000000 0.582027 0.196045 0.196045 0.196045
572.185974 0.000000 1143.748169 0.000000 0.696477 0.000000 0.717579 0.194905 0.194905 0.194905
573.569519 0.000000 1142.997681 0.000000 0.032422 0.000000 0.999474 0.190206 0.190206 0.190206
"}
object={
	name="bush_02_generator_2_1"
	clamp_to_water_level=no
	render_under_water=no
	generated_content=yes
	layer="semidynamic_high"
	pdxmesh="tree_bush_04_mesh"
	count=3
	transform="571.502258 0.000000 1141.684814 0.000000 0.589435 0.000000 -0.807815 0.160981 0.160981 0.160981
573.294678 0.000000 1145.202881 0.000000 0.249044 0.000000 -0.968492 0.199641 0.199641 0.199641
573.982239 0.000000 1141.212402 0.000000 0.768653 0.000000 -0.639666 0.164909 0.164909 0.164909
"}
