object={
	name="cypress_mediterranean_sparse_generator_3_0"
	clamp_to_water_level=no
	render_under_water=no
	generated_content=yes
	layer="semidynamic_high"
	pdxmesh="tree_cypress_mediterranean_02_mesh"
	count=34
	transform="7445.668945 0.000000 913.538879 0.000000 0.861916 0.000000 -0.507052 0.203518 0.203518 0.203518
7445.609863 0.000000 936.398987 0.000000 0.166377 0.000000 0.986062 0.203782 0.203782 0.203782
7443.350098 0.000000 906.103882 0.000000 0.922912 0.000000 -0.385011 0.221577 0.221577 0.221577
7446.696289 0.000000 940.064697 0.000000 0.917797 0.000000 0.397049 0.240051 0.240051 0.240051
7442.317871 0.000000 938.992737 0.000000 0.801367 0.000000 0.598174 0.245349 0.245349 0.245349
7447.759277 0.000000 912.168945 0.000000 0.305612 0.000000 0.952156 0.265992 0.265992 0.265992
7442.243652 0.000000 908.518433 0.000000 0.919677 0.000000 -0.392676 0.286381 0.286381 0.286381
7443.228027 0.000000 908.287537 0.000000 0.715282 0.000000 0.698836 0.268909 0.268909 0.268909
7442.564453 0.000000 940.842041 0.000000 0.855032 0.000000 0.518575 0.278072 0.278072 0.278072
7449.506836 0.000000 909.026794 0.000000 0.995603 0.000000 0.093670 0.286757 0.286757 0.286757
7443.247070 0.000000 941.599609 0.000000 0.767341 0.000000 0.641239 0.275723 0.275723 0.275723
7444.163574 0.000000 941.358032 0.000000 0.888056 0.000000 -0.459734 0.309123 0.309123 0.309123
7449.831055 0.000000 940.988098 0.000000 0.895068 0.000000 -0.445929 0.308828 0.308828 0.308828
7451.588867 0.000000 940.532776 0.000000 0.312986 0.000000 0.949758 0.278003 0.278003 0.278003
7445.793945 0.000000 940.395386 0.000000 0.114622 0.000000 0.993409 0.272194 0.272194 0.272194
7453.604980 0.000000 941.440735 0.000000 0.998678 0.000000 0.051410 0.299018 0.299018 0.299018
7444.539551 0.000000 939.123535 0.000000 0.463118 0.000000 0.886297 0.280461 0.280461 0.280461
7448.531250 0.000000 941.473633 0.000000 0.298795 0.000000 0.954317 0.275795 0.275795 0.275795
7445.570801 0.000000 938.765808 0.000000 0.990903 0.000000 0.134575 0.297579 0.297579 0.297579
7449.232910 0.000000 939.428589 0.000000 0.962944 0.000000 0.269700 0.294785 0.294785 0.294785
7453.767578 0.000000 940.123596 0.000000 0.792408 0.000000 0.609992 0.287470 0.287470 0.287470
7449.920410 0.000000 940.013000 0.000000 0.783810 0.000000 0.621001 0.287204 0.287204 0.287204
7464.688965 0.000000 984.634888 0.000000 0.937128 0.000000 -0.348985 0.212586 0.212586 0.212586
7453.325684 0.000000 964.709351 0.000000 0.946952 0.000000 -0.321376 0.231377 0.231377 0.231377
7454.425293 0.000000 967.118713 0.000000 0.993318 0.000000 0.115413 0.249357 0.249357 0.249357
7471.484375 0.000000 979.693481 0.000000 0.892776 0.000000 0.450502 0.235661 0.235661 0.235661
7455.628906 0.000000 963.365173 0.000000 0.956764 0.000000 -0.290866 0.294046 0.294046 0.294046
7479.095703 0.000000 966.494385 0.000000 0.648864 0.000000 0.760905 0.283485 0.283485 0.283485
7466.562012 0.000000 982.558472 0.000000 0.413785 0.000000 0.910374 0.278148 0.278148 0.278148
7455.473145 0.000000 965.889832 0.000000 0.919708 0.000000 0.392604 0.292294 0.292294 0.292294
7475.625977 0.000000 977.779236 0.000000 0.732641 0.000000 0.680615 0.286404 0.286404 0.286404
7472.334961 0.000000 979.664307 0.000000 0.788701 0.000000 0.614777 0.287355 0.287355 0.287355
7467.568848 0.000000 984.641785 0.000000 0.939977 0.000000 -0.341237 0.306651 0.306651 0.306651
7467.204590 0.000000 982.099792 0.000000 0.835214 0.000000 -0.549924 0.311121 0.311121 0.311121
"}
object={
	name="cypress_mediterranean_sparse_generator_3_1"
	clamp_to_water_level=no
	render_under_water=no
	generated_content=yes
	layer="semidynamic_high"
	pdxmesh="tree_cypress_mediterranean_01_mesh"
	count=14
	transform="7450.685059 0.000000 939.891357 0.000000 0.385112 0.000000 -0.922870 0.322450 0.322450 0.322450
7446.437012 0.000000 936.145081 0.000000 0.178958 0.000000 -0.983857 0.325366 0.325366 0.325366
7451.358398 0.000000 941.391174 0.000000 0.771282 0.000000 -0.636494 0.312118 0.312118 0.312118
7450.909668 0.000000 938.960510 0.000000 0.606627 0.000000 -0.794986 0.317551 0.317551 0.317551
7452.669922 0.000000 941.823975 0.000000 0.442681 0.000000 -0.896679 0.321242 0.321242 0.321242
7452.295410 0.000000 940.125793 0.000000 0.480919 0.000000 -0.876765 0.320418 0.320418 0.320418
7446.146973 0.000000 939.475098 0.000000 0.648915 0.000000 -0.760861 0.316513 0.316513 0.316513
7476.916016 0.000000 967.597412 0.000000 0.787898 0.000000 -0.615806 0.225642 0.225642 0.225642
7460.130371 0.000000 960.235291 0.000000 0.460114 0.000000 -0.887860 0.289677 0.289677 0.289677
7458.542969 0.000000 967.985046 0.000000 0.289366 0.000000 -0.957219 0.305139 0.305139 0.305139
7456.543945 0.000000 966.233643 0.000000 0.798999 0.000000 -0.601332 0.311162 0.311162 0.311162
7455.155762 0.000000 965.080750 0.000000 0.399734 0.000000 -0.916631 0.322146 0.322146 0.322146
7475.951172 0.000000 976.049011 0.000000 0.228306 0.000000 -0.973589 0.324346 0.324346 0.324346
7468.176758 0.000000 983.147095 0.000000 0.658309 0.000000 -0.752748 0.316276 0.316276 0.316276
"}
