object={
	name="cypress_mediterranean_sparse_generator_1_0"
	clamp_to_water_level=no
	render_under_water=no
	generated_content=yes
	layer="semidynamic"
	pdxmesh="tree_cypress_mediterranean_02_mesh"
	count=35
	transform="7446.478027 0.000000 938.643311 0.000000 0.989944 0.000000 0.141458 0.297289 0.297289 0.297289
7462.346680 0.000000 958.007690 0.000000 0.152392 0.000000 0.988320 0.272922 0.272922 0.272922
7442.230469 0.000000 941.785522 0.000000 0.859297 0.000000 0.511477 0.278200 0.278200 0.278200
7449.661133 0.000000 906.816223 0.000000 0.999321 0.000000 -0.036844 0.217397 0.217397 0.217397
7453.422852 0.000000 942.301819 0.000000 0.856776 0.000000 -0.515689 0.222240 0.222240 0.222240
7446.782715 0.000000 911.053345 0.000000 0.949313 0.000000 -0.314332 0.224966 0.224966 0.224966
7447.339844 0.000000 936.157471 0.000000 0.970252 0.000000 0.242099 0.295540 0.295540 0.295540
7447.935547 0.000000 940.805115 0.000000 0.999065 0.000000 -0.043239 0.245013 0.245013 0.245013
7443.576660 0.000000 939.201599 0.000000 0.915739 0.000000 0.401774 0.248046 0.248046 0.248046
7460.342285 0.000000 959.418640 0.000000 0.007933 0.000000 0.999969 0.266339 0.266339 0.266339
7462.819824 0.000000 956.001709 0.000000 0.873594 0.000000 0.486655 0.283383 0.283383 0.283383
7451.528320 0.000000 938.289185 0.000000 0.333713 0.000000 0.942675 0.276498 0.276498 0.276498
7448.332520 0.000000 938.954407 0.000000 0.739544 0.000000 0.673108 0.285898 0.285898 0.285898
7448.779785 0.000000 908.286560 0.000000 0.996624 0.000000 0.082107 0.286940 0.286940 0.286940
7442.929199 0.000000 909.224243 0.000000 0.440108 0.000000 0.897945 0.263844 0.263844 0.263844
7452.266602 0.000000 941.117188 0.000000 0.973264 0.000000 -0.229688 0.304426 0.304426 0.304426
7444.841797 0.000000 938.316101 0.000000 0.984704 0.000000 -0.174233 0.303141 0.303141 0.303141
7447.955566 0.000000 937.540588 0.000000 0.800787 0.000000 0.598949 0.288288 0.288288 0.288288
7449.172852 0.000000 940.264771 0.000000 0.955800 0.000000 -0.294017 0.305700 0.305700 0.305700
7478.173828 0.000000 966.418640 0.000000 0.827336 0.000000 0.561707 0.288609 0.288609 0.288609
7469.375000 0.000000 985.156067 0.000000 0.862661 0.000000 -0.505783 0.310128 0.310128 0.310128
7471.145508 0.000000 978.382202 0.000000 0.986913 0.000000 0.161255 0.238899 0.238899 0.238899
7466.288574 0.000000 983.382202 0.000000 0.875736 0.000000 -0.482790 0.309623 0.309623 0.309623
7454.608887 0.000000 965.774048 0.000000 0.405681 0.000000 0.914015 0.277978 0.277978 0.277978
7469.942871 0.000000 982.175232 0.000000 0.964702 0.000000 0.263345 0.294910 0.294910 0.294910
7472.914551 0.000000 977.417969 0.000000 0.995930 0.000000 0.090125 0.298276 0.298276 0.298276
7467.311523 0.000000 985.382141 0.000000 0.493884 0.000000 0.869528 0.279865 0.279865 0.279865
7467.960938 0.000000 982.336609 0.000000 0.998214 0.000000 -0.059734 0.301142 0.301142 0.301142
7454.725586 0.000000 963.826965 0.000000 0.997424 0.000000 -0.071724 0.290497 0.290497 0.290497
7474.516602 0.000000 976.265808 0.000000 0.893508 0.000000 0.449047 0.291542 0.291542 0.291542
7459.182129 0.000000 967.000732 0.000000 0.764197 0.000000 0.644983 0.274619 0.274619 0.274619
7460.990723 0.000000 960.919983 0.000000 0.444044 0.000000 0.896005 0.258527 0.258527 0.258527
7479.353516 0.000000 967.378174 0.000000 0.976964 0.000000 -0.213406 0.304107 0.304107 0.304107
7472.663086 0.000000 978.890320 0.000000 0.971600 0.000000 0.236629 0.295437 0.295437 0.295437
7468.992676 0.000000 983.135132 0.000000 0.787484 0.000000 0.616335 0.287317 0.287317 0.287317
"}
object={
	name="cypress_mediterranean_sparse_generator_1_1"
	clamp_to_water_level=no
	render_under_water=no
	generated_content=yes
	layer="semidynamic"
	pdxmesh="tree_cypress_mediterranean_01_mesh"
	count=12
	transform="7450.709961 0.000000 940.789917 0.000000 0.062880 0.000000 -0.998021 0.326483 0.326483 0.326483
7449.237793 0.000000 909.908875 0.000000 0.280832 0.000000 -0.959757 0.308504 0.308504 0.308504
7444.984863 0.000000 940.947998 0.000000 0.654159 0.000000 -0.756357 0.316381 0.316381 0.316381
7463.778320 0.000000 959.584961 0.000000 0.066065 0.000000 -0.997815 0.328737 0.328737 0.328737
7450.057129 0.000000 939.213135 0.000000 0.279512 0.000000 -0.960142 0.324590 0.324590 0.324590
7449.336426 0.000000 941.748291 0.000000 0.378840 0.000000 -0.925462 0.322579 0.322579 0.322579
7451.559082 0.000000 939.639343 0.000000 0.674967 0.000000 -0.737848 0.315849 0.315849 0.315849
7452.793945 0.000000 963.076172 0.000000 0.658707 0.000000 -0.752400 0.205932 0.205932 0.205932
7462.686523 0.000000 960.540161 0.000000 0.562489 0.000000 -0.826805 0.298579 0.298579 0.298579
7457.491699 0.000000 966.129639 0.000000 0.069792 0.000000 -0.997562 0.325968 0.325968 0.325968
7464.687988 0.000000 982.734985 0.000000 0.213590 0.000000 -0.976924 0.325889 0.325889 0.325889
7467.954590 0.000000 983.940430 0.000000 0.471768 0.000000 -0.881723 0.320617 0.320617 0.320617
"}
