object={
	name="cypress_dense_generator_1_0"
	clamp_to_water_level=no
	render_under_water=no
	generated_content=yes
	layer="semidynamic"
	pdxmesh="tree_cypress_001_mesh"
	count=435
	transform="1702.346802 0.000000 2031.210815 0.000000 0.971531 0.000000 0.236914 0.356135 0.356135 0.356135
1700.342041 0.000000 2032.621826 0.000000 0.983402 0.000000 0.181439 0.353848 0.353848 0.353848
1704.389160 0.000000 2030.583496 0.000000 0.777972 0.000000 0.628299 0.354715 0.354715 0.354715
1705.936401 0.000000 2030.049561 0.000000 0.039031 0.000000 0.999238 0.297896 0.297896 0.297896
1653.789307 0.000000 2076.881348 0.000000 0.089272 0.000000 0.996007 0.286829 0.286829 0.286829
1650.103760 0.000000 2081.770508 0.000000 0.956475 0.000000 0.291813 0.377378 0.377378 0.377378
1653.101318 0.000000 2078.762939 0.000000 0.994126 0.000000 0.108227 0.391716 0.391716 0.391716
1652.072754 0.000000 2081.940674 0.000000 0.735171 0.000000 0.677881 0.343096 0.343096 0.343096
1656.471802 0.000000 2073.893555 0.000000 0.193747 0.000000 0.981051 0.307604 0.307604 0.307604
1658.544556 0.000000 2130.344971 0.000000 0.646369 0.000000 0.763025 0.333691 0.333691 0.333691
1656.065796 0.000000 2115.284424 0.000000 0.290756 0.000000 0.956797 0.302538 0.302538 0.302538
1641.563477 0.000000 2116.412842 0.000000 0.997942 0.000000 0.064124 0.349930 0.349930 0.349930
1626.979858 0.000000 2131.754639 0.000000 0.393205 0.000000 0.919451 0.218509 0.218509 0.218509
1637.982422 0.000000 2140.183594 0.000000 0.950477 0.000000 0.310795 0.375857 0.375857 0.375857
1647.722534 0.000000 2134.241455 0.000000 0.926322 0.000000 0.376732 0.235365 0.235365 0.235365
1663.957886 0.000000 2110.820801 0.000000 0.093918 0.000000 0.995580 0.186912 0.186912 0.186912
1648.541992 0.000000 2112.507080 0.000000 0.988053 0.000000 0.154112 0.356304 0.356304 0.356304
1620.089478 0.000000 2134.738770 0.000000 0.385892 0.000000 0.922544 0.231864 0.231864 0.231864
1661.512329 0.000000 2089.947998 0.000000 0.106878 0.000000 0.994272 0.237924 0.237924 0.237924
1625.621582 0.000000 2137.796631 0.000000 0.203354 0.000000 0.979105 0.303652 0.303652 0.303652
1614.953247 0.000000 2143.893555 0.000000 0.845830 0.000000 0.533452 0.227365 0.227365 0.227365
1650.585205 0.000000 2117.816162 0.000000 0.231478 0.000000 0.972840 0.297845 0.297845 0.297845
1645.433838 0.000000 2119.651123 0.000000 0.773525 0.000000 0.633765 0.299650 0.299650 0.299650
1625.505737 0.000000 2143.693604 0.000000 0.855194 0.000000 0.518308 0.358375 0.358375 0.358375
1653.993896 0.000000 2111.208008 0.000000 0.319101 0.000000 0.947721 0.320676 0.320676 0.320676
1654.864258 0.000000 2144.920410 0.000000 0.913795 0.000000 0.406175 0.368047 0.368047 0.368047
1662.624390 0.000000 2098.741943 0.000000 0.772017 0.000000 0.635601 0.347381 0.347381 0.347381
1636.620605 0.000000 2136.630371 0.000000 0.120278 0.000000 0.992740 0.198435 0.198435 0.198435
1655.060669 0.000000 2131.521484 0.000000 0.934632 0.000000 0.355617 0.237828 0.237828 0.237828
1641.204712 0.000000 2126.483154 0.000000 0.931636 0.000000 0.363393 0.375302 0.375302 0.375302
1629.392090 0.000000 2134.595215 0.000000 0.972997 0.000000 0.230819 0.374948 0.374948 0.374948
1651.634155 0.000000 2132.649658 0.000000 0.976379 0.000000 0.216063 0.383743 0.383743 0.383743
1638.346802 0.000000 2144.179443 0.000000 0.962231 0.000000 0.272236 0.368375 0.368375 0.368375
1658.305298 0.000000 2133.903320 0.000000 0.355354 0.000000 0.934732 0.314511 0.314511 0.314511
1658.028442 0.000000 2103.020508 0.000000 0.750381 0.000000 0.661006 0.346683 0.346683 0.346683
1651.759033 0.000000 2121.286621 0.000000 0.858340 0.000000 0.513081 0.211655 0.211655 0.211655
1659.100830 0.000000 2100.014648 0.000000 0.572643 0.000000 0.819805 0.333778 0.333778 0.333778
1625.917236 0.000000 2134.687988 0.000000 0.909107 0.000000 0.416563 0.367713 0.367713 0.367713
1638.581177 0.000000 2125.046387 0.000000 0.998141 0.000000 0.060948 0.395341 0.395341 0.395341
1661.032837 0.000000 2112.109863 0.000000 0.893130 0.000000 0.449798 0.368552 0.368552 0.368552
1653.519043 0.000000 2116.547363 0.000000 0.327467 0.000000 0.944862 0.305487 0.305487 0.305487
1658.637329 0.000000 2116.855469 0.000000 0.985926 0.000000 0.167183 0.266093 0.266093 0.266093
1644.128052 0.000000 2117.363281 0.000000 0.880895 0.000000 0.473312 0.362334 0.362334 0.362334
1619.443848 0.000000 2139.841553 0.000000 0.666968 0.000000 0.745087 0.335778 0.335778 0.335778
1638.646362 0.000000 2122.079102 0.000000 0.116835 0.000000 0.993151 0.245345 0.245345 0.245345
1653.428101 0.000000 2107.763184 0.000000 0.769639 0.000000 0.638480 0.354530 0.354530 0.354530
1649.393921 0.000000 2115.251709 0.000000 0.970709 0.000000 0.240257 0.381464 0.381464 0.381464
1662.948242 0.000000 2092.075928 0.000000 0.639576 0.000000 0.768728 0.333014 0.333014 0.333014
1652.706299 0.000000 2146.237305 0.000000 0.275030 0.000000 0.961436 0.301608 0.301608 0.301608
1628.944580 0.000000 2125.789307 0.000000 0.792855 0.000000 0.609410 0.269700 0.269700 0.269700
1654.180420 0.000000 2113.771973 0.000000 0.912518 0.000000 0.409037 0.347575 0.347575 0.347575
1619.253418 0.000000 2137.508545 0.000000 0.139131 0.000000 0.990274 0.264503 0.264503 0.264503
1660.727539 0.000000 2092.416260 0.000000 0.669581 0.000000 0.742739 0.268142 0.268142 0.268142
1636.144409 0.000000 2138.883301 0.000000 0.679790 0.000000 0.733407 0.337103 0.337103 0.337103
1631.373413 0.000000 2133.354980 0.000000 0.957579 0.000000 0.288172 0.352354 0.352354 0.352354
1627.673218 0.000000 2142.695312 0.000000 0.536414 0.000000 0.843955 0.323253 0.323253 0.323253
1639.778442 0.000000 2145.756836 0.000000 0.314282 0.000000 0.949330 0.311991 0.311991 0.311991
1652.316895 0.000000 2119.047852 0.000000 0.775852 0.000000 0.630915 0.347843 0.347843 0.347843
1630.716187 0.000000 2136.159912 0.000000 0.028465 0.000000 0.999595 0.294170 0.294170 0.294170
1657.677979 0.000000 2105.043457 0.000000 0.816556 0.000000 0.577267 0.352989 0.352989 0.352989
1640.389160 0.000000 2143.552246 0.000000 0.709293 0.000000 0.704914 0.345464 0.345464 0.345464
1638.819946 0.000000 2142.173584 0.000000 0.996493 0.000000 0.083673 0.393977 0.393977 0.393977
1650.216187 0.000000 2134.466797 0.000000 0.082590 0.000000 0.996584 0.286317 0.286317 0.286317
1660.271606 0.000000 2098.435303 0.000000 0.162219 0.000000 0.986755 0.304046 0.304046 0.304046
1662.854614 0.000000 2116.505371 0.000000 0.983139 0.000000 0.182862 0.386209 0.386209 0.386209
1640.567505 0.000000 2124.605225 0.000000 0.383833 0.000000 0.923403 0.310095 0.310095 0.310095
1650.490601 0.000000 2112.711426 0.000000 0.975287 0.000000 0.220942 0.382981 0.382981 0.382981
1652.393188 0.000000 2112.315430 0.000000 0.136313 0.000000 0.990666 0.308197 0.308197 0.308197
1628.161133 0.000000 2138.533936 0.000000 0.706948 0.000000 0.707265 0.339983 0.339983 0.339983
1621.101562 0.000000 2136.372803 0.000000 0.859183 0.000000 0.511669 0.365403 0.365403 0.365403
1650.395020 0.000000 2119.938477 0.000000 0.968684 0.000000 0.248295 0.381019 0.381019 0.381019
1639.147339 0.000000 2126.825195 0.000000 0.708075 0.000000 0.706137 0.349696 0.349696 0.349696
1659.502197 0.000000 2101.919189 0.000000 0.995196 0.000000 0.097899 0.393243 0.393243 0.393243
1625.774658 0.000000 2139.621094 0.000000 0.873157 0.000000 0.487438 0.361104 0.361104 0.361104
1653.188721 0.000000 2144.334717 0.000000 0.432992 0.000000 0.901398 0.285082 0.285082 0.285082
1658.270874 0.000000 2098.255615 0.000000 0.996738 0.000000 0.080704 0.393828 0.393828 0.393828
1660.473145 0.000000 2116.906006 0.000000 0.056894 0.000000 0.998380 0.302868 0.302868 0.302868
1659.261963 0.000000 2112.057861 0.000000 0.240368 0.000000 0.970682 0.298544 0.298544 0.298544
1650.132324 0.000000 2109.343018 0.000000 0.678212 0.000000 0.734867 0.339824 0.339824 0.339824
1652.078369 0.000000 2106.592529 0.000000 0.104491 0.000000 0.994526 0.303736 0.303736 0.303736
1625.560059 0.000000 2133.095459 0.000000 0.946596 0.000000 0.322421 0.377953 0.377953 0.377953
1637.577148 0.000000 2138.090332 0.000000 0.332454 0.000000 0.943120 0.305890 0.305890 0.305890
1616.425903 0.000000 2140.625000 0.000000 0.950094 0.000000 0.311963 0.363991 0.363991 0.363991
1657.728394 0.000000 2115.316650 0.000000 0.983299 0.000000 0.181999 0.386018 0.386018 0.386018
1637.365967 0.000000 2141.621582 0.000000 0.635674 0.000000 0.771958 0.332627 0.332627 0.332627
1656.411987 0.000000 2144.968018 0.000000 0.996127 0.000000 0.087929 0.393274 0.393274 0.393274
1624.325195 0.000000 2139.062256 0.000000 0.316920 0.000000 0.948452 0.304636 0.304636 0.304636
1618.425659 0.000000 2138.773926 0.000000 0.660999 0.000000 0.750387 0.335168 0.335168 0.335168
1627.304565 0.000000 2135.060547 0.000000 0.989435 0.000000 0.144980 0.389975 0.389975 0.389975
1640.074829 0.000000 2122.254883 0.000000 0.965182 0.000000 0.261578 0.379782 0.379782 0.379782
1648.063843 0.000000 2115.717773 0.000000 0.266248 0.000000 0.963905 0.300588 0.300588 0.300588
1622.889893 0.000000 2139.183838 0.000000 0.771262 0.000000 0.636518 0.349529 0.349529 0.349529
1635.429199 0.000000 2140.092773 0.000000 0.566830 0.000000 0.823835 0.330148 0.330148 0.330148
1640.675293 0.000000 2136.962158 0.000000 0.638487 0.000000 0.769633 0.332905 0.332905 0.332905
1652.156128 0.000000 2108.290039 0.000000 0.993086 0.000000 0.117392 0.391599 0.391599 0.391599
1626.769531 0.000000 2138.595215 0.000000 0.998076 0.000000 0.062008 0.395260 0.395260 0.395260
1639.243408 0.000000 2140.822266 0.000000 0.589945 0.000000 0.807443 0.328204 0.328204 0.328204
1663.365845 0.000000 2099.887207 0.000000 0.994144 0.000000 0.108065 0.391728 0.391728 0.391728
1662.025391 0.000000 2093.050049 0.000000 0.397902 0.000000 0.917428 0.311263 0.311263 0.311263
1684.968506 0.000000 2085.562500 0.000000 0.524401 0.000000 0.851471 0.322171 0.322171 0.322171
1709.516602 0.000000 2048.170898 0.000000 0.871830 0.000000 0.489809 0.367158 0.367158 0.367158
1685.705078 0.000000 2060.305176 0.000000 0.363848 0.000000 0.931458 0.218841 0.218841 0.218841
1665.319092 0.000000 2072.325928 0.000000 0.873974 0.000000 0.485973 0.197727 0.197727 0.197727
1702.231201 0.000000 2071.966553 0.000000 0.694839 0.000000 0.719165 0.265597 0.265597 0.265597
1668.458618 0.000000 2087.903564 0.000000 0.503209 0.000000 0.864165 0.192315 0.192315 0.192315
1720.065796 0.000000 2058.800049 0.000000 0.948306 0.000000 0.317358 0.329764 0.329764 0.329764
1679.130981 0.000000 2072.809326 0.000000 0.991811 0.000000 0.127715 0.390217 0.390217 0.390217
1704.832397 0.000000 2036.938599 0.000000 0.547925 0.000000 0.836527 0.264509 0.264509 0.264509
1713.272949 0.000000 2067.062500 0.000000 0.403446 0.000000 0.915004 0.323288 0.323288 0.323288
1678.007324 0.000000 2064.327637 0.000000 0.972292 0.000000 0.233770 0.381975 0.381975 0.381975
1701.432373 0.000000 2044.464600 0.000000 0.367643 0.000000 0.929967 0.235571 0.235571 0.235571
1687.890747 0.000000 2052.495117 0.000000 0.977859 0.000000 0.209264 0.383894 0.383894 0.383894
1690.122314 0.000000 2044.245850 0.000000 0.904788 0.000000 0.425862 0.366393 0.366393 0.366393
1671.979980 0.000000 2075.572754 0.000000 0.691561 0.000000 0.722318 0.338338 0.338338 0.338338
1698.901001 0.000000 2033.502197 0.000000 0.724687 0.000000 0.689078 0.341177 0.341177 0.341177
1708.760498 0.000000 2071.942627 0.000000 0.744148 0.000000 0.668015 0.234165 0.234165 0.234165
1714.842529 0.000000 2051.307373 0.000000 0.540374 0.000000 0.841425 0.327856 0.327856 0.327856
1680.971924 0.000000 2082.614502 0.000000 0.265923 0.000000 0.963994 0.227712 0.227712 0.227712
1708.083374 0.000000 2053.498535 0.000000 0.525562 0.000000 0.850755 0.311116 0.311116 0.311116
1704.763306 0.000000 2048.559570 0.000000 0.912545 0.000000 0.408975 0.245981 0.245981 0.245981
1689.505737 0.000000 2087.209229 0.000000 0.175995 0.000000 0.984391 0.252696 0.252696 0.252696
1667.505249 0.000000 2076.863770 0.000000 0.971002 0.000000 0.239073 0.197770 0.197770 0.197770
1699.991211 0.000000 2049.164062 0.000000 0.815786 0.000000 0.578355 0.354734 0.354734 0.354734
1683.771851 0.000000 2056.062988 0.000000 0.998371 0.000000 0.057051 0.395867 0.395867 0.395867
1694.060669 0.000000 2081.592285 0.000000 0.939944 0.000000 0.341329 0.226638 0.226638 0.226638
1696.426636 0.000000 2045.875366 0.000000 0.969948 0.000000 0.243314 0.383187 0.383187 0.383187
1704.015625 0.000000 2041.066040 0.000000 0.851360 0.000000 0.524582 0.347907 0.347907 0.347907
1695.334473 0.000000 2074.422852 0.000000 0.878880 0.000000 0.477042 0.245472 0.245472 0.245472
1718.382080 0.000000 2062.765137 0.000000 0.463610 0.000000 0.886039 0.323398 0.323398 0.323398
1664.156738 0.000000 2088.337646 0.000000 0.935782 0.000000 0.352580 0.351768 0.351768 0.351768
1672.908569 0.000000 2079.337402 0.000000 0.913297 0.000000 0.407295 0.372352 0.372352 0.372352
1717.013428 0.000000 2068.083740 0.000000 0.437672 0.000000 0.899135 0.219306 0.219306 0.219306
1702.686279 0.000000 2033.743286 0.000000 0.993796 0.000000 0.111214 0.342314 0.342314 0.342314
1698.735840 0.000000 2073.090576 0.000000 0.576795 0.000000 0.816889 0.287680 0.287680 0.287680
1668.957397 0.000000 2073.284668 0.000000 0.584356 0.000000 0.811497 0.337579 0.337579 0.337579
1673.866211 0.000000 2072.509766 0.000000 0.241411 0.000000 0.970423 0.298626 0.298626 0.298626
1693.020508 0.000000 2046.267822 0.000000 0.943204 0.000000 0.332214 0.230968 0.230968 0.230968
1699.104126 0.000000 2041.979614 0.000000 0.009668 0.000000 0.999953 0.247793 0.247793 0.247793
1691.595093 0.000000 2083.961182 0.000000 0.133088 0.000000 0.991104 0.218840 0.218840 0.218840
1676.457520 0.000000 2085.213379 0.000000 0.961453 0.000000 0.274968 0.378259 0.378259 0.378259
1673.278076 0.000000 2083.520996 0.000000 0.914443 0.000000 0.404715 0.236889 0.236889 0.236889
1705.676880 0.000000 2051.504395 0.000000 0.390621 0.000000 0.920552 0.215022 0.215022 0.215022
1693.423096 0.000000 2071.989258 0.000000 0.648122 0.000000 0.761537 0.342079 0.342079 0.342079
1674.072266 0.000000 2089.609619 0.000000 0.929360 0.000000 0.369174 0.230333 0.230333 0.230333
1670.056885 0.000000 2078.375244 0.000000 0.548265 0.000000 0.836305 0.324331 0.324331 0.324331
1671.437256 0.000000 2088.481201 0.000000 0.830426 0.000000 0.557130 0.342208 0.342208 0.342208
1702.337891 0.000000 2047.173706 0.000000 0.826690 0.000000 0.562657 0.250244 0.250244 0.250244
1699.200439 0.000000 2046.234497 0.000000 0.982449 0.000000 0.186530 0.385666 0.385666 0.385666
1717.519043 0.000000 2060.062988 0.000000 0.291630 0.000000 0.956531 0.220064 0.220064 0.220064
1671.213501 0.000000 2071.637451 0.000000 0.021304 0.000000 0.999773 0.237246 0.237246 0.237246
1700.575317 0.000000 2035.826538 0.000000 0.433780 0.000000 0.901019 0.237113 0.237113 0.237113
1689.706665 0.000000 2047.076904 0.000000 0.526578 0.000000 0.850127 0.334619 0.334619 0.334619
1693.958862 0.000000 2043.637817 0.000000 0.992676 0.000000 0.120807 0.390748 0.390748 0.390748
1708.352173 0.000000 2050.698486 0.000000 0.534255 0.000000 0.845323 0.327835 0.327835 0.327835
1689.283936 0.000000 2055.055176 0.000000 0.935025 0.000000 0.354583 0.374210 0.374210 0.374210
1678.979858 0.000000 2058.277588 0.000000 0.031339 0.000000 0.999509 0.253688 0.253688 0.253688
1684.832764 0.000000 2046.017090 0.000000 0.994265 0.000000 0.106940 0.241267 0.241267 0.241267
1711.447998 0.000000 2046.123169 0.000000 0.495843 0.000000 0.868412 0.245384 0.245384 0.245384
1687.408081 0.000000 2045.275635 0.000000 0.458199 0.000000 0.888850 0.316361 0.316361 0.316361
1676.721313 0.000000 2071.762451 0.000000 0.574640 0.000000 0.818406 0.326766 0.326766 0.326766
1697.491699 0.000000 2039.332764 0.000000 0.699286 0.000000 0.714842 0.309762 0.309762 0.309762
1697.411987 0.000000 2048.394531 0.000000 0.055900 0.000000 0.998436 0.225029 0.225029 0.225029
1681.436646 0.000000 2057.306641 0.000000 0.779222 0.000000 0.626749 0.338376 0.338376 0.338376
1686.077637 0.000000 2050.612061 0.000000 0.393498 0.000000 0.919325 0.253892 0.253892 0.253892
1682.128174 0.000000 2054.199219 0.000000 0.490573 0.000000 0.871400 0.241027 0.241027 0.241027
1679.869995 0.000000 2070.260254 0.000000 0.977942 0.000000 0.208876 0.383925 0.383925 0.383925
1666.552734 0.000000 2089.513672 0.000000 0.924936 0.000000 0.380123 0.333669 0.333669 0.333669
1707.095459 0.000000 2047.756104 0.000000 0.964096 0.000000 0.265555 0.315713 0.315713 0.315713
1688.077515 0.000000 2042.833984 0.000000 0.335462 0.000000 0.942054 0.306134 0.306134 0.306134
1712.587769 0.000000 2053.690674 0.000000 0.543473 0.000000 0.839427 0.299368 0.299368 0.299368
1700.952637 0.000000 2073.914307 0.000000 0.576786 0.000000 0.816895 0.336752 0.336752 0.336752
1687.348877 0.000000 2086.436035 0.000000 0.999391 0.000000 0.034894 0.397761 0.397761 0.397761
1669.729492 0.000000 2075.466309 0.000000 0.543790 0.000000 0.839221 0.323923 0.323923 0.323923
1690.165771 0.000000 2041.695312 0.000000 0.078374 0.000000 0.996924 0.285993 0.285993 0.285993
1687.105835 0.000000 2054.674072 0.000000 0.485977 0.000000 0.873971 0.318769 0.318769 0.318769
1675.263184 0.000000 2069.999756 0.000000 0.556413 0.000000 0.830906 0.331199 0.331199 0.331199
1695.005493 0.000000 2068.342285 0.000000 0.971640 0.000000 0.236464 0.380727 0.380727 0.380727
1697.049316 0.000000 2034.687744 0.000000 0.135364 0.000000 0.990796 0.291985 0.291985 0.291985
1716.316895 0.000000 2062.563477 0.000000 0.992167 0.000000 0.124919 0.328778 0.328778 0.328778
1682.979736 0.000000 2073.451416 0.000000 0.893770 0.000000 0.448525 0.365629 0.365629 0.365629
1712.914673 0.000000 2050.621094 0.000000 0.997838 0.000000 0.065728 0.394975 0.394975 0.394975
1697.987427 0.000000 2071.051270 0.000000 0.282448 0.000000 0.959283 0.302196 0.302196 0.302196
1684.141357 0.000000 2087.369385 0.000000 0.327978 0.000000 0.944685 0.292919 0.292919 0.292919
1706.440430 0.000000 2049.646484 0.000000 0.144452 0.000000 0.989512 0.304601 0.304601 0.304601
1679.590576 0.000000 2085.533936 0.000000 0.004839 0.000000 0.999988 0.275616 0.275616 0.275616
1699.217285 0.000000 2044.276001 0.000000 0.709899 0.000000 0.704304 0.340302 0.340302 0.340302
1679.228516 0.000000 2060.449707 0.000000 0.611604 0.000000 0.791164 0.333920 0.333920 0.333920
1681.033569 0.000000 2073.398438 0.000000 0.219709 0.000000 0.975565 0.296923 0.296923 0.296923
1692.720093 0.000000 2073.946533 0.000000 0.894994 0.000000 0.446078 0.364677 0.364677 0.364677
1714.516357 0.000000 2049.468994 0.000000 0.542380 0.000000 0.840133 0.327362 0.327362 0.327362
1698.967773 0.000000 2068.180176 0.000000 0.991440 0.000000 0.130562 0.354298 0.354298 0.354298
1675.557495 0.000000 2073.385254 0.000000 0.435524 0.000000 0.900177 0.314425 0.314425 0.314425
1691.504272 0.000000 2047.415894 0.000000 0.521748 0.000000 0.853100 0.282056 0.282056 0.282056
1707.072021 0.000000 2044.015991 0.000000 0.999476 0.000000 0.032374 0.329243 0.329243 0.329243
1713.324829 0.000000 2069.034668 0.000000 0.830944 0.000000 0.556356 0.354928 0.354928 0.354928
1689.774658 0.000000 2083.136719 0.000000 0.481030 0.000000 0.876704 0.311386 0.311386 0.311386
1685.452637 0.000000 2055.420410 0.000000 0.470507 0.000000 0.882396 0.329837 0.329837 0.329837
1672.859375 0.000000 2070.924561 0.000000 0.964983 0.000000 0.262312 0.379724 0.379724 0.379724
1691.877563 0.000000 2044.928345 0.000000 0.999973 0.000000 0.007383 0.399436 0.399436 0.399436
1700.560669 0.000000 2047.493286 0.000000 0.917137 0.000000 0.398572 0.368681 0.368681 0.368681
1700.830200 0.000000 2068.365234 0.000000 0.026345 0.000000 0.999653 0.271979 0.271979 0.271979
1690.957520 0.000000 2040.064331 0.000000 0.867563 0.000000 0.497327 0.360236 0.360236 0.360236
1683.881592 0.000000 2071.975098 0.000000 0.484288 0.000000 0.874909 0.331386 0.331386 0.331386
1680.584229 0.000000 2071.793701 0.000000 0.865458 0.000000 0.500982 0.359913 0.359913 0.359913
1689.349731 0.000000 2053.388184 0.000000 0.829803 0.000000 0.558056 0.354771 0.354771 0.354771
1694.190796 0.000000 2070.491455 0.000000 0.996927 0.000000 0.078332 0.394460 0.394460 0.394460
1679.736084 0.000000 2064.198730 0.000000 0.978008 0.000000 0.208566 0.383949 0.383949 0.383949
1696.293335 0.000000 2082.445068 0.000000 0.982175 0.000000 0.187966 0.385555 0.385555 0.385555
1709.531006 0.000000 2051.830566 0.000000 0.978184 0.000000 0.207742 0.385006 0.385006 0.385006
1669.808838 0.000000 2088.920654 0.000000 0.963394 0.000000 0.268090 0.351406 0.351406 0.351406
1692.266602 0.000000 2070.804688 0.000000 0.868723 0.000000 0.495298 0.365330 0.365330 0.365330
1687.599731 0.000000 2087.992676 0.000000 0.989762 0.000000 0.142726 0.390811 0.390811 0.390811
1688.030273 0.000000 2046.742676 0.000000 0.354740 0.000000 0.934965 0.322482 0.322482 0.322482
1686.350952 0.000000 2052.177979 0.000000 0.576016 0.000000 0.817439 0.326894 0.326894 0.326894
1709.641357 0.000000 2049.794434 0.000000 0.344034 0.000000 0.938957 0.321750 0.321750 0.321750
1690.692261 0.000000 2045.888428 0.000000 0.967978 0.000000 0.251036 0.380615 0.380615 0.380615
1689.045288 0.000000 2045.329346 0.000000 0.996845 0.000000 0.079370 0.393930 0.393930 0.393930
1707.175171 0.000000 2051.734863 0.000000 0.891936 0.000000 0.452161 0.369211 0.369211 0.369211
1695.750977 0.000000 2040.020508 0.000000 0.106806 0.000000 0.994280 0.288175 0.288175 0.288175
1682.930176 0.000000 2057.300049 0.000000 0.028169 0.000000 0.999603 0.288314 0.288314 0.288314
1682.172485 0.000000 2058.584717 0.000000 0.081054 0.000000 0.996710 0.291034 0.291034 0.291034
1686.733276 0.000000 2042.208618 0.000000 0.209474 0.000000 0.977814 0.296122 0.296122 0.296122
1696.754517 0.000000 2083.938477 0.000000 0.125958 0.000000 0.992036 0.289648 0.289648 0.289648
1676.607788 0.000000 2070.373047 0.000000 0.491036 0.000000 0.871139 0.319212 0.319212 0.319212
1676.164062 0.000000 2068.947021 0.000000 0.934764 0.000000 0.355269 0.372253 0.372253 0.372253
1689.534424 0.000000 2042.999512 0.000000 0.926472 0.000000 0.376364 0.370522 0.370522 0.370522
1694.425415 0.000000 2040.321899 0.000000 0.583682 0.000000 0.811982 0.327613 0.327613 0.327613
1688.631836 0.000000 2044.050415 0.000000 0.928109 0.000000 0.372309 0.370856 0.370856 0.370856
1688.350952 0.000000 2085.567871 0.000000 0.152938 0.000000 0.988236 0.291730 0.291730 0.291730
1695.786499 0.000000 2067.158936 0.000000 0.877268 0.000000 0.480002 0.361753 0.361753 0.361753
1665.451416 0.000000 2102.097412 0.000000 0.006262 0.000000 0.999980 0.277894 0.277894 0.277894
1676.978516 0.000000 2090.657959 0.000000 0.975217 0.000000 0.221253 0.198496 0.198496 0.198496
1666.500488 0.000000 2109.666016 0.000000 0.998824 0.000000 0.048484 0.396428 0.396428 0.396428
1665.017578 0.000000 2116.614990 0.000000 0.455012 0.000000 0.890485 0.317439 0.317439 0.317439
1675.929565 0.000000 2101.927734 0.000000 0.577634 0.000000 0.816296 0.251973 0.251973 0.251973
1682.817383 0.000000 2120.365723 0.000000 0.977624 0.000000 0.210359 0.274628 0.274628 0.274628
1675.786255 0.000000 2094.974854 0.000000 0.510114 0.000000 0.860107 0.326542 0.326542 0.326542
1667.837158 0.000000 2113.483887 0.000000 0.825753 0.000000 0.564031 0.296546 0.296546 0.296546
1668.755371 0.000000 2117.794434 0.000000 0.848549 0.000000 0.529118 0.357406 0.357406 0.357406
1664.894775 0.000000 2120.221924 0.000000 0.872310 0.000000 0.488953 0.251149 0.251149 0.251149
1668.948608 0.000000 2090.036865 0.000000 0.307055 0.000000 0.951692 0.314212 0.314212 0.314212
1675.486938 0.000000 2098.481445 0.000000 0.996291 0.000000 0.086047 0.335827 0.335827 0.335827
1680.244385 0.000000 2119.119629 0.000000 0.106690 0.000000 0.994292 0.294014 0.294014 0.294014
1665.451538 0.000000 2099.314209 0.000000 0.087031 0.000000 0.996206 0.256786 0.256786 0.256786
1674.565063 0.000000 2092.470703 0.000000 0.312494 0.000000 0.949920 0.292832 0.292832 0.292832
1673.795410 0.000000 2089.946289 0.000000 0.696554 0.000000 0.717505 0.335670 0.335670 0.335670
1683.362793 0.000000 2117.909668 0.000000 0.109474 0.000000 0.993990 0.258183 0.258183 0.258183
1688.077515 0.000000 2099.318359 0.000000 0.452095 0.000000 0.891970 0.315838 0.315838 0.315838
1671.142944 0.000000 2117.306396 0.000000 0.303091 0.000000 0.952961 0.302042 0.302042 0.302042
1677.487915 0.000000 2099.938477 0.000000 0.935703 0.000000 0.352789 0.291084 0.291084 0.291084
1666.070068 0.000000 2114.743652 0.000000 0.435864 0.000000 0.900013 0.320325 0.320325 0.320325
1664.712524 0.000000 2108.142822 0.000000 0.437694 0.000000 0.899124 0.316563 0.316563 0.316563
1673.322266 0.000000 2108.889404 0.000000 0.951303 0.000000 0.308258 0.283343 0.283343 0.283343
1665.654297 0.000000 2104.280029 0.000000 0.576554 0.000000 0.817059 0.326945 0.326945 0.326945
1670.912720 0.000000 2089.923584 0.000000 0.751463 0.000000 0.659775 0.335186 0.335186 0.335186
1664.597412 0.000000 2110.389160 0.000000 0.903037 0.000000 0.429562 0.335929 0.335929 0.335929
1672.309448 0.000000 2118.715088 0.000000 0.687139 0.000000 0.726526 0.337872 0.337872 0.337872
1672.404785 0.000000 2110.349854 0.000000 0.443946 0.000000 0.896054 0.315141 0.315141 0.315141
1688.512573 0.000000 2097.654785 0.000000 0.920513 0.000000 0.390713 0.369335 0.369335 0.369335
1681.688232 0.000000 2118.148682 0.000000 0.074496 0.000000 0.997221 0.291673 0.291673 0.291673
1688.779663 0.000000 2094.458496 0.000000 0.029997 0.000000 0.999550 0.282292 0.282292 0.282292
1667.050659 0.000000 2093.316162 0.000000 0.986620 0.000000 0.163035 0.387489 0.387489 0.387489
1667.049561 0.000000 2102.192627 0.000000 0.653609 0.000000 0.756832 0.344706 0.344706 0.344706
1668.635620 0.000000 2102.324707 0.000000 0.104140 0.000000 0.994563 0.299019 0.299019 0.299019
1667.497925 0.000000 2090.679443 0.000000 0.816685 0.000000 0.577084 0.355463 0.355463 0.355463
1673.912354 0.000000 2119.023926 0.000000 0.231202 0.000000 0.972906 0.297824 0.297824 0.297824
1667.597290 0.000000 2115.028564 0.000000 0.818572 0.000000 0.574405 0.356464 0.356464 0.356464
1680.485229 0.000000 2115.034180 0.000000 0.807183 0.000000 0.590301 0.346949 0.346949 0.346949
1682.930176 0.000000 2113.784424 0.000000 0.571484 0.000000 0.820613 0.335122 0.335122 0.335122
1665.657837 0.000000 2090.425537 0.000000 0.786988 0.000000 0.616969 0.354352 0.354352 0.354352
1689.534424 0.000000 2099.483887 0.000000 0.759557 0.000000 0.650441 0.345900 0.345900 0.345900
1673.525391 0.000000 2111.969727 0.000000 0.993216 0.000000 0.116280 0.391097 0.391097 0.391097
1669.597046 0.000000 2116.808594 0.000000 0.355059 0.000000 0.934844 0.307729 0.307729 0.307729
1594.544556 0.000000 2186.829346 0.000000 0.842528 0.000000 0.538652 0.311583 0.311583 0.311583
1594.368286 0.000000 2198.332275 0.000000 0.382786 0.000000 0.923837 0.200002 0.200002 0.200002
1583.722534 0.000000 2190.725830 0.000000 0.444099 0.000000 0.895978 0.235679 0.235679 0.235679
1587.455933 0.000000 2196.694580 0.000000 0.962669 0.000000 0.270681 0.197810 0.197810 0.197810
1597.248291 0.000000 2192.408203 0.000000 0.018614 0.000000 0.999827 0.196369 0.196369 0.196369
1599.586426 0.000000 2199.840820 0.000000 0.868598 0.000000 0.495517 0.353436 0.353436 0.353436
1578.009521 0.000000 2201.343018 0.000000 0.333173 0.000000 0.942866 0.305949 0.305949 0.305949
1584.648071 0.000000 2186.882080 0.000000 0.970158 0.000000 0.242475 0.382696 0.382696 0.382696
1584.024048 0.000000 2198.941162 0.000000 0.993242 0.000000 0.116065 0.391113 0.391113 0.391113
1583.868652 0.000000 2194.817139 0.000000 0.986889 0.000000 0.161399 0.389356 0.389356 0.389356
1587.634155 0.000000 2189.134033 0.000000 0.935613 0.000000 0.353028 0.372436 0.372436 0.372436
1574.346802 0.000000 2200.663818 0.000000 0.425996 0.000000 0.904725 0.238591 0.238591 0.238591
1577.065186 0.000000 2198.111816 0.000000 0.620252 0.000000 0.784402 0.218227 0.218227 0.218227
1597.124756 0.000000 2198.885498 0.000000 0.670713 0.000000 0.741717 0.342213 0.342213 0.342213
1599.976562 0.000000 2197.021729 0.000000 0.947237 0.000000 0.320533 0.375073 0.375073 0.375073
1598.390747 0.000000 2202.166748 0.000000 0.053351 0.000000 0.998576 0.284078 0.284078 0.284078
1582.880859 0.000000 2196.941895 0.000000 0.729760 0.000000 0.683704 0.342488 0.342488 0.342488
1572.342041 0.000000 2202.074951 0.000000 0.909802 0.000000 0.415042 0.367304 0.367304 0.367304
1596.034058 0.000000 2194.229492 0.000000 0.709029 0.000000 0.705180 0.340208 0.340208 0.340208
1586.750244 0.000000 2186.959473 0.000000 0.698122 0.000000 0.715979 0.345212 0.345212 0.345212
1586.216187 0.000000 2190.951172 0.000000 0.964200 0.000000 0.265177 0.380100 0.380100 0.380100
1596.771606 0.000000 2183.490479 0.000000 0.396657 0.000000 0.917967 0.284230 0.284230 0.284230
1579.722900 0.000000 2201.729492 0.000000 0.933348 0.000000 0.358973 0.371950 0.371950 0.371950
1598.675171 0.000000 2198.157471 0.000000 0.825931 0.000000 0.563771 0.348814 0.348814 0.348814
1599.025757 0.000000 2195.771484 0.000000 0.795752 0.000000 0.605622 0.354363 0.354363 0.354363
1596.104370 0.000000 2200.060059 0.000000 0.506296 0.000000 0.862360 0.320702 0.320702 0.320702
1599.883789 0.000000 2185.145752 0.000000 0.909161 0.000000 0.416444 0.367186 0.367186 0.367186
1598.208984 0.000000 2183.066895 0.000000 0.285913 0.000000 0.958256 0.302151 0.302151 0.302151
1585.352295 0.000000 2199.540039 0.000000 0.927244 0.000000 0.374458 0.370679 0.370679 0.370679
1586.477905 0.000000 2188.281982 0.000000 0.342734 0.000000 0.939433 0.306725 0.306725 0.306725
1597.367188 0.000000 2197.541992 0.000000 0.816916 0.000000 0.576757 0.353036 0.353036 0.353036
1584.927490 0.000000 2191.422119 0.000000 0.872639 0.000000 0.488367 0.361022 0.361022 0.361022
1601.319092 0.000000 2185.294678 0.000000 0.999228 0.000000 0.039274 0.309032 0.309032 0.309032
1631.453491 0.000000 2163.136475 0.000000 0.975903 0.000000 0.218204 0.383195 0.383195 0.383195
1609.400879 0.000000 2162.525391 0.000000 0.873327 0.000000 0.487134 0.204891 0.204891 0.204891
1638.893555 0.000000 2165.853516 0.000000 0.198541 0.000000 0.980093 0.295269 0.295269 0.295269
1607.979980 0.000000 2188.541504 0.000000 0.770437 0.000000 0.637516 0.347191 0.347191 0.347191
1654.816772 0.000000 2147.656982 0.000000 0.835037 0.000000 0.550194 0.361165 0.361165 0.361165
1614.953247 0.000000 2200.377930 0.000000 0.170360 0.000000 0.985382 0.305044 0.305044 0.305044
1601.017578 0.000000 2173.099365 0.000000 0.861440 0.000000 0.507859 0.223836 0.223836 0.223836
1626.074097 0.000000 2176.922607 0.000000 0.156783 0.000000 0.987633 0.295950 0.295950 0.295950
1609.063721 0.000000 2176.868164 0.000000 0.893772 0.000000 0.448522 0.367836 0.367836 0.367836
1614.220581 0.000000 2163.487061 0.000000 0.308283 0.000000 0.951295 0.266290 0.266290 0.266290
1619.007568 0.000000 2164.484619 0.000000 0.390506 0.000000 0.920601 0.310648 0.310648 0.310648
1610.351440 0.000000 2167.285156 0.000000 0.685959 0.000000 0.727640 0.205279 0.205279 0.205279
1618.817383 0.000000 2176.850098 0.000000 0.928134 0.000000 0.372246 0.347734 0.347734 0.347734
1625.237549 0.000000 2152.565186 0.000000 0.706158 0.000000 0.708054 0.293217 0.293217 0.293217
1600.163086 0.000000 2181.152832 0.000000 0.451705 0.000000 0.892168 0.315804 0.315804 0.315804
1629.237427 0.000000 2179.928467 0.000000 0.976258 0.000000 0.216613 0.383320 0.383320 0.383320
1627.932739 0.000000 2166.675781 0.000000 0.124697 0.000000 0.992195 0.285105 0.285105 0.285105
1604.755371 0.000000 2174.278809 0.000000 0.976692 0.000000 0.214644 0.383474 0.383474 0.383474
1617.939331 0.000000 2188.201904 0.000000 0.302736 0.000000 0.953075 0.305777 0.305777 0.305777
1623.293579 0.000000 2169.970947 0.000000 0.538219 0.000000 0.842805 0.328422 0.328422 0.328422
1604.957397 0.000000 2186.253418 0.000000 0.846709 0.000000 0.532057 0.204301 0.204301 0.204301
1640.974609 0.000000 2157.927734 0.000000 0.824195 0.000000 0.566306 0.240450 0.240450 0.240450
1618.190552 0.000000 2155.928467 0.000000 0.813395 0.000000 0.581712 0.304905 0.304905 0.304905
1646.043091 0.000000 2152.260986 0.000000 0.892956 0.000000 0.450144 0.364329 0.364329 0.364329
1609.866211 0.000000 2185.478516 0.000000 0.083788 0.000000 0.996484 0.286408 0.286408 0.286408
1600.894775 0.000000 2176.706299 0.000000 0.422042 0.000000 0.906576 0.224184 0.224184 0.224184
1611.406128 0.000000 2179.477051 0.000000 0.192951 0.000000 0.981208 0.257452 0.257452 0.257452
1622.628418 0.000000 2176.433350 0.000000 0.961602 0.000000 0.274448 0.366228 0.366228 0.366228
1615.197021 0.000000 2158.039062 0.000000 0.416213 0.000000 0.909267 0.317670 0.317670 0.317670
1625.681030 0.000000 2180.183838 0.000000 0.191421 0.000000 0.981508 0.247384 0.247384 0.247384
1606.724243 0.000000 2179.913818 0.000000 0.795876 0.000000 0.605460 0.351832 0.351832 0.351832
1612.457520 0.000000 2198.182129 0.000000 0.997678 0.000000 0.068111 0.357408 0.357408 0.357408
1625.661133 0.000000 2149.472412 0.000000 0.192996 0.000000 0.981200 0.300782 0.300782 0.300782
1603.510986 0.000000 2193.334229 0.000000 0.151467 0.000000 0.988462 0.216792 0.216792 0.216792
1641.676880 0.000000 2164.473145 0.000000 0.634711 0.000000 0.772749 0.332531 0.332531 0.332531
1617.722656 0.000000 2198.583496 0.000000 0.721509 0.000000 0.692405 0.217442 0.217442 0.217442
1619.991577 0.000000 2179.633789 0.000000 0.584853 0.000000 0.811139 0.327723 0.327723 0.327723
1617.664795 0.000000 2153.062256 0.000000 0.339441 0.000000 0.940627 0.311661 0.311661 0.311661
1636.759888 0.000000 2167.782471 0.000000 0.978253 0.000000 0.207414 0.384039 0.384039 0.384039
1614.604980 0.000000 2193.983154 0.000000 0.752211 0.000000 0.658923 0.236285 0.236285 0.236285
1630.952515 0.000000 2165.918457 0.000000 0.764593 0.000000 0.644513 0.326942 0.326942 0.326942
1638.337891 0.000000 2160.142334 0.000000 0.993467 0.000000 0.114119 0.249887 0.249887 0.249887
1627.635498 0.000000 2169.456543 0.000000 0.104558 0.000000 0.994519 0.281232 0.281232 0.281232
1628.947998 0.000000 2176.478027 0.000000 0.298661 0.000000 0.954359 0.248083 0.248083 0.248083
1629.958862 0.000000 2156.606689 0.000000 0.944629 0.000000 0.328140 0.374459 0.374459 0.374459
1621.235596 0.000000 2166.267334 0.000000 0.322147 0.000000 0.946690 0.263098 0.263098 0.263098
1606.395386 0.000000 2176.461914 0.000000 0.706669 0.000000 0.707545 0.339953 0.339953 0.339953
1616.716919 0.000000 2178.504150 0.000000 0.978767 0.000000 0.204974 0.339076 0.339076 0.339076
1633.411987 0.000000 2161.363281 0.000000 0.031645 0.000000 0.999499 0.297404 0.297404 0.297404
1622.077637 0.000000 2163.580811 0.000000 0.039415 0.000000 0.999223 0.289695 0.289695 0.289695
1638.385864 0.000000 2163.251221 0.000000 0.740066 0.000000 0.672535 0.348990 0.348990 0.348990
1614.686646 0.000000 2160.997803 0.000000 0.473168 0.000000 0.880972 0.327396 0.327396 0.327396
1618.498657 0.000000 2150.224365 0.000000 0.398226 0.000000 0.917288 0.248468 0.248468 0.248468
1618.128174 0.000000 2167.167969 0.000000 0.982334 0.000000 0.187135 0.385854 0.385854 0.385854
1619.894409 0.000000 2154.177979 0.000000 0.999869 0.000000 0.016173 0.328773 0.328773 0.328773
1627.677979 0.000000 2151.420410 0.000000 0.885231 0.000000 0.465151 0.253726 0.253726 0.253726
1641.650879 0.000000 2155.692871 0.000000 0.915137 0.000000 0.403144 0.369233 0.369233 0.369233
1602.627808 0.000000 2175.113525 0.000000 0.517498 0.000000 0.855684 0.321553 0.321553 0.321553
1652.657715 0.000000 2146.442383 0.000000 0.106685 0.000000 0.994293 0.288531 0.288531 0.288531
1626.165771 0.000000 2154.664062 0.000000 0.296435 0.000000 0.955053 0.302991 0.302991 0.302991
1623.105835 0.000000 2167.642822 0.000000 0.038819 0.000000 0.999246 0.282966 0.282966 0.282966
1601.042969 0.000000 2178.907227 0.000000 0.003965 0.000000 0.999992 0.281041 0.281041 0.281041
1640.648071 0.000000 2147.732910 0.000000 0.613447 0.000000 0.789736 0.261736 0.261736 0.261736
1606.953003 0.000000 2182.016602 0.000000 0.601440 0.000000 0.798918 0.306391 0.306391 0.306391
1609.807861 0.000000 2187.573486 0.000000 0.998813 0.000000 0.048705 0.396278 0.396278 0.396278
1603.099243 0.000000 2173.107910 0.000000 0.442097 0.000000 0.896967 0.306352 0.306352 0.306352
1608.722168 0.000000 2178.925293 0.000000 0.619746 0.000000 0.784802 0.331063 0.331063 0.331063
1604.166992 0.000000 2195.170898 0.000000 0.290658 0.000000 0.956827 0.314952 0.314952 0.314952
1645.587769 0.000000 2154.178467 0.000000 0.882359 0.000000 0.470576 0.364161 0.364161 0.364161
1607.440796 0.000000 2196.813477 0.000000 0.999942 0.000000 0.010800 0.375877 0.375877 0.375877
1604.484009 0.000000 2176.155029 0.000000 0.261199 0.000000 0.965285 0.300188 0.300188 0.300188
1605.832764 0.000000 2178.271973 0.000000 0.033672 0.000000 0.999433 0.278590 0.278590 0.278590
1608.859375 0.000000 2183.893311 0.000000 0.552002 0.000000 0.833843 0.324673 0.324673 0.324673
1629.614136 0.000000 2178.134277 0.000000 0.605969 0.000000 0.795488 0.329731 0.329731 0.329731
1616.985107 0.000000 2168.582031 0.000000 0.887831 0.000000 0.460170 0.363469 0.363469 0.363469
1631.632446 0.000000 2157.074951 0.000000 0.360666 0.000000 0.932695 0.284805 0.284805 0.284805
1600.526001 0.000000 2183.709229 0.000000 0.863712 0.000000 0.503986 0.359648 0.359648 0.359648
1624.512573 0.000000 2154.139160 0.000000 0.216935 0.000000 0.976186 0.296705 0.296705 0.296705
1608.280029 0.000000 2180.637207 0.000000 0.521521 0.000000 0.853239 0.325230 0.325230 0.325230
1619.070923 0.000000 2189.774170 0.000000 0.371662 0.000000 0.928368 0.297786 0.297786 0.297786
1602.335571 0.000000 2177.636230 0.000000 0.661063 0.000000 0.750330 0.335175 0.335175 0.335175
1607.546753 0.000000 2177.711182 0.000000 0.431700 0.000000 0.902017 0.314101 0.314101 0.314101
1619.835571 0.000000 2167.293213 0.000000 0.953574 0.000000 0.301160 0.377012 0.377012 0.377012
1625.349731 0.000000 2166.356934 0.000000 0.941475 0.000000 0.337082 0.373734 0.373734 0.373734
1612.617676 0.000000 2163.053467 0.000000 0.144607 0.000000 0.989489 0.288993 0.288993 0.288993
1637.265259 0.000000 2166.069824 0.000000 0.444826 0.000000 0.895617 0.315216 0.315216 0.315216
1635.595825 0.000000 2166.518066 0.000000 0.334775 0.000000 0.942298 0.306078 0.306078 0.306078
1640.469849 0.000000 2165.671387 0.000000 0.951673 0.000000 0.307114 0.376153 0.376153 0.376153
1636.813599 0.000000 2163.560547 0.000000 0.851379 0.000000 0.524552 0.358505 0.358505 0.358505
1616.278564 0.000000 2167.125488 0.000000 0.475621 0.000000 0.879650 0.317866 0.317866 0.317866
1622.350952 0.000000 2165.146729 0.000000 0.811095 0.000000 0.584914 0.352271 0.352271 0.352271
1609.880371 0.000000 2179.924805 0.000000 0.974192 0.000000 0.225719 0.382606 0.382606 0.382606
1618.634521 0.000000 2191.674805 0.000000 0.997157 0.000000 0.075346 0.376685 0.376685 0.376685
1605.041260 0.000000 2190.182861 0.000000 0.951535 0.000000 0.307542 0.378125 0.378125 0.378125
1606.164185 0.000000 2174.976074 0.000000 0.992512 0.000000 0.122148 0.391929 0.391929 0.391929
1639.388184 0.000000 2164.467041 0.000000 0.999999 0.000000 0.001175 0.399910 0.399910 0.399910
1632.240356 0.000000 2160.376221 0.000000 0.801220 0.000000 0.598369 0.357241 0.357241 0.357241
1616.398438 0.000000 2191.462646 0.000000 0.377755 0.000000 0.925906 0.312252 0.312252 0.312252
1619.521729 0.000000 2178.181885 0.000000 0.279042 0.000000 0.960279 0.301604 0.301604 0.301604
1624.470459 0.000000 2169.154297 0.000000 0.940771 0.000000 0.339042 0.373575 0.373575 0.373575
1625.534424 0.000000 2155.968262 0.000000 0.619744 0.000000 0.784804 0.331063 0.331063 0.331063
1602.875854 0.000000 2178.992920 0.000000 0.707285 0.000000 0.706929 0.340019 0.340019 0.340019
1601.280029 0.000000 2180.255615 0.000000 0.994682 0.000000 0.102990 0.392118 0.392118 0.392118
1629.379639 0.000000 2157.881592 0.000000 0.700818 0.000000 0.713341 0.339324 0.339324 0.339324
1622.619629 0.000000 2179.927490 0.000000 0.906231 0.000000 0.422783 0.366653 0.366653 0.366653
1635.032349 0.000000 2164.042480 0.000000 0.937531 0.000000 0.347903 0.372855 0.372855 0.372855
1600.098511 0.000000 2182.468750 0.000000 0.691377 0.000000 0.722494 0.338319 0.338319 0.338319
1576.832397 0.000000 2206.391846 0.000000 0.450189 0.000000 0.892933 0.192682 0.192682 0.192682
1597.512329 0.000000 2202.916748 0.000000 0.932281 0.000000 0.361735 0.296813 0.296813 0.296813
1570.901001 0.000000 2202.955322 0.000000 0.697385 0.000000 0.716697 0.302100 0.302100 0.302100
1581.943604 0.000000 2205.245605 0.000000 0.796318 0.000000 0.604878 0.345906 0.345906 0.345906
1574.686279 0.000000 2203.196289 0.000000 0.473972 0.000000 0.880540 0.317723 0.317723 0.317723
1572.575317 0.000000 2205.279541 0.000000 0.926817 0.000000 0.375513 0.370592 0.370592 0.370592
1598.948242 0.000000 2205.044678 0.000000 0.976623 0.000000 0.214960 0.386208 0.386208 0.386208
1581.143188 0.000000 2203.192871 0.000000 0.976078 0.000000 0.217421 0.315526 0.315526 0.315526
1578.257812 0.000000 2205.153076 0.000000 0.981081 0.000000 0.193597 0.387451 0.387451 0.387451
1580.016724 0.000000 2204.639160 0.000000 0.792525 0.000000 0.609839 0.345547 0.345547 0.345547
1599.462891 0.000000 2203.240479 0.000000 0.409388 0.000000 0.912360 0.312222 0.312222 0.312222
1611.786255 0.000000 2207.943604 0.000000 0.992443 0.000000 0.122710 0.302948 0.302948 0.302948
1600.042358 0.000000 2202.897949 0.000000 0.731399 0.000000 0.681950 0.344733 0.344733 0.344733
1610.565063 0.000000 2205.439453 0.000000 0.235947 0.000000 0.971766 0.298197 0.298197 0.298197
1615.671509 0.000000 2204.419678 0.000000 0.828541 0.000000 0.559929 0.298578 0.298578 0.298578
1613.612183 0.000000 2206.019287 0.000000 0.820771 0.000000 0.571257 0.261522 0.261522 0.261522
1606.935791 0.000000 2206.466553 0.000000 0.837951 0.000000 0.545745 0.322219 0.322219 0.322219
1606.054321 0.000000 2204.489258 0.000000 0.867484 0.000000 0.497466 0.365955 0.365955 0.365955
1608.993164 0.000000 2206.017334 0.000000 0.800488 0.000000 0.599349 0.353951 0.353951 0.353951
1612.241821 0.000000 2205.155518 0.000000 0.023232 0.000000 0.999730 0.291381 0.291381 0.291381
1601.657837 0.000000 2203.394287 0.000000 0.464798 0.000000 0.885417 0.319916 0.319916 0.319916
1609.352417 0.000000 2204.500244 0.000000 0.772200 0.000000 0.635380 0.347402 0.347402 0.347402
"}
object={
	name="cypress_dense_generator_1_1"
	clamp_to_water_level=no
	render_under_water=no
	generated_content=yes
	layer="semidynamic"
	pdxmesh="tree_cypress_002_mesh"
	count=440
	transform="1706.009521 0.000000 2031.889771 0.000000 0.066091 0.000000 -0.997814 0.287185 0.287185 0.287185
1698.932617 0.000000 2031.030029 0.000000 0.533266 0.000000 -0.845947 0.245919 0.245919 0.245919
1705.065186 0.000000 2028.658691 0.000000 0.854861 0.000000 -0.518858 0.336628 0.336628 0.336628
1703.778442 0.000000 2032.788086 0.000000 0.998204 0.000000 -0.059905 0.350042 0.350042 0.350042
1663.586426 0.000000 2086.872070 0.000000 0.313747 0.000000 -0.949507 0.230251 0.230251 0.230251
1662.390747 0.000000 2089.197998 0.000000 0.919186 0.000000 -0.393823 0.428801 0.428801 0.428801
1655.044800 0.000000 2072.525879 0.000000 0.153737 0.000000 -0.988112 0.353685 0.353685 0.353685
1649.031494 0.000000 2079.776123 0.000000 0.271861 0.000000 -0.962336 0.365033 0.365033 0.365033
1657.190552 0.000000 2075.544434 0.000000 0.920597 0.000000 -0.390514 0.430649 0.430649 0.430649
1657.129395 0.000000 2072.256104 0.000000 0.832186 0.000000 -0.554496 0.439472 0.439472 0.439472
1653.449585 0.000000 2083.329102 0.000000 0.892373 0.000000 -0.451298 0.415318 0.415318 0.415318
1655.893433 0.000000 2076.942383 0.000000 0.786011 0.000000 -0.618212 0.450914 0.450914 0.450914
1652.695435 0.000000 2080.409668 0.000000 0.687803 0.000000 -0.725898 0.462058 0.462058 0.462058
1620.968506 0.000000 2142.046875 0.000000 0.895579 0.000000 -0.444903 0.203568 0.203568 0.203568
1658.807129 0.000000 2096.576416 0.000000 0.549550 0.000000 -0.835461 0.339597 0.339597 0.339597
1655.637939 0.000000 2105.665283 0.000000 0.533941 0.000000 -0.845522 0.419737 0.419737 0.419737
1641.260620 0.000000 2134.144043 0.000000 0.054057 0.000000 -0.998538 0.515868 0.515868 0.515868
1641.385620 0.000000 2122.840088 0.000000 0.751087 0.000000 -0.660203 0.455087 0.455087 0.455087
1661.292725 0.000000 2102.480957 0.000000 0.994412 0.000000 -0.105570 0.208419 0.208419 0.208419
1658.511597 0.000000 2110.431885 0.000000 0.747898 0.000000 -0.663813 0.215078 0.215078 0.215078
1650.842529 0.000000 2107.791748 0.000000 0.398159 0.000000 -0.917316 0.416754 0.416754 0.416754
1661.212891 0.000000 2115.313721 0.000000 0.103508 0.000000 -0.994629 0.512078 0.512078 0.512078
1612.552612 0.000000 2116.115967 0.000000 0.976053 0.000000 -0.217534 0.225929 0.225929 0.225929
1616.971924 0.000000 2139.098877 0.000000 0.586095 0.000000 -0.810243 0.363818 0.363818 0.363818
1634.932617 0.000000 2143.998779 0.000000 0.130667 0.000000 -0.991426 0.263908 0.263908 0.263908
1630.060669 0.000000 2138.076660 0.000000 0.197050 0.000000 -0.980393 0.456943 0.456943 0.456943
1631.334473 0.000000 2130.907227 0.000000 0.185429 0.000000 -0.982658 0.300969 0.300969 0.300969
1662.270142 0.000000 2094.353271 0.000000 0.985187 0.000000 -0.171485 0.413166 0.413166 0.413166
1654.382080 0.000000 2119.249512 0.000000 0.935830 0.000000 -0.352453 0.342388 0.342388 0.342388
1641.322754 0.000000 2138.197510 0.000000 0.350715 0.000000 -0.936482 0.489901 0.489901 0.489901
1621.503174 0.000000 2138.240967 0.000000 0.036866 0.000000 -0.999320 0.517183 0.517183 0.517183
1644.376709 0.000000 2136.189453 0.000000 0.793800 0.000000 -0.608178 0.297028 0.297028 0.297028
1651.863525 0.000000 2114.294678 0.000000 0.986037 0.000000 -0.166528 0.412781 0.412781 0.412781
1661.611938 0.000000 2128.681641 0.000000 0.524581 0.000000 -0.851361 0.357932 0.357932 0.357932
1627.595093 0.000000 2140.445557 0.000000 0.953411 0.000000 -0.301675 0.423411 0.423411 0.423411
1641.065186 0.000000 2141.627441 0.000000 0.302199 0.000000 -0.953245 0.483611 0.483611 0.483611
1652.463989 0.000000 2105.003662 0.000000 0.927534 0.000000 -0.373738 0.280224 0.280224 0.280224
1623.836548 0.000000 2140.534668 0.000000 0.912305 0.000000 -0.409512 0.432232 0.432232 0.432232
1647.537231 0.000000 2117.050293 0.000000 0.409015 0.000000 -0.912528 0.349329 0.349329 0.349329
1617.722656 0.000000 2142.099121 0.000000 0.400086 0.000000 -0.916477 0.273133 0.273133 0.273133
1655.819336 0.000000 2108.752686 0.000000 0.008460 0.000000 -0.999964 0.325213 0.325213 0.325213
1629.423096 0.000000 2128.473633 0.000000 0.202936 0.000000 -0.979192 0.497907 0.497907 0.497907
1651.016113 0.000000 2110.772949 0.000000 0.300167 0.000000 -0.953887 0.492917 0.492917 0.492917
1658.504395 0.000000 2113.680664 0.000000 0.771753 0.000000 -0.635922 0.452651 0.452651 0.452651
1623.192017 0.000000 2135.812500 0.000000 0.776309 0.000000 -0.630352 0.282104 0.282104 0.282104
1639.299927 0.000000 2136.301270 0.000000 0.889613 0.000000 -0.456715 0.430905 0.430905 0.430905
1611.616333 0.000000 2119.262939 0.000000 0.644300 0.000000 -0.764773 0.257010 0.257010 0.257010
1635.689819 0.000000 2141.523438 0.000000 0.321017 0.000000 -0.947073 0.489754 0.489754 0.489754
1656.346558 0.000000 2112.122803 0.000000 0.535915 0.000000 -0.844272 0.476792 0.476792 0.476792
1654.158813 0.000000 2121.981689 0.000000 0.962043 0.000000 -0.272896 0.272923 0.272923 0.272923
1627.698975 0.000000 2136.421143 0.000000 0.859949 0.000000 -0.510380 0.437843 0.437843 0.437843
1631.328735 0.000000 2140.243652 0.000000 0.836491 0.000000 -0.547980 0.317027 0.317027 0.317027
1663.510010 0.000000 2127.140381 0.000000 0.992638 0.000000 -0.121122 0.409276 0.409276 0.409276
1661.251953 0.000000 2096.736328 0.000000 0.906563 0.000000 -0.422071 0.433287 0.433287 0.433287
1663.510620 0.000000 2114.658691 0.000000 0.208880 0.000000 -0.977941 0.491698 0.491698 0.491698
1629.290894 0.000000 2132.264404 0.000000 0.923795 0.000000 -0.382887 0.281684 0.281684 0.281684
1643.596436 0.000000 2138.463379 0.000000 0.197440 0.000000 -0.980315 0.425478 0.425478 0.425478
1656.630249 0.000000 2143.376953 0.000000 0.843305 0.000000 -0.537436 0.349185 0.349185 0.349185
1623.348877 0.000000 2142.920410 0.000000 0.811935 0.000000 -0.583748 0.320983 0.320983 0.320983
1649.315063 0.000000 2132.620117 0.000000 0.817035 0.000000 -0.576588 0.446948 0.446948 0.446948
1653.789307 0.000000 2133.365723 0.000000 0.771831 0.000000 -0.635828 0.378411 0.378411 0.378411
1657.190552 0.000000 2132.028809 0.000000 0.817826 0.000000 -0.575466 0.441791 0.441791 0.441791
1632.608032 0.000000 2129.012451 0.000000 0.987991 0.000000 -0.154509 0.380273 0.380273 0.380273
1642.219238 0.000000 2136.136475 0.000000 0.992355 0.000000 -0.123419 0.408989 0.408989 0.408989
1645.465576 0.000000 2134.217773 0.000000 0.887065 0.000000 -0.461645 0.298806 0.298806 0.298806
1624.641113 0.000000 2145.646484 0.000000 0.210091 0.000000 -0.977682 0.502133 0.502133 0.502133
1643.060303 0.000000 2124.055420 0.000000 0.948754 0.000000 -0.316016 0.348258 0.348258 0.348258
1639.167725 0.000000 2138.391846 0.000000 0.997068 0.000000 -0.076515 0.405851 0.405851 0.405851
1625.618530 0.000000 2141.599121 0.000000 0.976986 0.000000 -0.213304 0.416421 0.416421 0.416421
1640.198975 0.000000 2120.767822 0.000000 0.312778 0.000000 -0.949826 0.481312 0.481312 0.481312
1643.407104 0.000000 2134.149902 0.000000 0.941868 0.000000 -0.335984 0.426176 0.426176 0.426176
1623.416992 0.000000 2137.854736 0.000000 0.327796 0.000000 -0.944749 0.362914 0.362914 0.362914
1627.739258 0.000000 2133.545166 0.000000 0.999483 0.000000 -0.032153 0.402128 0.402128 0.402128
1621.843506 0.000000 2140.206543 0.000000 0.582277 0.000000 -0.812990 0.463987 0.463987 0.463987
1652.679199 0.000000 2109.611084 0.000000 0.601212 0.000000 -0.799089 0.466102 0.466102 0.466102
1660.454834 0.000000 2130.260986 0.000000 0.663249 0.000000 -0.748399 0.464603 0.464603 0.464603
1626.529663 0.000000 2145.328613 0.000000 0.702893 0.000000 -0.711296 0.451564 0.451564 0.451564
1651.561157 0.000000 2116.183838 0.000000 0.915962 0.000000 -0.401264 0.431543 0.431543 0.431543
1654.302368 0.000000 2104.209229 0.000000 0.994467 0.000000 -0.105049 0.372963 0.372963 0.372963
1629.418457 0.000000 2139.919434 0.000000 0.088311 0.000000 -0.996093 0.513245 0.513245 0.513245
1640.388306 0.000000 2139.923584 0.000000 0.640401 0.000000 -0.768041 0.464937 0.464937 0.464937
1656.654175 0.000000 2107.134766 0.000000 0.405375 0.000000 -0.914151 0.376456 0.376456 0.376456
1642.442139 0.000000 2117.972656 0.000000 0.807033 0.000000 -0.590506 0.448257 0.448257 0.448257
1659.429321 0.000000 2115.234375 0.000000 0.783756 0.000000 -0.621068 0.451192 0.451192 0.451192
1660.313232 0.000000 2113.676758 0.000000 0.589814 0.000000 -0.807539 0.463360 0.463360 0.463360
1645.839355 0.000000 2116.607666 0.000000 0.546326 0.000000 -0.837573 0.475846 0.475846 0.475846
1643.765381 0.000000 2119.206055 0.000000 0.925633 0.000000 -0.378421 0.429648 0.429648 0.429648
1642.375244 0.000000 2121.465088 0.000000 0.597711 0.000000 -0.801712 0.471058 0.471058 0.471058
1624.891602 0.000000 2136.277100 0.000000 0.983149 0.000000 -0.182807 0.391356 0.391356 0.391356
1624.203857 0.000000 2134.449463 0.000000 0.290148 0.000000 -0.956982 0.495918 0.495918 0.495918
1656.710815 0.000000 2113.753418 0.000000 0.816774 0.000000 -0.576957 0.446982 0.446982 0.446982
1619.343506 0.000000 2141.522949 0.000000 0.256178 0.000000 -0.966630 0.433878 0.433878 0.433878
1630.190796 0.000000 2126.975830 0.000000 0.998601 0.000000 -0.052877 0.349724 0.349724 0.349724
1630.924683 0.000000 2129.226807 0.000000 0.430147 0.000000 -0.902759 0.411938 0.411938 0.411938
1663.462891 0.000000 2090.271729 0.000000 0.875859 0.000000 -0.482567 0.438471 0.438471 0.438471
1663.416748 0.000000 2097.146973 0.000000 0.854389 0.000000 -0.519635 0.441744 0.441744 0.441744
1641.936401 0.000000 2143.018311 0.000000 0.690097 0.000000 -0.723717 0.442733 0.442733 0.442733
1628.899780 0.000000 2141.470459 0.000000 0.806272 0.000000 -0.591545 0.441245 0.441245 0.441245
1628.266602 0.000000 2127.289062 0.000000 0.045191 0.000000 -0.998978 0.516546 0.516546 0.516546
1651.823975 0.000000 2134.256348 0.000000 0.956310 0.000000 -0.292355 0.422665 0.422665 0.422665
1654.485352 0.000000 2115.336182 0.000000 0.963691 0.000000 -0.267020 0.420649 0.420649 0.420649
1640.653442 0.000000 2135.564453 0.000000 0.987530 0.000000 -0.157430 0.412077 0.412077 0.412077
1634.143921 0.000000 2140.911377 0.000000 0.875685 0.000000 -0.482883 0.436360 0.436360 0.436360
1622.444946 0.000000 2141.620605 0.000000 0.564475 0.000000 -0.825450 0.474179 0.474179 0.474179
1629.264404 0.000000 2136.703125 0.000000 0.285405 0.000000 -0.958407 0.497889 0.497889 0.497889
1656.379395 0.000000 2104.302734 0.000000 0.713477 0.000000 -0.700679 0.459309 0.459309 0.459309
1662.906006 0.000000 2095.732178 0.000000 0.088359 0.000000 -0.996089 0.513241 0.513241 0.513241
1652.319336 0.000000 2117.547607 0.000000 0.999530 0.000000 -0.030665 0.402343 0.402343 0.402343
1661.975830 0.000000 2130.607666 0.000000 0.730443 0.000000 -0.682974 0.457435 0.457435 0.457435
1654.238159 0.000000 2146.283936 0.000000 0.624653 0.000000 -0.780903 0.459733 0.459733 0.459733
1663.883789 0.000000 2128.661377 0.000000 0.216582 0.000000 -0.976264 0.503322 0.503322 0.503322
1660.055420 0.000000 2095.839111 0.000000 0.788236 0.000000 -0.615372 0.447329 0.447329 0.447329
1643.575684 0.000000 2120.652100 0.000000 0.728953 0.000000 -0.684564 0.457602 0.457602 0.457602
1626.283691 0.000000 2136.467773 0.000000 0.199352 0.000000 -0.979928 0.496801 0.496801 0.496801
1662.208984 0.000000 2126.582520 0.000000 0.488139 0.000000 -0.872766 0.481042 0.481042 0.481042
1653.096313 0.000000 2114.990234 0.000000 0.868638 0.000000 -0.495448 0.439599 0.439599 0.439599
1643.248169 0.000000 2137.118896 0.000000 0.819621 0.000000 -0.572907 0.444320 0.444320 0.444320
1620.196533 0.000000 2138.684082 0.000000 0.718670 0.000000 -0.695351 0.458740 0.458740 0.458740
1643.008789 0.000000 2116.471436 0.000000 0.963184 0.000000 -0.268844 0.420794 0.420794 0.420794
1663.423340 0.000000 2093.397217 0.000000 0.283579 0.000000 -0.958949 0.498035 0.498035 0.498035
1624.350952 0.000000 2142.052246 0.000000 0.791724 0.000000 -0.610879 0.450204 0.450204 0.450204
1650.572021 0.000000 2114.636475 0.000000 0.910068 0.000000 -0.414460 0.432647 0.432647 0.432647
1642.783569 0.000000 2122.728027 0.000000 0.910251 0.000000 -0.414057 0.432613 0.432613 0.432613
1653.408569 0.000000 2118.335449 0.000000 0.665004 0.000000 -0.746839 0.464423 0.464423 0.464423
1639.743774 0.000000 2125.662354 0.000000 0.890337 0.000000 -0.455301 0.436112 0.436112 0.436112
1671.671631 0.000000 2058.293945 0.000000 0.626542 0.000000 -0.779388 0.269397 0.269397 0.269397
1690.979858 0.000000 2075.270264 0.000000 0.999894 0.000000 -0.014524 0.317607 0.317607 0.317607
1694.236938 0.000000 2085.967285 0.000000 0.357151 0.000000 -0.934047 0.304047 0.304047 0.304047
1673.203857 0.000000 2069.138184 0.000000 0.997736 0.000000 -0.067248 0.270466 0.270466 0.270466
1696.032227 0.000000 2070.375488 0.000000 0.532975 0.000000 -0.846131 0.476806 0.476806 0.476806
1695.825928 0.000000 2041.559937 0.000000 0.797276 0.000000 -0.603614 0.449506 0.449506 0.449506
1678.953247 0.000000 2087.409180 0.000000 0.032740 0.000000 -0.999464 0.418371 0.418371 0.418371
1673.640991 0.000000 2086.625244 0.000000 0.316029 0.000000 -0.948749 0.433872 0.433872 0.433872
1700.276123 0.000000 2066.684326 0.000000 0.985270 0.000000 -0.171003 0.225289 0.225289 0.225289
1681.256958 0.000000 2068.152344 0.000000 0.421435 0.000000 -0.906859 0.223486 0.223486 0.223486
1685.208252 0.000000 2073.316650 0.000000 0.787667 0.000000 -0.616102 0.352924 0.352924 0.352924
1690.709839 0.000000 2070.477539 0.000000 0.886759 0.000000 -0.462231 0.380684 0.380684 0.380684
1686.937134 0.000000 2047.864868 0.000000 0.485687 0.000000 -0.874133 0.433409 0.433409 0.433409
1698.932617 0.000000 2087.514404 0.000000 0.842543 0.000000 -0.538629 0.218305 0.218305 0.218305
1685.668701 0.000000 2043.226440 0.000000 0.955317 0.000000 -0.295583 0.269864 0.269864 0.269864
1681.260132 0.000000 2059.894531 0.000000 0.391405 0.000000 -0.920218 0.489277 0.489277 0.489277
1693.237427 0.000000 2066.959717 0.000000 0.626613 0.000000 -0.779331 0.336453 0.336453 0.336453
1691.932739 0.000000 2053.707031 0.000000 0.696149 0.000000 -0.717897 0.306214 0.306214 0.306214
1697.947754 0.000000 2082.911133 0.000000 0.208231 0.000000 -0.978080 0.503975 0.503975 0.503975
1675.941895 0.000000 2075.241455 0.000000 0.957329 0.000000 -0.289000 0.422397 0.422397 0.422397
1677.506958 0.000000 2069.251953 0.000000 0.725980 0.000000 -0.687716 0.457933 0.457933 0.457933
1696.618042 0.000000 2036.803101 0.000000 0.346294 0.000000 -0.938126 0.277075 0.277075 0.277075
1687.293579 0.000000 2057.002197 0.000000 0.512234 0.000000 -0.858846 0.475048 0.475048 0.475048
1706.673462 0.000000 2033.581421 0.000000 0.946035 0.000000 -0.324065 0.257287 0.257287 0.257287
1704.974609 0.000000 2044.959106 0.000000 0.994540 0.000000 -0.104359 0.376410 0.376410 0.376410
1711.145630 0.000000 2051.585449 0.000000 0.277070 0.000000 -0.960850 0.484382 0.484382 0.484382
1705.656006 0.000000 2073.547363 0.000000 0.775145 0.000000 -0.631783 0.279549 0.279549 0.279549
1711.917358 0.000000 2070.219482 0.000000 0.106453 0.000000 -0.994318 0.475842 0.475842 0.475842
1692.431641 0.000000 2040.945312 0.000000 0.991425 0.000000 -0.130679 0.410012 0.410012 0.410012
1682.230469 0.000000 2071.473145 0.000000 0.474419 0.000000 -0.880299 0.469338 0.469338 0.469338
1712.918701 0.000000 2048.423584 0.000000 0.830430 0.000000 -0.557123 0.406251 0.406251 0.406251
1675.406128 0.000000 2066.508301 0.000000 0.512677 0.000000 -0.858581 0.242255 0.242255 0.242255
1715.759033 0.000000 2064.802246 0.000000 0.917416 0.000000 -0.397929 0.413127 0.413127 0.413127
1699.666992 0.000000 2069.923828 0.000000 0.649928 0.000000 -0.759996 0.403552 0.403552 0.403552
1716.463989 0.000000 2048.519287 0.000000 0.250574 0.000000 -0.968097 0.240754 0.240754 0.240754
1698.857544 0.000000 2062.566406 0.000000 0.342882 0.000000 -0.939378 0.429200 0.429200 0.429200
1687.836548 0.000000 2084.050293 0.000000 0.308509 0.000000 -0.951221 0.496041 0.496041 0.496041
1697.099731 0.000000 2067.387207 0.000000 0.957940 0.000000 -0.286968 0.422235 0.422235 0.422235
1681.722656 0.000000 2085.614746 0.000000 0.723885 0.000000 -0.689921 0.454554 0.454554 0.454554
1694.608765 0.000000 2038.977173 0.000000 0.945987 0.000000 -0.324204 0.384623 0.384623 0.384623
1680.244385 0.000000 2062.635254 0.000000 0.003662 0.000000 -0.999993 0.426472 0.426472 0.426472
1697.062500 0.000000 2085.511475 0.000000 0.110330 0.000000 -0.993895 0.494056 0.494056 0.494056
1684.984863 0.000000 2070.635498 0.000000 0.688952 0.000000 -0.724807 0.330979 0.330979 0.330979
1683.443848 0.000000 2083.357178 0.000000 0.261075 0.000000 -0.965319 0.322859 0.322859 0.322859
1699.689819 0.000000 2085.039062 0.000000 0.841952 0.000000 -0.539552 0.318010 0.318010 0.318010
1683.640503 0.000000 2058.749268 0.000000 0.972946 0.000000 -0.231032 0.417054 0.417054 0.417054
1696.544556 0.000000 2080.769043 0.000000 0.525670 0.000000 -0.850689 0.379868 0.379868 0.379868
1698.111450 0.000000 2065.052734 0.000000 0.151213 0.000000 -0.988501 0.494233 0.494233 0.494233
1718.158813 0.000000 2065.497314 0.000000 0.994717 0.000000 -0.102659 0.267847 0.267847 0.267847
1666.575806 0.000000 2074.564453 0.000000 0.216868 0.000000 -0.976201 0.392303 0.392303 0.392303
1678.389282 0.000000 2066.822266 0.000000 0.445708 0.000000 -0.895178 0.328962 0.328962 0.328962
1683.362793 0.000000 2061.425293 0.000000 0.479407 0.000000 -0.877593 0.309238 0.309238 0.309238
1695.328735 0.000000 2083.759277 0.000000 0.521802 0.000000 -0.853067 0.324935 0.324935 0.324935
1697.365723 0.000000 2043.612305 0.000000 0.359324 0.000000 -0.933213 0.491922 0.491922 0.491922
1692.944580 0.000000 2069.304932 0.000000 1.000000 0.000000 -0.000482 0.373135 0.373135 0.373135
1705.650879 0.000000 2042.724243 0.000000 0.603971 0.000000 -0.797006 0.467467 0.467467 0.467467
1693.290894 0.000000 2075.780029 0.000000 0.542101 0.000000 -0.840313 0.466515 0.466515 0.466515
1687.885254 0.000000 2059.217529 0.000000 0.862617 0.000000 -0.505858 0.333502 0.333502 0.333502
1691.203247 0.000000 2072.755127 0.000000 0.579873 0.000000 -0.814707 0.467752 0.467752 0.467752
1720.096558 0.000000 2061.081543 0.000000 0.597083 0.000000 -0.802179 0.346172 0.346172 0.346172
1713.424561 0.000000 2071.854004 0.000000 0.371259 0.000000 -0.928529 0.359729 0.359729 0.359729
1704.648071 0.000000 2034.764160 0.000000 0.342812 0.000000 -0.939404 0.342744 0.342744 0.342744
1711.436157 0.000000 2068.158936 0.000000 0.622618 0.000000 -0.782526 0.345049 0.345049 0.345049
1691.966187 0.000000 2043.050659 0.000000 0.658994 0.000000 -0.752148 0.465036 0.465036 0.465036
1670.996948 0.000000 2073.694336 0.000000 0.952801 0.000000 -0.303597 0.422487 0.422487 0.422487
1711.135498 0.000000 2049.493652 0.000000 0.999844 0.000000 -0.017639 0.325603 0.325603 0.325603
1689.618530 0.000000 2085.114746 0.000000 0.650470 0.000000 -0.759532 0.465897 0.465897 0.465897
1673.807861 0.000000 2074.604736 0.000000 0.997044 0.000000 -0.076834 0.405875 0.405875 0.405875
1685.422607 0.000000 2057.792480 0.000000 0.822768 0.000000 -0.568378 0.446183 0.446183 0.446183
1710.245483 0.000000 2053.360107 0.000000 0.017293 0.000000 -0.999850 0.503553 0.503553 0.503553
1715.318481 0.000000 2067.078857 0.000000 0.332768 0.000000 -0.943009 0.494084 0.494084 0.494084
1672.076904 0.000000 2077.490967 0.000000 0.687893 0.000000 -0.725812 0.386795 0.386795 0.386795
1676.079956 0.000000 2064.726318 0.000000 0.029618 0.000000 -0.999561 0.501577 0.501577 0.501577
1680.905273 0.000000 2087.336914 0.000000 0.839167 0.000000 -0.543874 0.395974 0.395974 0.395974
1679.325439 0.000000 2068.446045 0.000000 0.868949 0.000000 -0.494902 0.427597 0.427597 0.427597
1674.618408 0.000000 2084.880859 0.000000 0.896987 0.000000 -0.442057 0.434752 0.434752 0.434752
1700.099365 0.000000 2071.755371 0.000000 0.984045 0.000000 -0.177918 0.412950 0.412950 0.412950
1668.189941 0.000000 2078.600830 0.000000 0.948253 0.000000 -0.317516 0.420812 0.420812 0.420812
1677.340454 0.000000 2073.664307 0.000000 0.676664 0.000000 -0.736292 0.463222 0.463222 0.463222
1674.780396 0.000000 2068.221436 0.000000 0.504206 0.000000 -0.863583 0.473123 0.473123 0.473123
1697.433594 0.000000 2069.240967 0.000000 0.304191 0.000000 -0.952611 0.450721 0.450721 0.450721
1694.021484 0.000000 2041.704468 0.000000 0.908528 0.000000 -0.417824 0.432930 0.432930 0.432930
1676.773804 0.000000 2067.621582 0.000000 0.995510 0.000000 -0.094655 0.349304 0.349304 0.349304
1705.963501 0.000000 2040.966797 0.000000 0.312948 0.000000 -0.949770 0.448580 0.448580 0.448580
1701.379272 0.000000 2070.324219 0.000000 0.878844 0.000000 -0.477110 0.436009 0.436009 0.436009
1678.389893 0.000000 2071.221924 0.000000 0.180390 0.000000 -0.983595 0.506143 0.506143 0.506143
1698.937256 0.000000 2035.222168 0.000000 0.071234 0.000000 -0.997460 0.488429 0.488429 0.488429
1677.317139 0.000000 2086.664795 0.000000 0.992871 0.000000 -0.119194 0.366703 0.366703 0.366703
1697.519409 0.000000 2041.298462 0.000000 0.256835 0.000000 -0.966455 0.500157 0.500157 0.500157
1681.688232 0.000000 2061.664307 0.000000 0.148969 0.000000 -0.988842 0.508577 0.508577 0.508577
1698.376221 0.000000 2049.880127 0.000000 0.806296 0.000000 -0.591512 0.446456 0.446456 0.446456
1683.343506 0.000000 2085.038574 0.000000 0.999970 0.000000 -0.007770 0.400594 0.400594 0.400594
1668.140625 0.000000 2075.005371 0.000000 0.924812 0.000000 -0.380424 0.429813 0.429813 0.429813
1675.256470 0.000000 2086.470947 0.000000 0.250146 0.000000 -0.968208 0.473830 0.473830 0.473830
1680.425903 0.000000 2084.140625 0.000000 0.232672 0.000000 -0.972555 0.495724 0.495724 0.495724
1717.385376 0.000000 2064.044678 0.000000 0.064851 0.000000 -0.997895 0.504892 0.504892 0.504892
1708.147461 0.000000 2049.072998 0.000000 0.947123 0.000000 -0.320869 0.420958 0.420958 0.420958
1716.777832 0.000000 2066.385498 0.000000 0.275324 0.000000 -0.961351 0.491596 0.491596 0.491596
1698.977539 0.000000 2047.936890 0.000000 0.273141 0.000000 -0.961974 0.498865 0.498865 0.498865
1670.562622 0.000000 2076.859619 0.000000 0.955496 0.000000 -0.295004 0.422877 0.422877 0.422877
1672.987061 0.000000 2088.145508 0.000000 0.469515 0.000000 -0.882925 0.442184 0.442184 0.442184
1697.853027 0.000000 2045.202271 0.000000 0.408349 0.000000 -0.912826 0.478677 0.478677 0.478677
1675.147339 0.000000 2071.603027 0.000000 0.387268 0.000000 -0.921967 0.489621 0.489621 0.489621
1686.338623 0.000000 2046.419922 0.000000 0.194165 0.000000 -0.980969 0.450426 0.450426 0.450426
1672.627686 0.000000 2073.461914 0.000000 0.638835 0.000000 -0.769343 0.467060 0.467060 0.467060
1715.609497 0.000000 2068.786621 0.000000 0.610908 0.000000 -0.791702 0.469793 0.469793 0.469793
1701.509033 0.000000 2048.825928 0.000000 0.692882 0.000000 -0.721051 0.453681 0.453681 0.453681
1701.106567 0.000000 2046.035522 0.000000 0.300992 0.000000 -0.953627 0.496644 0.496644 0.496644
1669.041260 0.000000 2077.214111 0.000000 0.327319 0.000000 -0.944914 0.491745 0.491745 0.491745
1686.444946 0.000000 2085.136230 0.000000 0.890899 0.000000 -0.454201 0.436018 0.436018 0.436018
1680.485229 0.000000 2058.549805 0.000000 0.092508 0.000000 -0.995712 0.512923 0.512923 0.512923
1679.217529 0.000000 2065.585938 0.000000 0.783888 0.000000 -0.620902 0.451176 0.451176 0.451176
1683.525024 0.000000 2070.371338 0.000000 0.878426 0.000000 -0.477879 0.432092 0.432092 0.432092
1678.835571 0.000000 2063.078125 0.000000 0.908191 0.000000 -0.418557 0.432991 0.432991 0.432991
1687.035400 0.000000 2043.874634 0.000000 0.587079 0.000000 -0.809530 0.472067 0.472067 0.472067
1674.665894 0.000000 2075.799072 0.000000 0.999549 0.000000 -0.030024 0.402294 0.402294 0.402294
1714.362427 0.000000 2068.135010 0.000000 0.923154 0.000000 -0.384430 0.430144 0.430144 0.430144
1680.399292 0.000000 2061.158203 0.000000 0.649347 0.000000 -0.760492 0.466010 0.466010 0.466010
1671.386597 0.000000 2078.653076 0.000000 0.998140 0.000000 -0.060965 0.404660 0.404660 0.404660
1684.561035 0.000000 2084.202881 0.000000 0.976348 0.000000 -0.216204 0.416648 0.416648 0.416648
1671.671631 0.000000 2114.778320 0.000000 0.323519 0.000000 -0.946222 0.256380 0.256380 0.256380
1666.396606 0.000000 2091.783936 0.000000 0.867552 0.000000 -0.497346 0.437687 0.437687 0.437687
1668.032593 0.000000 2121.533447 0.000000 0.961393 0.000000 -0.275179 0.421297 0.421297 0.421297
1664.098755 0.000000 2096.870850 0.000000 0.478962 0.000000 -0.877836 0.481843 0.481843 0.481843
1671.914795 0.000000 2091.758789 0.000000 0.738368 0.000000 -0.674398 0.456543 0.456543 0.456543
1670.330444 0.000000 2102.018799 0.000000 0.688004 0.000000 -0.725707 0.424011 0.424011 0.424011
1689.237549 0.000000 2096.080811 0.000000 0.767086 0.000000 -0.641545 0.453209 0.453209 0.453209
1683.771851 0.000000 2112.547363 0.000000 0.999479 0.000000 -0.032289 0.402177 0.402177 0.402177
1681.260132 0.000000 2116.378906 0.000000 0.993466 0.000000 -0.114126 0.340886 0.340886 0.340886
1664.514038 0.000000 2106.002686 0.000000 0.986710 0.000000 -0.162493 0.412469 0.412469 0.412469
1670.424683 0.000000 2110.281982 0.000000 0.747400 0.000000 -0.664374 0.423487 0.423487 0.423487
1679.197021 0.000000 2101.554688 0.000000 0.415995 0.000000 -0.909367 0.289676 0.289676 0.289676
1672.667603 0.000000 2094.701172 0.000000 0.265156 0.000000 -0.964206 0.251729 0.251729 0.251729
1673.084717 0.000000 2100.739746 0.000000 0.155179 0.000000 -0.987886 0.393300 0.393300 0.393300
1673.604492 0.000000 2117.376221 0.000000 0.997020 0.000000 -0.077146 0.405899 0.405899 0.405899
1664.936157 0.000000 2112.531494 0.000000 0.318514 0.000000 -0.947918 0.386365 0.386365 0.386365
1664.042358 0.000000 2089.929199 0.000000 0.446746 0.000000 -0.894661 0.429583 0.429583 0.429583
1667.820923 0.000000 2103.727295 0.000000 0.070844 0.000000 -0.997487 0.496610 0.496610 0.496610
1672.614380 0.000000 2103.450684 0.000000 0.659035 0.000000 -0.752112 0.364426 0.364426 0.364426
1686.782471 0.000000 2097.225342 0.000000 0.757382 0.000000 -0.652972 0.264578 0.264578 0.264578
1664.090088 0.000000 2093.217529 0.000000 0.998978 0.000000 -0.045201 0.391484 0.391484 0.391484
1670.395386 0.000000 2119.977539 0.000000 0.239472 0.000000 -0.970903 0.479546 0.479546 0.479546
1674.329468 0.000000 2114.626465 0.000000 0.993035 0.000000 -0.117818 0.249791 0.249791 0.249791
1681.436646 0.000000 2113.791016 0.000000 0.975585 0.000000 -0.219621 0.415810 0.415810 0.415810
1672.173828 0.000000 2112.188232 0.000000 0.412301 0.000000 -0.911048 0.371626 0.371626 0.371626
1691.677979 0.000000 2094.936035 0.000000 0.008148 0.000000 -0.999967 0.519378 0.519378 0.519378
1666.944702 0.000000 2107.317871 0.000000 0.043952 0.000000 -0.999034 0.516641 0.516641 0.516641
1669.141602 0.000000 2115.428223 0.000000 0.909250 0.000000 -0.416250 0.427867 0.427867 0.427867
1666.627808 0.000000 2118.629150 0.000000 0.421073 0.000000 -0.907027 0.486797 0.486797 0.486797
1674.166626 0.000000 2096.435547 0.000000 0.010922 0.000000 -0.999940 0.502031 0.502031 0.502031
1667.099243 0.000000 2116.623535 0.000000 0.379334 0.000000 -0.925260 0.490277 0.490277 0.490277
1670.935791 0.000000 2093.497803 0.000000 0.539977 0.000000 -0.841680 0.383576 0.383576 0.383576
1668.484009 0.000000 2119.670654 0.000000 0.387778 0.000000 -0.921753 0.489578 0.489578 0.489578
1676.251709 0.000000 2096.758057 0.000000 0.999442 0.000000 -0.033401 0.402377 0.402377 0.402377
1664.371582 0.000000 2095.006592 0.000000 0.951031 0.000000 -0.309095 0.424006 0.424006 0.424006
1669.832764 0.000000 2121.787598 0.000000 0.416811 0.000000 -0.908993 0.487155 0.487155 0.487155
1667.095581 0.000000 2105.372070 0.000000 0.012579 0.000000 -0.999921 0.519039 0.519039 0.519039
1680.985107 0.000000 2112.097656 0.000000 0.582566 0.000000 -0.812784 0.467754 0.467754 0.467754
1670.054321 0.000000 2091.520508 0.000000 0.821978 0.000000 -0.569520 0.446289 0.446289 0.446289
1666.335571 0.000000 2121.151855 0.000000 0.560967 0.000000 -0.827838 0.474503 0.474503 0.474503
1664.523315 0.000000 2091.577881 0.000000 0.195006 0.000000 -0.980802 0.494369 0.494369 0.494369
1664.043579 0.000000 2114.172852 0.000000 0.994296 0.000000 -0.106653 0.407069 0.407069 0.407069
1672.993164 0.000000 2093.048584 0.000000 0.877294 0.000000 -0.479953 0.438243 0.438243 0.438243
1674.256470 0.000000 2094.152588 0.000000 0.358739 0.000000 -0.933438 0.458751 0.458751 0.458751
1670.164185 0.000000 2118.491699 0.000000 0.890991 0.000000 -0.454022 0.426039 0.426039 0.426039
1672.364990 0.000000 2090.378662 0.000000 0.963858 0.000000 -0.266418 0.420602 0.420602 0.420602
1673.352417 0.000000 2091.531494 0.000000 0.294922 0.000000 -0.955521 0.497130 0.497130 0.497130
1690.256592 0.000000 2094.646729 0.000000 0.643032 0.000000 -0.765839 0.466642 0.466642 0.466642
1665.945557 0.000000 2106.225586 0.000000 0.091053 0.000000 -0.995846 0.513034 0.513034 0.513034
1667.093750 0.000000 2119.991943 0.000000 0.445898 0.000000 -0.895084 0.484692 0.484692 0.484692
1665.323608 0.000000 2095.979248 0.000000 0.216880 0.000000 -0.976198 0.503299 0.503299 0.503299
1666.058350 0.000000 2108.361328 0.000000 0.714769 0.000000 -0.699361 0.457041 0.457041 0.457041
1683.693726 0.000000 2119.257568 0.000000 0.998893 0.000000 -0.047042 0.403595 0.403595 0.403595
1580.662354 0.000000 2196.986328 0.000000 0.975959 0.000000 -0.217952 0.218945 0.218945 0.218945
1597.658813 0.000000 2181.721924 0.000000 0.842194 0.000000 -0.539175 0.265641 0.265641 0.265641
1587.213989 0.000000 2192.663574 0.000000 0.719279 0.000000 -0.694721 0.404487 0.404487 0.404487
1597.507935 0.000000 2196.183105 0.000000 0.457489 0.000000 -0.889215 0.483700 0.483700 0.483700
1597.611938 0.000000 2185.166016 0.000000 0.424493 0.000000 -0.905431 0.486509 0.486509 0.486509
1581.386597 0.000000 2201.113281 0.000000 0.905733 0.000000 -0.423850 0.337820 0.337820 0.337820
1595.001099 0.000000 2184.207275 0.000000 0.103052 0.000000 -0.994676 0.413514 0.413514 0.413514
1579.601562 0.000000 2199.306396 0.000000 0.297344 0.000000 -0.954770 0.327769 0.327769 0.327769
1599.510010 0.000000 2183.624756 0.000000 0.729085 0.000000 -0.684424 0.457587 0.457587 0.457587
1598.994507 0.000000 2194.030029 0.000000 0.574794 0.000000 -0.818298 0.453380 0.453380 0.453380
1585.129272 0.000000 2196.812256 0.000000 0.998369 0.000000 -0.057098 0.404364 0.404364 0.404364
1582.671509 0.000000 2192.860840 0.000000 0.703708 0.000000 -0.710489 0.422791 0.422791 0.422791
1585.315063 0.000000 2189.104492 0.000000 0.228643 0.000000 -0.973510 0.502377 0.502377 0.502377
1585.031494 0.000000 2192.744873 0.000000 0.999841 0.000000 -0.017837 0.401363 0.401363 0.401363
1599.374634 0.000000 2186.501709 0.000000 0.943889 0.000000 -0.330262 0.422688 0.422688 0.422688
1575.778442 0.000000 2202.241211 0.000000 0.027183 0.000000 -0.999630 0.517923 0.517923 0.517923
1581.836670 0.000000 2199.039062 0.000000 0.452174 0.000000 -0.891930 0.365442 0.365442 0.365442
1576.389160 0.000000 2200.036621 0.000000 0.760279 0.000000 -0.649596 0.454015 0.454015 0.454015
1596.454834 0.000000 2186.745361 0.000000 0.952196 0.000000 -0.305487 0.423717 0.423717 0.423717
1597.535767 0.000000 2200.581787 0.000000 0.956799 0.000000 -0.290749 0.395168 0.395168 0.395168
1599.210571 0.000000 2181.008057 0.000000 0.789996 0.000000 -0.613112 0.443994 0.443994 0.443994
1587.823975 0.000000 2190.740723 0.000000 0.246500 0.000000 -0.969143 0.498003 0.498003 0.498003
1597.975830 0.000000 2187.092041 0.000000 0.904518 0.000000 -0.426435 0.433655 0.433655 0.433655
1577.205444 0.000000 2202.862549 0.000000 0.315953 0.000000 -0.948775 0.495442 0.495442 0.495442
1597.587524 0.000000 2194.304199 0.000000 0.910096 0.000000 -0.414397 0.432642 0.432642 0.432642
1582.953857 0.000000 2199.805908 0.000000 0.285444 0.000000 -0.958395 0.497886 0.497886 0.497886
1585.044434 0.000000 2195.486572 0.000000 0.753958 0.000000 -0.656923 0.454754 0.454754 0.454754
1607.671631 0.000000 2171.262695 0.000000 0.590805 0.000000 -0.806814 0.206445 0.206445 0.206445
1618.127686 0.000000 2159.682373 0.000000 0.026438 0.000000 -0.999650 0.210988 0.210988 0.210988
1631.758545 0.000000 2176.565918 0.000000 0.976806 0.000000 -0.214127 0.201913 0.201913 0.201913
1649.519043 0.000000 2152.735840 0.000000 0.499826 0.000000 -0.866126 0.480015 0.480015 0.480015
1620.569458 0.000000 2151.792725 0.000000 0.367865 0.000000 -0.929879 0.217420 0.217420 0.217420
1615.273071 0.000000 2168.324707 0.000000 0.984882 0.000000 -0.173224 0.352823 0.352823 0.352823
1622.477783 0.000000 2181.299561 0.000000 0.334037 0.000000 -0.942560 0.284460 0.284460 0.284460
1623.890747 0.000000 2165.463867 0.000000 0.999710 0.000000 -0.024095 0.401841 0.401841 0.401841
1604.032593 0.000000 2178.017822 0.000000 0.351799 0.000000 -0.936076 0.403519 0.403519 0.403519
1626.122314 0.000000 2157.214600 0.000000 0.991444 0.000000 -0.130536 0.410001 0.410001 0.410001
1609.203857 0.000000 2182.106934 0.000000 0.699355 0.000000 -0.714775 0.460833 0.460833 0.460833
1614.873047 0.000000 2154.453369 0.000000 0.954459 0.000000 -0.298341 0.269927 0.269927 0.269927
1631.825928 0.000000 2154.528564 0.000000 0.324599 0.000000 -0.945852 0.306353 0.306353 0.306353
1644.063110 0.000000 2155.395264 0.000000 0.183212 0.000000 -0.983073 0.501424 0.501424 0.501424
1606.215332 0.000000 2195.343994 0.000000 0.099446 0.000000 -0.995043 0.505412 0.505412 0.505412
1623.491821 0.000000 2147.037842 0.000000 0.890840 0.000000 -0.454318 0.247681 0.247681 0.247681
1617.256958 0.000000 2181.121094 0.000000 0.977087 0.000000 -0.212841 0.246880 0.246880 0.246880
1616.971924 0.000000 2195.583252 0.000000 0.800983 0.000000 -0.598686 0.264523 0.264523 0.264523
1611.929565 0.000000 2158.412109 0.000000 0.861254 0.000000 -0.508175 0.256176 0.256176 0.256176
1614.875732 0.000000 2191.168213 0.000000 0.419450 0.000000 -0.907778 0.267157 0.267157 0.267157
1640.763306 0.000000 2161.528320 0.000000 0.491622 0.000000 -0.870809 0.218631 0.218631 0.218631
1635.991211 0.000000 2162.132812 0.000000 0.996454 0.000000 -0.084136 0.406435 0.406435 0.406435
1619.771851 0.000000 2169.031738 0.000000 0.203249 0.000000 -0.979127 0.383339 0.383339 0.383339
1634.015015 0.000000 2166.901855 0.000000 0.798666 0.000000 -0.601775 0.449329 0.449329 0.449329
1650.318481 0.000000 2146.612061 0.000000 0.907055 0.000000 -0.421012 0.245840 0.245840 0.245840
1640.015625 0.000000 2154.034912 0.000000 0.999003 0.000000 -0.044649 0.403312 0.403312 0.403312
1600.156738 0.000000 2201.306396 0.000000 0.832634 0.000000 -0.553823 0.219748 0.219748 0.219748
1638.889160 0.000000 2169.845947 0.000000 0.666761 0.000000 -0.745272 0.303226 0.303226 0.303226
1606.424683 0.000000 2166.766357 0.000000 0.664757 0.000000 -0.747060 0.226608 0.226608 0.226608
1638.686279 0.000000 2146.711914 0.000000 0.990342 0.000000 -0.138648 0.287189 0.287189 0.287189
1652.004028 0.000000 2149.733887 0.000000 0.844721 0.000000 -0.535206 0.443144 0.443144 0.443144
1629.020508 0.000000 2159.236572 0.000000 0.656758 0.000000 -0.754101 0.280638 0.280638 0.280638
1626.987305 0.000000 2146.495117 0.000000 0.877584 0.000000 -0.479423 0.426499 0.426499 0.426499
1642.835938 0.000000 2152.412598 0.000000 0.825150 0.000000 -0.564914 0.441216 0.441216 0.441216
1610.072266 0.000000 2202.578369 0.000000 0.193859 0.000000 -0.981029 0.399694 0.399694 0.399694
1606.056885 0.000000 2191.343994 0.000000 0.787609 0.000000 -0.616176 0.450716 0.450716 0.450716
1612.112305 0.000000 2161.312988 0.000000 0.932271 0.000000 -0.361761 0.428278 0.428278 0.428278
1617.360962 0.000000 2192.566650 0.000000 0.770573 0.000000 -0.637352 0.333790 0.333790 0.333790
1616.939697 0.000000 2162.334961 0.000000 0.941479 0.000000 -0.337071 0.426265 0.426265 0.426265
1607.213501 0.000000 2184.606201 0.000000 0.601225 0.000000 -0.799079 0.469336 0.469336 0.469336
1636.029297 0.000000 2164.958984 0.000000 0.997741 0.000000 -0.067178 0.366407 0.366407 0.366407
1616.186279 0.000000 2165.557617 0.000000 0.818054 0.000000 -0.575142 0.445130 0.445130 0.445130
1625.283936 0.000000 2168.023926 0.000000 0.992735 0.000000 -0.120324 0.409214 0.409214 0.409214
1614.979858 0.000000 2171.246338 0.000000 0.952362 0.000000 -0.304970 0.241399 0.241399 0.241399
1602.822754 0.000000 2180.374268 0.000000 0.988247 0.000000 -0.152863 0.349556 0.349556 0.349556
1612.375244 0.000000 2201.073975 0.000000 0.628340 0.000000 -0.777939 0.384649 0.384649 0.384649
1617.436646 0.000000 2170.275391 0.000000 0.398357 0.000000 -0.917230 0.307270 0.307270 0.307270
1604.384888 0.000000 2197.178955 0.000000 0.308488 0.000000 -0.951228 0.375947 0.375947 0.375947
1624.535645 0.000000 2162.761230 0.000000 0.989302 0.000000 -0.145881 0.321163 0.321163 0.321163
1623.339966 0.000000 2178.813721 0.000000 0.995648 0.000000 -0.093194 0.407130 0.407130 0.407130
1624.077515 0.000000 2155.802734 0.000000 0.999980 0.000000 -0.006395 0.400489 0.400489 0.400489
1633.641846 0.000000 2164.484863 0.000000 0.129131 0.000000 -0.991628 0.510108 0.510108 0.510108
1607.142944 0.000000 2173.790771 0.000000 0.715066 0.000000 -0.699057 0.274954 0.274954 0.274954
1630.816772 0.000000 2160.843994 0.000000 0.762590 0.000000 -0.646883 0.402582 0.402582 0.402582
1619.576538 0.000000 2181.857910 0.000000 0.322500 0.000000 -0.946570 0.328493 0.328493 0.328493
1611.263184 0.000000 2182.968506 0.000000 0.064494 0.000000 -0.997918 0.339280 0.339280 0.339280
1617.493042 0.000000 2190.379150 0.000000 0.400946 0.000000 -0.916102 0.485881 0.485881 0.485881
1627.443970 0.000000 2178.671143 0.000000 0.988958 0.000000 -0.148194 0.411363 0.411363 0.411363
1620.822021 0.000000 2177.517334 0.000000 0.530131 0.000000 -0.847916 0.387037 0.387037 0.387037
1627.966187 0.000000 2156.019287 0.000000 0.150011 0.000000 -0.988684 0.508497 0.508497 0.508497
1606.996948 0.000000 2186.663086 0.000000 0.867928 0.000000 -0.496690 0.438670 0.438670 0.438670
1616.098755 0.000000 2156.165771 0.000000 0.970729 0.000000 -0.240176 0.346210 0.346210 0.346210
1617.219849 0.000000 2157.864990 0.000000 0.295686 0.000000 -0.955285 0.388915 0.388915 0.388915
1605.572388 0.000000 2193.337158 0.000000 0.959157 0.000000 -0.282875 0.421909 0.421909 0.421909
1615.590576 0.000000 2198.502686 0.000000 0.991493 0.000000 -0.130159 0.408701 0.408701 0.408701
1627.528442 0.000000 2180.945557 0.000000 0.604333 0.000000 -0.796732 0.461680 0.461680 0.461680
1650.425415 0.000000 2148.560547 0.000000 0.689936 0.000000 -0.723871 0.461833 0.461833 0.461833
1616.278564 0.000000 2159.961914 0.000000 0.330814 0.000000 -0.943696 0.382736 0.382736 0.382736
1635.093018 0.000000 2168.782471 0.000000 0.933381 0.000000 -0.358886 0.424285 0.424285 0.424285
1604.189941 0.000000 2191.569580 0.000000 0.994641 0.000000 -0.103388 0.404264 0.404264 0.404264
1625.304810 0.000000 2147.399902 0.000000 0.804490 0.000000 -0.593966 0.448585 0.448585 0.448585
1653.097412 0.000000 2148.191650 0.000000 0.485505 0.000000 -0.874234 0.481273 0.481273 0.481273
1640.256470 0.000000 2163.253906 0.000000 0.275855 0.000000 -0.961199 0.485432 0.485432 0.485432
1624.422119 0.000000 2176.106445 0.000000 0.920010 0.000000 -0.391894 0.414024 0.414024 0.414024
1627.877563 0.000000 2157.897217 0.000000 0.133071 0.000000 -0.991106 0.509804 0.509804 0.509804
1641.963501 0.000000 2153.935547 0.000000 0.655066 0.000000 -0.755571 0.455170 0.455170 0.455170
1636.560669 0.000000 2160.461914 0.000000 0.919085 0.000000 -0.394059 0.364336 0.364336 0.364336
1618.362793 0.000000 2179.042725 0.000000 0.523249 0.000000 -0.852180 0.477933 0.477933 0.477933
1607.260376 0.000000 2193.010742 0.000000 0.736306 0.000000 -0.676648 0.454179 0.454179 0.454179
1621.609985 0.000000 2179.055176 0.000000 0.554546 0.000000 -0.832153 0.467732 0.467732 0.467732
1625.034546 0.000000 2178.352783 0.000000 0.950435 0.000000 -0.310925 0.424153 0.424153 0.424153
1626.057129 0.000000 2181.869385 0.000000 0.977390 0.000000 -0.211442 0.414255 0.414255 0.414255
1616.790405 0.000000 2154.561523 0.000000 0.989293 0.000000 -0.145942 0.409471 0.409471 0.409471
1613.317139 0.000000 2199.633545 0.000000 0.995170 0.000000 -0.098168 0.365655 0.365655 0.365655
1644.442261 0.000000 2152.918945 0.000000 0.542300 0.000000 -0.840185 0.476213 0.476213 0.476213
1634.376221 0.000000 2162.848877 0.000000 0.945103 0.000000 -0.326772 0.425431 0.425431 0.425431
1616.004883 0.000000 2163.874023 0.000000 0.662695 0.000000 -0.748889 0.464659 0.464659 0.464659
1606.562622 0.000000 2189.828369 0.000000 0.746655 0.000000 -0.665212 0.455598 0.455598 0.455598
1614.057373 0.000000 2198.242188 0.000000 0.993968 0.000000 -0.109667 0.407325 0.407325 0.407325
1655.848511 0.000000 2146.469238 0.000000 0.798377 0.000000 -0.602158 0.443074 0.443074 0.443074
1618.462158 0.000000 2162.986816 0.000000 0.999975 0.000000 -0.007073 0.400535 0.400535 0.400535
1617.818115 0.000000 2165.567383 0.000000 0.764623 0.000000 -0.644478 0.451579 0.451579 0.451579
1608.627686 0.000000 2186.430664 0.000000 0.713973 0.000000 -0.700173 0.459255 0.459255 0.459255
1601.639160 0.000000 2181.612549 0.000000 0.384804 0.000000 -0.922998 0.489825 0.489825 0.489825
1637.604126 0.000000 2168.990234 0.000000 0.973645 0.000000 -0.228067 0.417578 0.417578 0.417578
1617.469116 0.000000 2164.144775 0.000000 0.680461 0.000000 -0.732784 0.460569 0.460569 0.460569
1643.440918 0.000000 2154.094727 0.000000 0.955652 0.000000 -0.294498 0.422837 0.422837 0.422837
1632.868042 0.000000 2162.777588 0.000000 0.427053 0.000000 -0.904227 0.486292 0.486292 0.486292
1619.301880 0.000000 2165.975098 0.000000 0.997857 0.000000 -0.065437 0.405003 0.405003 0.405003
1634.581665 0.000000 2165.585938 0.000000 0.988992 0.000000 -0.147972 0.411346 0.411346 0.411346
1603.093750 0.000000 2176.476318 0.000000 0.866961 0.000000 -0.498376 0.439857 0.439857 0.439857
1647.546265 0.000000 2152.753662 0.000000 0.145308 0.000000 -0.989386 0.508860 0.508860 0.508860
1607.386597 0.000000 2191.621826 0.000000 0.991697 0.000000 -0.128599 0.409852 0.409852 0.409852
1578.673462 0.000000 2203.034424 0.000000 0.714648 0.000000 -0.699484 0.459181 0.459181 0.459181
1579.690186 0.000000 2206.454590 0.000000 0.198773 0.000000 -0.980046 0.402693 0.402693 0.402693
1574.792969 0.000000 2205.702637 0.000000 0.998135 0.000000 -0.061042 0.404087 0.404087 0.404087
1570.937256 0.000000 2204.675293 0.000000 0.520657 0.000000 -0.853766 0.452716 0.452716 0.452716
1572.990479 0.000000 2203.576172 0.000000 0.489840 0.000000 -0.871813 0.480893 0.480893 0.480893
1612.978516 0.000000 2203.626709 0.000000 0.635380 0.000000 -0.772199 0.292052 0.292052 0.292052
1602.396606 0.000000 2204.752686 0.000000 0.960666 0.000000 -0.277707 0.215001 0.215001 0.215001
1607.914795 0.000000 2204.727539 0.000000 0.595966 0.000000 -0.803010 0.457835 0.457835 0.457835
1615.831299 0.000000 2207.062500 0.000000 0.073134 0.000000 -0.997322 0.275162 0.275162 0.275162
1608.667603 0.000000 2207.669922 0.000000 0.994434 0.000000 -0.105362 0.407563 0.407563 0.407563
1609.795410 0.000000 2202.915039 0.000000 0.796139 0.000000 -0.605114 0.351047 0.351047 0.351047
1600.523315 0.000000 2204.546631 0.000000 0.993243 0.000000 -0.116055 0.407986 0.407986 0.407986
"}
