object={
	name="cypress_dense_generator_3_0"
	clamp_to_water_level=no
	render_under_water=no
	generated_content=yes
	layer="semidynamic_high"
	pdxmesh="tree_cypress_001_mesh"
	count=361
	transform="1704.053711 0.000000 2029.307373 0.000000 0.926982 0.000000 0.375106 0.303313 0.303313 0.303313
1698.603882 0.000000 2033.130615 0.000000 0.817183 0.000000 0.576378 0.349672 0.349672 0.349672
1655.432007 0.000000 2082.521240 0.000000 0.867132 0.000000 0.498078 0.230035 0.230035 0.230035
1659.962402 0.000000 2072.385742 0.000000 0.003225 0.000000 0.999995 0.239552 0.239552 0.239552
1650.448486 0.000000 2076.662354 0.000000 0.344897 0.000000 0.938640 0.248580 0.248580 0.248580
1663.451050 0.000000 2088.631836 0.000000 0.991985 0.000000 0.126359 0.390985 0.390985 0.390985
1653.265137 0.000000 2076.211670 0.000000 0.263094 0.000000 0.964770 0.300338 0.300338 0.300338
1652.212158 0.000000 2081.077637 0.000000 0.342652 0.000000 0.939463 0.306718 0.306718 0.306718
1623.371216 0.000000 2132.935791 0.000000 0.939193 0.000000 0.343389 0.197156 0.197156 0.197156
1617.360962 0.000000 2136.082275 0.000000 0.964808 0.000000 0.262955 0.197509 0.197509 0.197509
1638.962280 0.000000 2134.101807 0.000000 0.536407 0.000000 0.843959 0.203908 0.203908 0.203908
1662.970947 0.000000 2112.577881 0.000000 0.170587 0.000000 0.985343 0.205737 0.205737 0.205737
1650.516357 0.000000 2105.953369 0.000000 0.525017 0.000000 0.851092 0.211949 0.211949 0.211949
1663.824951 0.000000 2103.174561 0.000000 0.535679 0.000000 0.844422 0.212127 0.212127 0.212127
1654.588745 0.000000 2143.104980 0.000000 0.865905 0.000000 0.500208 0.221957 0.221957 0.221957
1641.205444 0.000000 2146.378174 0.000000 0.296090 0.000000 0.955160 0.251816 0.251816 0.251816
1660.926270 0.000000 2093.764893 0.000000 0.281167 0.000000 0.959659 0.255122 0.255122 0.255122
1648.927490 0.000000 2134.937744 0.000000 0.313115 0.000000 0.949715 0.257595 0.257595 0.257595
1635.658203 0.000000 2130.477295 0.000000 0.999399 0.000000 0.034657 0.320282 0.320282 0.320282
1628.231812 0.000000 2131.524658 0.000000 0.987813 0.000000 0.155645 0.294345 0.294345 0.294345
1660.552124 0.000000 2091.231201 0.000000 0.843332 0.000000 0.537393 0.313490 0.313490 0.313490
1657.653687 0.000000 2142.762451 0.000000 0.977017 0.000000 0.213163 0.318837 0.318837 0.318837
1646.526123 0.000000 2117.650146 0.000000 0.753861 0.000000 0.657034 0.286063 0.286063 0.286063
1641.080811 0.000000 2117.439209 0.000000 0.032301 0.000000 0.999478 0.280755 0.280755 0.280755
1648.198730 0.000000 2113.593750 0.000000 0.998509 0.000000 0.054596 0.361377 0.361377 0.361377
1654.707520 0.000000 2105.205566 0.000000 0.064146 0.000000 0.997940 0.289407 0.289407 0.289407
1657.661377 0.000000 2107.653809 0.000000 0.620686 0.000000 0.784060 0.294651 0.294651 0.294651
1638.235229 0.000000 2127.406494 0.000000 0.974715 0.000000 0.223452 0.385541 0.385541 0.385541
1633.751221 0.000000 2129.898438 0.000000 0.968683 0.000000 0.248300 0.358590 0.358590 0.358590
1651.106567 0.000000 2106.790039 0.000000 0.072247 0.000000 0.997387 0.285997 0.285997 0.285997
1630.392822 0.000000 2139.763428 0.000000 0.855345 0.000000 0.518059 0.349235 0.349235 0.349235
1640.988525 0.000000 2142.629395 0.000000 0.100275 0.000000 0.994960 0.303410 0.303410 0.303410
1627.129883 0.000000 2132.726074 0.000000 0.997279 0.000000 0.073714 0.395119 0.395119 0.395119
1653.169434 0.000000 2111.744141 0.000000 0.988854 0.000000 0.148889 0.390486 0.390486 0.390486
1621.506592 0.000000 2137.278076 0.000000 0.590382 0.000000 0.807124 0.339501 0.339501 0.339501
1661.943359 0.000000 2095.932617 0.000000 0.984404 0.000000 0.175923 0.387373 0.387373 0.387373
1650.836792 0.000000 2108.739746 0.000000 0.003068 0.000000 0.999995 0.285714 0.285714 0.285714
1630.850586 0.000000 2135.245361 0.000000 0.024800 0.000000 0.999692 0.293467 0.293467 0.293467
1628.200562 0.000000 2137.217285 0.000000 0.995030 0.000000 0.099577 0.392380 0.392380 0.392380
1646.968262 0.000000 2132.883789 0.000000 0.429115 0.000000 0.903250 0.327953 0.327953 0.327953
1641.341431 0.000000 2136.361084 0.000000 0.312522 0.000000 0.949911 0.304282 0.304282 0.304282
1652.485962 0.000000 2107.445557 0.000000 0.448895 0.000000 0.893585 0.327429 0.327429 0.327429
1660.598145 0.000000 2094.683838 0.000000 0.689283 0.000000 0.724492 0.342144 0.342144 0.342144
1620.250488 0.000000 2141.523438 0.000000 0.088766 0.000000 0.996052 0.300109 0.300109 0.300109
1643.210693 0.000000 2117.365479 0.000000 0.850899 0.000000 0.525329 0.357746 0.357746 0.357746
1649.754639 0.000000 2133.704346 0.000000 0.922942 0.000000 0.384938 0.369813 0.369813 0.369813
1653.175537 0.000000 2117.341309 0.000000 0.909552 0.000000 0.415590 0.367258 0.367258 0.367258
1643.233643 0.000000 2121.722900 0.000000 0.987338 0.000000 0.158631 0.387830 0.387830 0.387830
1627.523315 0.000000 2139.103271 0.000000 0.928667 0.000000 0.370915 0.370971 0.370971 0.370971
1643.156860 0.000000 2119.800049 0.000000 0.968535 0.000000 0.248877 0.380785 0.380785 0.380785
1653.423096 0.000000 2114.169922 0.000000 0.964436 0.000000 0.264316 0.379565 0.379565 0.379565
1635.050781 0.000000 2140.868164 0.000000 0.022482 0.000000 0.999747 0.288289 0.288289 0.288289
1641.793701 0.000000 2122.095459 0.000000 0.816312 0.000000 0.577612 0.352956 0.352956 0.352956
1663.648560 0.000000 2099.084473 0.000000 0.880444 0.000000 0.474150 0.362261 0.362261 0.362261
1650.672119 0.000000 2109.974609 0.000000 0.934428 0.000000 0.356151 0.373454 0.373454 0.373454
1652.219971 0.000000 2115.114990 0.000000 0.906781 0.000000 0.421602 0.366752 0.366752 0.366752
1643.839478 0.000000 2116.570312 0.000000 0.225052 0.000000 0.974347 0.297341 0.297341 0.297341
1648.898193 0.000000 2115.937500 0.000000 0.856369 0.000000 0.516365 0.358548 0.358548 0.358548
1662.679688 0.000000 2127.294434 0.000000 0.968353 0.000000 0.249584 0.380729 0.380729 0.380729
1661.822998 0.000000 2114.711670 0.000000 0.134893 0.000000 0.990860 0.290337 0.290337 0.290337
1654.634155 0.000000 2114.489258 0.000000 0.840683 0.000000 0.541527 0.356283 0.356283 0.356283
1627.169800 0.000000 2134.227295 0.000000 0.066300 0.000000 0.997800 0.296336 0.296336 0.296336
1656.510986 0.000000 2132.834473 0.000000 0.978112 0.000000 0.208077 0.385714 0.385714 0.385714
1655.281128 0.000000 2115.652100 0.000000 0.821914 0.000000 0.569612 0.353702 0.353702 0.353702
1628.670044 0.000000 2127.995850 0.000000 0.940710 0.000000 0.339211 0.373562 0.373562 0.373562
1652.191650 0.000000 2116.732666 0.000000 0.847825 0.000000 0.530276 0.357301 0.357301 0.357301
1623.568359 0.000000 2138.690186 0.000000 0.895531 0.000000 0.445000 0.366266 0.366266 0.366266
1653.553467 0.000000 2115.683350 0.000000 0.999303 0.000000 0.037335 0.397147 0.397147 0.397147
1649.769775 0.000000 2114.482666 0.000000 0.024927 0.000000 0.999689 0.281905 0.281905 0.281905
1656.638672 0.000000 2112.931885 0.000000 0.926403 0.000000 0.376533 0.370508 0.370508 0.370508
1650.340454 0.000000 2115.432617 0.000000 0.980210 0.000000 0.197960 0.384776 0.384776 0.384776
1661.407104 0.000000 2094.479248 0.000000 0.122176 0.000000 0.992508 0.296589 0.296589 0.296589
1659.215332 0.000000 2131.948730 0.000000 0.363446 0.000000 0.931615 0.308416 0.308416 0.308416
1636.594482 0.000000 2141.336914 0.000000 0.966761 0.000000 0.255681 0.380248 0.380248 0.380248
1651.621460 0.000000 2133.470703 0.000000 0.931024 0.000000 0.364959 0.372113 0.372113 0.372113
1662.333008 0.000000 2095.156738 0.000000 0.409631 0.000000 0.912251 0.312242 0.312242 0.312242
1635.922485 0.000000 2140.746826 0.000000 0.249484 0.000000 0.968379 0.304859 0.304859 0.304859
1663.485229 0.000000 2127.957031 0.000000 0.253326 0.000000 0.967381 0.299566 0.299566 0.299566
1662.803955 0.000000 2092.865234 0.000000 0.987355 0.000000 0.158527 0.387838 0.387838 0.387838
1629.767578 0.000000 2126.295410 0.000000 0.815624 0.000000 0.578582 0.352866 0.352866 0.352866
1652.609253 0.000000 2118.280273 0.000000 0.190347 0.000000 0.981717 0.294631 0.294631 0.294631
1662.761841 0.000000 2091.214844 0.000000 0.591204 0.000000 0.806522 0.328323 0.328323 0.328323
1661.930420 0.000000 2131.429199 0.000000 0.717538 0.000000 0.696520 0.341135 0.341135 0.341135
1662.692139 0.000000 2093.677002 0.000000 0.682182 0.000000 0.731182 0.337353 0.337353 0.337353
1657.156982 0.000000 2104.401367 0.000000 0.623435 0.000000 0.781875 0.331423 0.331423 0.331423
1640.884766 0.000000 2122.229980 0.000000 0.335414 0.000000 0.942071 0.306130 0.306130 0.306130
1640.893677 0.000000 2134.832520 0.000000 0.161875 0.000000 0.986811 0.292421 0.292421 0.292421
1657.202148 0.000000 2145.417480 0.000000 0.319319 0.000000 0.947647 0.304829 0.304829 0.304829
1625.987915 0.000000 2138.472412 0.000000 0.986010 0.000000 0.166686 0.387206 0.387206 0.387206
1670.508057 0.000000 2085.528564 0.000000 0.147864 0.000000 0.989008 0.187394 0.187394 0.187394
1691.635498 0.000000 2056.487793 0.000000 0.683750 0.000000 0.729716 0.192445 0.192445 0.192445
1700.550415 0.000000 2064.231445 0.000000 0.262052 0.000000 0.965054 0.189745 0.189745 0.189745
1702.792969 0.000000 2036.249512 0.000000 0.927383 0.000000 0.374114 0.214668 0.214668 0.214668
1671.784180 0.000000 2086.753906 0.000000 0.965114 0.000000 0.261832 0.241689 0.241689 0.241689
1721.864868 0.000000 2062.028809 0.000000 0.641405 0.000000 0.767202 0.218641 0.218641 0.218641
1706.414917 0.000000 2053.055664 0.000000 0.464466 0.000000 0.885591 0.231049 0.231049 0.231049
1706.135254 0.000000 2037.937012 0.000000 0.890295 0.000000 0.455384 0.236906 0.236906 0.236906
1682.834473 0.000000 2060.026855 0.000000 0.098428 0.000000 0.995144 0.242729 0.242729 0.242729
1691.790405 0.000000 2052.190918 0.000000 0.850190 0.000000 0.526476 0.269624 0.269624 0.269624
1696.052002 0.000000 2033.459717 0.000000 0.849211 0.000000 0.528054 0.282021 0.282021 0.282021
1694.176025 0.000000 2084.595459 0.000000 0.098389 0.000000 0.995148 0.238439 0.238439 0.238439
1671.661987 0.000000 2070.162842 0.000000 0.900519 0.000000 0.434816 0.264487 0.264487 0.264487
1703.339722 0.000000 2035.020020 0.000000 0.988918 0.000000 0.148465 0.288112 0.288112 0.288112
1704.166626 0.000000 2046.043579 0.000000 0.838006 0.000000 0.545661 0.267096 0.267096 0.267096
1705.855957 0.000000 2034.453125 0.000000 0.373866 0.000000 0.927483 0.265604 0.265604 0.265604
1692.046265 0.000000 2066.751709 0.000000 0.941631 0.000000 0.336647 0.295687 0.295687 0.295687
1697.743164 0.000000 2033.675903 0.000000 0.997308 0.000000 0.073321 0.296899 0.296899 0.296899
1679.586548 0.000000 2059.306885 0.000000 0.903356 0.000000 0.428892 0.288460 0.288460 0.288460
1689.831665 0.000000 2040.580933 0.000000 0.937060 0.000000 0.349169 0.287158 0.287158 0.287158
1691.823975 0.000000 2046.299072 0.000000 0.923713 0.000000 0.383085 0.304989 0.304989 0.304989
1701.645630 0.000000 2069.217285 0.000000 0.237208 0.000000 0.971459 0.280833 0.280833 0.280833
1678.558228 0.000000 2086.310303 0.000000 0.585010 0.000000 0.811026 0.305464 0.305464 0.305464
1710.890259 0.000000 2069.692383 0.000000 0.777844 0.000000 0.628457 0.290040 0.290040 0.290040
1684.036987 0.000000 2073.186279 0.000000 0.990881 0.000000 0.134743 0.321927 0.321927 0.321927
1666.422119 0.000000 2072.435791 0.000000 0.881839 0.000000 0.471551 0.300458 0.300458 0.300458
1676.296631 0.000000 2087.023193 0.000000 0.595636 0.000000 0.803255 0.314577 0.314577 0.314577
1691.906006 0.000000 2071.851807 0.000000 0.524592 0.000000 0.851354 0.308116 0.308116 0.308116
1697.875488 0.000000 2068.200195 0.000000 0.088257 0.000000 0.996098 0.296542 0.296542 0.296542
1698.961548 0.000000 2082.618652 0.000000 0.933354 0.000000 0.358956 0.347496 0.347496 0.347496
1679.440918 0.000000 2084.473633 0.000000 0.898778 0.000000 0.438403 0.324962 0.324962 0.324962
1713.666626 0.000000 2053.808105 0.000000 0.995513 0.000000 0.094628 0.338720 0.338720 0.338720
1697.586304 0.000000 2080.557617 0.000000 0.767011 0.000000 0.641634 0.308075 0.308075 0.308075
1684.864624 0.000000 2086.604248 0.000000 0.374760 0.000000 0.927122 0.295208 0.295208 0.295208
1694.140625 0.000000 2069.103760 0.000000 0.876830 0.000000 0.480801 0.364440 0.364440 0.364440
1700.130493 0.000000 2033.438354 0.000000 0.989594 0.000000 0.143890 0.355762 0.355762 0.355762
1683.158691 0.000000 2087.768555 0.000000 0.449293 0.000000 0.893385 0.315724 0.315724 0.315724
1719.580811 0.000000 2063.477295 0.000000 0.992841 0.000000 0.119447 0.380606 0.380606 0.380606
1679.746826 0.000000 2086.800537 0.000000 0.204289 0.000000 0.978911 0.286411 0.286411 0.286411
1720.119751 0.000000 2059.835205 0.000000 0.738884 0.000000 0.673833 0.311436 0.311436 0.311436
1669.164062 0.000000 2078.864746 0.000000 0.681333 0.000000 0.731973 0.347105 0.347105 0.347105
1686.826050 0.000000 2083.986572 0.000000 0.990649 0.000000 0.136436 0.356141 0.356141 0.356141
1684.484253 0.000000 2058.210938 0.000000 0.986727 0.000000 0.162386 0.334675 0.334675 0.334675
1698.059082 0.000000 2034.616943 0.000000 0.338172 0.000000 0.941084 0.319565 0.319565 0.319565
1688.943970 0.000000 2046.363525 0.000000 0.636798 0.000000 0.771030 0.343204 0.343204 0.343204
1680.803589 0.000000 2056.568848 0.000000 0.913057 0.000000 0.407831 0.352420 0.352420 0.352420
1696.414062 0.000000 2069.469482 0.000000 0.822584 0.000000 0.568644 0.345848 0.345848 0.345848
1689.231934 0.000000 2082.208740 0.000000 0.428280 0.000000 0.903646 0.308338 0.308338 0.308338
1681.620483 0.000000 2086.577637 0.000000 0.982758 0.000000 0.184895 0.356818 0.356818 0.356818
1670.509888 0.000000 2088.285156 0.000000 0.147393 0.000000 0.989078 0.297127 0.297127 0.297127
1716.046265 0.000000 2065.739502 0.000000 0.997912 0.000000 0.064587 0.395498 0.395498 0.395498
1696.645630 0.000000 2064.012695 0.000000 0.313041 0.000000 0.949740 0.311916 0.311916 0.311916
1683.247314 0.000000 2071.287109 0.000000 0.474987 0.000000 0.879993 0.330704 0.330704 0.330704
1709.085327 0.000000 2049.003906 0.000000 0.162519 0.000000 0.986705 0.309690 0.309690 0.309690
1695.107788 0.000000 2070.664307 0.000000 0.824950 0.000000 0.565205 0.357560 0.357560 0.357560
1672.909424 0.000000 2074.355713 0.000000 0.463721 0.000000 0.885981 0.316837 0.316837 0.316837
1698.721069 0.000000 2047.054199 0.000000 0.359871 0.000000 0.933002 0.308123 0.308123 0.308123
1682.325195 0.000000 2084.836670 0.000000 0.182730 0.000000 0.983163 0.294038 0.294038 0.294038
1674.577148 0.000000 2087.076172 0.000000 0.738651 0.000000 0.674088 0.348066 0.348066 0.348066
1690.924561 0.000000 2044.931396 0.000000 0.204457 0.000000 0.978875 0.295730 0.295730 0.295730
1696.121094 0.000000 2083.316162 0.000000 0.707352 0.000000 0.706861 0.340026 0.340026 0.340026
1674.618042 0.000000 2085.804932 0.000000 0.247390 0.000000 0.968916 0.299757 0.299757 0.299757
1698.097168 0.000000 2047.732422 0.000000 0.177805 0.000000 0.984066 0.293656 0.293656 0.293656
1696.472168 0.000000 2043.794189 0.000000 0.838065 0.000000 0.545570 0.355915 0.355915 0.355915
1682.104126 0.000000 2059.472656 0.000000 0.999526 0.000000 0.030775 0.397749 0.397749 0.397749
1686.503662 0.000000 2086.057617 0.000000 0.972409 0.000000 0.233284 0.384893 0.384893 0.384893
1693.719116 0.000000 2045.715698 0.000000 0.360883 0.000000 0.932611 0.321705 0.321705 0.321705
1678.905151 0.000000 2071.972656 0.000000 0.710870 0.000000 0.703324 0.340408 0.340408 0.340408
1677.502563 0.000000 2071.326904 0.000000 0.535615 0.000000 0.844463 0.323181 0.323181 0.323181
1712.715332 0.000000 2069.777832 0.000000 0.990404 0.000000 0.138200 0.389408 0.389408 0.389408
1692.538330 0.000000 2045.524902 0.000000 0.995753 0.000000 0.092067 0.393992 0.393992 0.393992
1688.412354 0.000000 2084.704102 0.000000 0.587906 0.000000 0.808929 0.328011 0.328011 0.328011
1693.604858 0.000000 2071.128174 0.000000 0.962750 0.000000 0.270393 0.381681 0.381681 0.381681
1686.601929 0.000000 2043.065430 0.000000 0.578613 0.000000 0.815602 0.327137 0.327137 0.327137
1698.722900 0.000000 2065.700928 0.000000 0.561595 0.000000 0.827412 0.335286 0.335286 0.335286
1673.481689 0.000000 2073.659668 0.000000 0.370056 0.000000 0.929010 0.308959 0.308959 0.308959
1689.430786 0.000000 2055.916748 0.000000 0.900405 0.000000 0.435052 0.367975 0.367975 0.367975
1680.362305 0.000000 2070.975342 0.000000 0.684197 0.000000 0.729297 0.337563 0.337563 0.337563
1678.996094 0.000000 2070.612793 0.000000 0.612173 0.000000 0.790724 0.330329 0.330329 0.330329
1706.220337 0.000000 2048.690186 0.000000 0.985829 0.000000 0.167755 0.388723 0.388723 0.388723
1692.945068 0.000000 2043.120605 0.000000 0.469689 0.000000 0.882832 0.317352 0.317352 0.317352
1669.878784 0.000000 2077.522217 0.000000 0.523707 0.000000 0.851898 0.324399 0.324399 0.324399
1699.731445 0.000000 2064.486816 0.000000 0.408356 0.000000 0.912823 0.323621 0.323621 0.323621
1686.729614 0.000000 2044.688965 0.000000 0.986619 0.000000 0.163043 0.387489 0.387489 0.387489
1672.052002 0.000000 2079.188721 0.000000 0.545504 0.000000 0.838108 0.334499 0.334499 0.334499
1688.593750 0.000000 2052.976807 0.000000 0.400030 0.000000 0.916502 0.311440 0.311440 0.311440
1694.799683 0.000000 2043.648560 0.000000 0.998992 0.000000 0.044889 0.396996 0.396996 0.396996
1698.206055 0.000000 2042.013794 0.000000 0.348831 0.000000 0.937186 0.307524 0.307524 0.307524
1699.758057 0.000000 2048.310303 0.000000 0.515924 0.000000 0.856635 0.324494 0.324494 0.324494
1708.766602 0.000000 2051.460938 0.000000 0.702583 0.000000 0.711602 0.343269 0.343269 0.343269
1679.686401 0.000000 2063.271240 0.000000 0.941966 0.000000 0.335708 0.373846 0.373846 0.373846
1682.187622 0.000000 2057.697266 0.000000 0.051153 0.000000 0.998691 0.289980 0.289980 0.289980
1687.048828 0.000000 2052.640381 0.000000 0.705148 0.000000 0.709060 0.339789 0.339789 0.339789
1668.903198 0.000000 2075.383301 0.000000 0.517065 0.000000 0.855946 0.321514 0.321514 0.321514
1682.975586 0.000000 2056.241211 0.000000 0.957625 0.000000 0.288017 0.378848 0.378848 0.378848
1696.140015 0.000000 2040.743164 0.000000 0.753853 0.000000 0.657043 0.345234 0.345234 0.345234
1716.506592 0.000000 2064.454102 0.000000 0.796933 0.000000 0.604068 0.354823 0.354823 0.354823
1673.061523 0.000000 2072.750977 0.000000 0.806169 0.000000 0.591685 0.351631 0.351631 0.351631
1678.695068 0.000000 2063.888184 0.000000 0.302164 0.000000 0.953256 0.303450 0.303450 0.303450
1682.925293 0.000000 2059.210938 0.000000 0.499189 0.000000 0.866493 0.323330 0.323330 0.323330
1691.913330 0.000000 2073.402100 0.000000 0.402895 0.000000 0.915246 0.317740 0.317740 0.317740
1674.381348 0.000000 2071.889404 0.000000 0.857701 0.000000 0.514149 0.358746 0.358746 0.358746
1676.707031 0.000000 2069.579102 0.000000 0.764325 0.000000 0.644831 0.346463 0.346463 0.346463
1687.556396 0.000000 2053.284668 0.000000 0.646967 0.000000 0.762518 0.333751 0.333751 0.333751
1692.848511 0.000000 2040.265625 0.000000 0.229185 0.000000 0.973383 0.297665 0.297665 0.297665
1695.693115 0.000000 2067.966309 0.000000 0.418879 0.000000 0.908042 0.313018 0.313018 0.313018
1691.399414 0.000000 2045.552612 0.000000 0.046226 0.000000 0.998931 0.283533 0.283533 0.283533
1685.313599 0.000000 2056.986816 0.000000 0.872722 0.000000 0.488217 0.361035 0.361035 0.361035
1676.684937 0.000000 2074.913574 0.000000 0.602985 0.000000 0.797752 0.329445 0.329445 0.329445
1688.376709 0.000000 2044.911621 0.000000 0.870757 0.000000 0.491714 0.360729 0.360729 0.360729
1675.453247 0.000000 2075.860107 0.000000 0.365520 0.000000 0.930804 0.308586 0.308586 0.308586
1679.395142 0.000000 2062.549805 0.000000 0.996872 0.000000 0.079030 0.393956 0.393956 0.393956
1689.367188 0.000000 2043.762207 0.000000 0.055670 0.000000 0.998449 0.284255 0.284255 0.284255
1715.265747 0.000000 2069.489502 0.000000 0.085279 0.000000 0.996357 0.286523 0.286523 0.286523
1689.970947 0.000000 2052.855469 0.000000 0.996306 0.000000 0.085870 0.393432 0.393432 0.393432
1668.602173 0.000000 2092.527588 0.000000 0.740100 0.000000 0.672497 0.207188 0.207188 0.207188
1675.316406 0.000000 2090.838867 0.000000 0.642775 0.000000 0.766055 0.233393 0.233393 0.233393
1683.521729 0.000000 2121.697510 0.000000 0.928307 0.000000 0.371815 0.270255 0.270255 0.270255
1671.500366 0.000000 2109.218262 0.000000 0.692376 0.000000 0.721537 0.252052 0.252052 0.252052
1673.453735 0.000000 2102.592285 0.000000 0.871083 0.000000 0.491135 0.310091 0.310091 0.310091
1670.916748 0.000000 2092.345703 0.000000 0.999193 0.000000 0.040166 0.338891 0.338891 0.338891
1669.924316 0.000000 2105.561279 0.000000 0.896412 0.000000 0.443222 0.313213 0.313213 0.313213
1664.361694 0.000000 2111.557861 0.000000 0.231328 0.000000 0.972876 0.292684 0.292684 0.292684
1665.343872 0.000000 2103.235352 0.000000 0.961325 0.000000 0.275417 0.336795 0.336795 0.336795
1664.016479 0.000000 2113.075195 0.000000 0.853831 0.000000 0.520550 0.312462 0.312462 0.312462
1667.739746 0.000000 2112.192627 0.000000 0.496641 0.000000 0.867956 0.280215 0.280215 0.280215
1674.814819 0.000000 2099.285156 0.000000 0.408577 0.000000 0.912724 0.290521 0.290521 0.290521
1666.728394 0.000000 2089.943604 0.000000 0.350976 0.000000 0.936384 0.295391 0.295391 0.295391
1664.599487 0.000000 2117.476074 0.000000 0.183945 0.000000 0.982937 0.301408 0.301408 0.301408
1664.673096 0.000000 2090.601318 0.000000 0.074073 0.000000 0.997253 0.297247 0.297247 0.297247
1665.834839 0.000000 2117.029785 0.000000 0.999901 0.000000 0.014040 0.377928 0.377928 0.377928
1673.684814 0.000000 2116.419678 0.000000 0.857109 0.000000 0.515135 0.358658 0.358658 0.358658
1673.240723 0.000000 2090.651611 0.000000 0.995179 0.000000 0.098078 0.392495 0.392495 0.392495
1668.478760 0.000000 2114.833984 0.000000 0.999579 0.000000 0.029001 0.398117 0.398117 0.398117
1691.286255 0.000000 2095.729004 0.000000 0.987952 0.000000 0.154762 0.388129 0.388129 0.388129
1664.330566 0.000000 2097.725830 0.000000 0.531580 0.000000 0.847008 0.322816 0.322816 0.322816
1673.770142 0.000000 2119.898682 0.000000 0.062751 0.000000 0.998029 0.284797 0.284797 0.284797
1689.369019 0.000000 2097.765625 0.000000 0.689224 0.000000 0.724549 0.338092 0.338092 0.338092
1672.587891 0.000000 2091.240723 0.000000 0.360266 0.000000 0.932850 0.308155 0.308155 0.308155
1665.634644 0.000000 2095.200684 0.000000 0.700670 0.000000 0.713486 0.339308 0.339308 0.339308
1666.343994 0.000000 2093.776855 0.000000 0.883301 0.000000 0.468806 0.362724 0.362724 0.362724
1669.598633 0.000000 2120.219482 0.000000 0.215207 0.000000 0.976568 0.296570 0.296570 0.296570
1666.271729 0.000000 2119.360107 0.000000 0.235774 0.000000 0.971808 0.298183 0.298183 0.298183
1666.654907 0.000000 2108.866943 0.000000 0.995192 0.000000 0.097945 0.392775 0.392775 0.392775
1689.045044 0.000000 2097.044922 0.000000 0.072208 0.000000 0.997390 0.285521 0.285521 0.285521
1667.168457 0.000000 2118.070557 0.000000 0.988719 0.000000 0.149780 0.388514 0.388514 0.388514
1597.810303 0.000000 2180.059814 0.000000 0.371596 0.000000 0.928394 0.230727 0.230727 0.230727
1586.908447 0.000000 2185.172119 0.000000 0.505191 0.000000 0.863008 0.229342 0.229342 0.229342
1578.601562 0.000000 2198.254883 0.000000 0.964288 0.000000 0.264857 0.283616 0.283616 0.283616
1580.898315 0.000000 2202.267090 0.000000 0.898533 0.000000 0.438906 0.306637 0.306637 0.306637
1596.293213 0.000000 2202.729004 0.000000 0.999981 0.000000 0.006171 0.309036 0.309036 0.309036
1594.459351 0.000000 2187.930420 0.000000 0.121176 0.000000 0.992631 0.275314 0.275314 0.275314
1599.583862 0.000000 2198.701172 0.000000 0.883177 0.000000 0.469040 0.355171 0.355171 0.355171
1598.947754 0.000000 2180.057861 0.000000 0.713821 0.000000 0.700329 0.348283 0.348283 0.348283
1587.209229 0.000000 2186.116699 0.000000 0.892361 0.000000 0.451322 0.367853 0.367853 0.367853
1598.219604 0.000000 2180.941406 0.000000 0.278962 0.000000 0.960302 0.314139 0.314139 0.314139
1596.995361 0.000000 2199.812012 0.000000 0.876206 0.000000 0.481937 0.365225 0.365225 0.365225
1586.970093 0.000000 2190.422852 0.000000 0.866202 0.000000 0.499695 0.361203 0.361203 0.361203
1578.893188 0.000000 2201.361816 0.000000 0.196310 0.000000 0.980542 0.295095 0.295095 0.295095
1597.235107 0.000000 2195.101318 0.000000 0.134798 0.000000 0.990873 0.290329 0.290329 0.290329
1599.283813 0.000000 2197.534180 0.000000 0.993780 0.000000 0.111360 0.391475 0.391475 0.391475
1597.895142 0.000000 2198.489014 0.000000 0.165651 0.000000 0.986184 0.302881 0.302881 0.302881
1599.451050 0.000000 2201.600586 0.000000 0.684524 0.000000 0.728990 0.346163 0.346163 0.346163
1599.161743 0.000000 2185.614990 0.000000 0.841978 0.000000 0.539511 0.356466 0.356466 0.356466
1576.628052 0.000000 2202.193115 0.000000 0.337607 0.000000 0.941287 0.306308 0.306308 0.306308
1583.146851 0.000000 2199.009277 0.000000 0.981189 0.000000 0.193047 0.385159 0.385159 0.385159
1599.309814 0.000000 2196.567627 0.000000 0.697910 0.000000 0.716185 0.339013 0.339013 0.339013
1599.485229 0.000000 2184.441406 0.000000 0.817465 0.000000 0.575979 0.353109 0.353109 0.353109
1598.297974 0.000000 2196.038574 0.000000 0.925118 0.000000 0.379681 0.370248 0.370248 0.370248
1579.567261 0.000000 2200.973389 0.000000 0.711354 0.000000 0.702834 0.340460 0.340460 0.340460
1583.568359 0.000000 2198.319336 0.000000 0.073868 0.000000 0.997268 0.285648 0.285648 0.285648
1584.683228 0.000000 2196.169434 0.000000 0.888227 0.000000 0.459405 0.363535 0.363535 0.363535
1609.640991 0.000000 2199.593994 0.000000 0.777815 0.000000 0.628493 0.195080 0.195080 0.195080
1606.508057 0.000000 2198.497314 0.000000 0.855675 0.000000 0.517513 0.195179 0.195179 0.195179
1622.782471 0.000000 2153.709717 0.000000 0.914330 0.000000 0.404971 0.199676 0.199676 0.199676
1614.650757 0.000000 2196.747070 0.000000 0.422426 0.000000 0.906398 0.190540 0.190540 0.190540
1651.914307 0.000000 2152.194580 0.000000 0.406184 0.000000 0.913791 0.193095 0.193095 0.193095
1647.645996 0.000000 2154.104248 0.000000 0.383072 0.000000 0.923719 0.201782 0.201782 0.201782
1631.005493 0.000000 2181.311035 0.000000 0.878499 0.000000 0.477744 0.214210 0.214210 0.214210
1642.440430 0.000000 2162.615234 0.000000 0.438497 0.000000 0.898733 0.201630 0.201630 0.201630
1623.366211 0.000000 2149.058838 0.000000 0.720614 0.000000 0.693336 0.221241 0.221241 0.221241
1608.309448 0.000000 2175.199463 0.000000 0.383522 0.000000 0.923532 0.216623 0.216623 0.216623
1630.652344 0.000000 2158.491699 0.000000 0.988206 0.000000 0.153130 0.227422 0.227422 0.227422
1616.310547 0.000000 2194.001709 0.000000 0.775921 0.000000 0.630830 0.238890 0.238890 0.238890
1622.020996 0.000000 2147.726318 0.000000 0.561919 0.000000 0.827192 0.223449 0.223449 0.223449
1615.355225 0.000000 2192.628418 0.000000 0.483620 0.000000 0.875278 0.229745 0.229745 0.229745
1606.595947 0.000000 2172.405273 0.000000 0.172880 0.000000 0.984943 0.229711 0.229711 0.229711
1609.264038 0.000000 2190.999512 0.000000 0.848004 0.000000 0.529990 0.257914 0.257914 0.257914
1639.339722 0.000000 2147.988770 0.000000 0.984192 0.000000 0.177104 0.278717 0.278717 0.278717
1610.112915 0.000000 2183.562988 0.000000 0.894477 0.000000 0.447114 0.280952 0.280952 0.280952
1614.511963 0.000000 2157.040771 0.000000 0.482431 0.000000 0.875934 0.272612 0.272612 0.272612
1621.918945 0.000000 2167.311279 0.000000 0.998944 0.000000 0.045941 0.301063 0.301063 0.301063
1600.369019 0.000000 2185.933350 0.000000 0.976798 0.000000 0.214163 0.303048 0.303048 0.303048
1621.500000 0.000000 2176.590088 0.000000 0.487487 0.000000 0.873130 0.296515 0.296515 0.296515
1605.747314 0.000000 2179.377197 0.000000 0.948793 0.000000 0.315900 0.333850 0.333850 0.333850
1626.106079 0.000000 2167.107178 0.000000 0.984822 0.000000 0.173570 0.344756 0.344756 0.344756
1617.250244 0.000000 2159.087158 0.000000 0.314846 0.000000 0.949143 0.282127 0.282127 0.282127
1626.732056 0.000000 2169.999268 0.000000 0.953495 0.000000 0.301408 0.333533 0.333533 0.333533
1621.468384 0.000000 2164.464355 0.000000 0.765870 0.000000 0.642996 0.332152 0.332152 0.332152
1648.027344 0.000000 2150.413086 0.000000 0.526724 0.000000 0.850036 0.312649 0.312649 0.312649
1601.989746 0.000000 2179.483398 0.000000 0.567248 0.000000 0.823547 0.309823 0.309823 0.309823
1635.832275 0.000000 2168.125732 0.000000 0.987712 0.000000 0.156283 0.389618 0.389618 0.389618
1634.436401 0.000000 2169.506104 0.000000 0.923564 0.000000 0.383445 0.373965 0.373965 0.373965
1629.689331 0.000000 2155.640625 0.000000 0.088625 0.000000 0.996065 0.304169 0.304169 0.304169
1606.627319 0.000000 2196.217529 0.000000 0.997074 0.000000 0.076442 0.372263 0.372263 0.372263
1619.763916 0.000000 2177.209473 0.000000 0.176845 0.000000 0.984239 0.295295 0.295295 0.295295
1604.135864 0.000000 2190.614014 0.000000 0.829307 0.000000 0.558793 0.360518 0.360518 0.360518
1624.755615 0.000000 2148.933838 0.000000 0.890281 0.000000 0.455411 0.350473 0.350473 0.350473
1636.938599 0.000000 2165.190918 0.000000 0.964131 0.000000 0.265428 0.349512 0.349512 0.349512
1640.155396 0.000000 2162.303955 0.000000 0.131513 0.000000 0.991314 0.304804 0.304804 0.304804
1654.939819 0.000000 2146.678223 0.000000 0.181669 0.000000 0.983360 0.307471 0.307471 0.307471
1609.627563 0.000000 2177.614746 0.000000 0.601786 0.000000 0.798657 0.336028 0.336028 0.336028
1618.019409 0.000000 2152.177246 0.000000 0.239721 0.000000 0.970842 0.310937 0.310937 0.310937
1622.378174 0.000000 2168.194336 0.000000 0.767146 0.000000 0.641472 0.350275 0.350275 0.350275
1617.511230 0.000000 2153.986328 0.000000 0.025302 0.000000 0.999680 0.293495 0.293495 0.293495
1625.402710 0.000000 2176.293457 0.000000 0.414208 0.000000 0.910182 0.321445 0.321445 0.321445
1635.810913 0.000000 2169.811523 0.000000 0.053284 0.000000 0.998579 0.299605 0.299605 0.299605
1622.711670 0.000000 2164.304932 0.000000 0.358454 0.000000 0.933548 0.308007 0.308007 0.308007
1638.277222 0.000000 2162.332031 0.000000 0.984810 0.000000 0.173636 0.387931 0.387931 0.387931
1652.795532 0.000000 2147.360840 0.000000 0.999841 0.000000 0.017853 0.398641 0.398641 0.398641
1605.655151 0.000000 2174.240479 0.000000 0.747402 0.000000 0.664372 0.344488 0.344488 0.344488
1633.637939 0.000000 2162.339111 0.000000 0.928663 0.000000 0.370925 0.370970 0.370970 0.370970
1606.077026 0.000000 2194.165771 0.000000 0.894079 0.000000 0.447910 0.366723 0.366723 0.366723
1600.796021 0.000000 2181.881592 0.000000 0.574663 0.000000 0.818390 0.326768 0.326768 0.326768
1638.569946 0.000000 2164.115967 0.000000 0.772093 0.000000 0.635509 0.347390 0.347390 0.347390
1608.206665 0.000000 2177.111328 0.000000 0.271574 0.000000 0.962418 0.310392 0.310392 0.310392
1621.483643 0.000000 2178.140869 0.000000 0.658399 0.000000 0.752669 0.341286 0.341286 0.341286
1639.637451 0.000000 2165.347656 0.000000 0.987667 0.000000 0.156570 0.387989 0.387989 0.387989
1618.648193 0.000000 2165.290527 0.000000 0.712455 0.000000 0.701718 0.340580 0.340580 0.340580
1624.141602 0.000000 2178.438965 0.000000 0.908001 0.000000 0.418968 0.366974 0.366974 0.366974
1625.430786 0.000000 2168.885498 0.000000 0.962160 0.000000 0.272484 0.378917 0.378917 0.378917
1609.543213 0.000000 2182.914795 0.000000 0.409100 0.000000 0.912490 0.312198 0.312198 0.312198
1645.165771 0.000000 2152.371094 0.000000 0.915753 0.000000 0.401742 0.368417 0.368417 0.368417
1639.476929 0.000000 2163.607666 0.000000 0.389884 0.000000 0.920864 0.319069 0.319069 0.319069
1618.341797 0.000000 2163.957520 0.000000 0.949414 0.000000 0.314026 0.375837 0.375837 0.375837
1609.966431 0.000000 2181.637695 0.000000 0.869147 0.000000 0.494554 0.362159 0.362159 0.362159
1601.706665 0.000000 2202.401123 0.000000 0.610482 0.000000 0.792030 0.332676 0.332676 0.332676
1633.171387 0.000000 2160.499756 0.000000 0.248301 0.000000 0.968683 0.312020 0.312020 0.312020
1609.770142 0.000000 2176.383057 0.000000 0.884607 0.000000 0.466337 0.366450 0.366450 0.366450
1645.705444 0.000000 2155.989746 0.000000 0.375028 0.000000 0.927014 0.313218 0.313218 0.313218
1616.188965 0.000000 2162.828369 0.000000 0.186207 0.000000 0.982511 0.294309 0.294309 0.294309
1602.160889 0.000000 2178.443359 0.000000 0.997793 0.000000 0.066398 0.394924 0.394924 0.394924
1623.416260 0.000000 2164.786865 0.000000 0.997258 0.000000 0.074001 0.394342 0.394342 0.394342
1623.048828 0.000000 2165.609131 0.000000 0.582295 0.000000 0.812977 0.327483 0.327483 0.327483
1637.630005 0.000000 2162.900391 0.000000 0.506805 0.000000 0.862061 0.321899 0.321899 0.321899
1650.949097 0.000000 2149.218262 0.000000 0.980571 0.000000 0.196163 0.384916 0.384916 0.384916
1624.270264 0.000000 2147.266602 0.000000 0.281955 0.000000 0.959428 0.301836 0.301836 0.301836
1612.529785 0.000000 2160.622070 0.000000 0.682348 0.000000 0.731027 0.337370 0.337370 0.337370
1623.556396 0.000000 2166.253418 0.000000 0.203258 0.000000 0.979125 0.295637 0.295637 0.295637
1617.015747 0.000000 2165.445068 0.000000 0.938294 0.000000 0.345838 0.373993 0.373993 0.373993
1632.637329 0.000000 2162.010254 0.000000 0.659871 0.000000 0.751379 0.335053 0.335053 0.335053
1602.271729 0.000000 2175.844482 0.000000 0.993812 0.000000 0.111073 0.391497 0.391497 0.391497
1635.891235 0.000000 2167.291992 0.000000 0.296517 0.000000 0.955027 0.302998 0.302998 0.302998
1637.457886 0.000000 2168.189941 0.000000 0.285103 0.000000 0.958497 0.302087 0.302087 0.302087
1617.605957 0.000000 2169.079834 0.000000 0.299583 0.000000 0.954070 0.303243 0.303243 0.303243
1640.913818 0.000000 2164.974854 0.000000 0.966144 0.000000 0.258005 0.380064 0.380064 0.380064
1636.954102 0.000000 2169.458740 0.000000 0.543642 0.000000 0.839317 0.323909 0.323909 0.323909
1634.253296 0.000000 2163.991455 0.000000 0.423556 0.000000 0.905870 0.313412 0.313412 0.313412
1603.168457 0.000000 2174.554932 0.000000 0.784108 0.000000 0.620624 0.348851 0.348851 0.348851
1653.484009 0.000000 2148.921387 0.000000 0.963364 0.000000 0.268196 0.379257 0.379257 0.379257
1579.191406 0.000000 2207.437988 0.000000 0.954902 0.000000 0.296921 0.329697 0.329697 0.329697
1571.494507 0.000000 2205.589111 0.000000 0.852772 0.000000 0.522284 0.357909 0.357909 0.357909
1573.791992 0.000000 2202.975342 0.000000 0.457924 0.000000 0.888991 0.316338 0.316338 0.316338
1606.912720 0.000000 2202.892334 0.000000 0.539868 0.000000 0.841750 0.207634 0.207634 0.207634
1610.822510 0.000000 2202.900635 0.000000 0.983154 0.000000 0.182780 0.332723 0.332723 0.332723
1607.659180 0.000000 2207.624512 0.000000 0.412668 0.000000 0.910882 0.296395 0.296395 0.296395
1607.816650 0.000000 2205.753174 0.000000 0.437939 0.000000 0.899005 0.328215 0.328215 0.328215
1612.171265 0.000000 2204.212158 0.000000 0.200445 0.000000 0.979705 0.301200 0.301200 0.301200
1609.307617 0.000000 2206.953857 0.000000 0.484970 0.000000 0.874531 0.323730 0.323730 0.323730
1601.423706 0.000000 2204.324707 0.000000 0.867229 0.000000 0.497910 0.364218 0.364218 0.364218
1609.597168 0.000000 2205.353271 0.000000 0.493073 0.000000 0.869988 0.319390 0.319390 0.319390
1608.587891 0.000000 2204.209473 0.000000 0.433643 0.000000 0.901085 0.314265 0.314265 0.314265
"}
object={
	name="cypress_dense_generator_3_1"
	clamp_to_water_level=no
	render_under_water=no
	generated_content=yes
	layer="semidynamic_high"
	pdxmesh="tree_cypress_002_mesh"
	count=421
	transform="1707.601562 0.000000 2029.853149 0.000000 0.428521 0.000000 -0.903532 0.216734 0.216734 0.216734
1696.520752 0.000000 2032.406006 0.000000 0.883734 0.000000 -0.467989 0.314164 0.314164 0.314164
1702.826050 0.000000 2032.409546 0.000000 0.861522 0.000000 -0.507720 0.371352 0.371352 0.371352
1701.378662 0.000000 2033.382324 0.000000 0.586567 0.000000 -0.809901 0.410508 0.410508 0.410508
1658.305298 0.000000 2077.418945 0.000000 0.994074 0.000000 -0.108702 0.200938 0.200938 0.200938
1655.062500 0.000000 2084.455078 0.000000 0.324526 0.000000 -0.945877 0.210218 0.210218 0.210218
1653.005371 0.000000 2085.632812 0.000000 0.016192 0.000000 -0.999869 0.228221 0.228221 0.228221
1654.280518 0.000000 2080.016846 0.000000 0.683182 0.000000 -0.730248 0.261361 0.261361 0.261361
1658.406006 0.000000 2072.517822 0.000000 0.670965 0.000000 -0.741489 0.301725 0.301725 0.301725
1653.881348 0.000000 2075.597168 0.000000 0.904687 0.000000 -0.426077 0.296478 0.296478 0.296478
1659.484375 0.000000 2074.633789 0.000000 0.265916 0.000000 -0.963996 0.333221 0.333221 0.333221
1657.357910 0.000000 2077.896973 0.000000 0.871491 0.000000 -0.490411 0.391441 0.391441 0.391441
1653.111694 0.000000 2082.229248 0.000000 0.932513 0.000000 -0.361137 0.409489 0.409489 0.409489
1654.158691 0.000000 2079.066162 0.000000 0.869782 0.000000 -0.493437 0.433625 0.433625 0.433625
1654.205078 0.000000 2074.699463 0.000000 0.603588 0.000000 -0.797297 0.470497 0.470497 0.470497
1653.617310 0.000000 2080.630371 0.000000 0.546750 0.000000 -0.837296 0.475808 0.475808 0.475808
1652.199097 0.000000 2079.716064 0.000000 0.825564 0.000000 -0.564309 0.445806 0.445806 0.445806
1650.899780 0.000000 2081.640381 0.000000 0.988200 0.000000 -0.153168 0.411747 0.411747 0.411747
1652.499512 0.000000 2078.238281 0.000000 0.991488 0.000000 -0.130196 0.409975 0.409975 0.409975
1655.543213 0.000000 2077.941650 0.000000 0.902102 0.000000 -0.431522 0.434086 0.434086 0.434086
1644.412598 0.000000 2132.195557 0.000000 0.649558 0.000000 -0.760312 0.207116 0.207116 0.207116
1656.096558 0.000000 2117.565918 0.000000 0.916559 0.000000 -0.399898 0.223705 0.223705 0.223705
1631.005493 0.000000 2124.826660 0.000000 0.083496 0.000000 -0.996508 0.240192 0.240192 0.240192
1640.179810 0.000000 2118.106445 0.000000 0.795225 0.000000 -0.606315 0.219255 0.219255 0.219255
1650.709717 0.000000 2104.011719 0.000000 0.788119 0.000000 -0.615523 0.235697 0.235697 0.235697
1611.461304 0.000000 2117.516357 0.000000 0.289662 0.000000 -0.957129 0.276814 0.276814 0.276814
1610.583740 0.000000 2116.145996 0.000000 0.491499 0.000000 -0.870878 0.272557 0.272557 0.272557
1645.470459 0.000000 2137.206299 0.000000 0.683298 0.000000 -0.730139 0.301291 0.301291 0.301291
1629.948364 0.000000 2131.042236 0.000000 0.754354 0.000000 -0.656468 0.321222 0.321222 0.321222
1645.556396 0.000000 2135.565186 0.000000 0.810310 0.000000 -0.586002 0.302797 0.302797 0.302797
1630.176025 0.000000 2141.079834 0.000000 0.998135 0.000000 -0.061043 0.301041 0.301041 0.301041
1629.684814 0.000000 2124.676514 0.000000 0.813299 0.000000 -0.581846 0.305254 0.305254 0.305254
1659.996826 0.000000 2097.190918 0.000000 0.497113 0.000000 -0.867686 0.341625 0.341625 0.341625
1631.826050 0.000000 2141.497803 0.000000 0.325234 0.000000 -0.945634 0.337348 0.337348 0.337348
1644.417236 0.000000 2134.925293 0.000000 0.046267 0.000000 -0.998929 0.327309 0.327309 0.327309
1652.968506 0.000000 2121.669434 0.000000 0.555779 0.000000 -0.831330 0.346500 0.346500 0.346500
1657.471191 0.000000 2106.261230 0.000000 0.027531 0.000000 -0.999621 0.391978 0.391978 0.391978
1618.479370 0.000000 2136.565430 0.000000 0.995086 0.000000 -0.099013 0.318334 0.318334 0.318334
1657.484375 0.000000 2130.937744 0.000000 0.561799 0.000000 -0.827274 0.359185 0.359185 0.359185
1653.492676 0.000000 2145.451172 0.000000 0.505843 0.000000 -0.862626 0.370483 0.370483 0.370483
1652.629395 0.000000 2132.122070 0.000000 0.259185 0.000000 -0.965828 0.406347 0.406347 0.406347
1650.121826 0.000000 2106.974854 0.000000 0.188079 0.000000 -0.982154 0.427584 0.427584 0.427584
1616.762939 0.000000 2141.625977 0.000000 0.271515 0.000000 -0.962434 0.455927 0.455927 0.455927
1634.961548 0.000000 2139.103027 0.000000 0.230805 0.000000 -0.973000 0.436862 0.436862 0.436862
1643.103760 0.000000 2125.194824 0.000000 0.348704 0.000000 -0.937233 0.385046 0.385046 0.385046
1628.338745 0.000000 2134.423828 0.000000 0.547457 0.000000 -0.836834 0.447741 0.447741 0.447741
1638.826050 0.000000 2145.378418 0.000000 0.894415 0.000000 -0.447237 0.411117 0.411117 0.411117
1630.405884 0.000000 2128.161621 0.000000 0.998591 0.000000 -0.053064 0.359993 0.359993 0.359993
1630.203247 0.000000 2137.081055 0.000000 0.978532 0.000000 -0.206097 0.393904 0.393904 0.393904
1641.240112 0.000000 2120.438477 0.000000 0.624250 0.000000 -0.781225 0.458200 0.458200 0.458200
1662.353027 0.000000 2117.385986 0.000000 0.915091 0.000000 -0.403246 0.423829 0.423829 0.423829
1640.233154 0.000000 2140.990234 0.000000 0.467788 0.000000 -0.883841 0.471716 0.471716 0.471716
1655.814453 0.000000 2106.633789 0.000000 0.563782 0.000000 -0.825924 0.405954 0.405954 0.405954
1655.855347 0.000000 2107.741699 0.000000 0.807771 0.000000 -0.589496 0.389299 0.389299 0.389299
1660.816528 0.000000 2117.878906 0.000000 0.087007 0.000000 -0.996208 0.495195 0.495195 0.495195
1654.066528 0.000000 2106.976562 0.000000 0.999503 0.000000 -0.031519 0.360081 0.360081 0.360081
1654.862183 0.000000 2106.241211 0.000000 0.861268 0.000000 -0.508151 0.384547 0.384547 0.384547
1660.245972 0.000000 2112.644531 0.000000 0.690671 0.000000 -0.723169 0.454490 0.454490 0.454490
1631.623413 0.000000 2138.260498 0.000000 0.232966 0.000000 -0.972485 0.454876 0.454876 0.454876
1628.579834 0.000000 2140.534668 0.000000 0.234347 0.000000 -0.972153 0.486940 0.486940 0.486940
1638.516602 0.000000 2126.110840 0.000000 0.890024 0.000000 -0.455913 0.430374 0.430374 0.430374
1626.430664 0.000000 2135.504639 0.000000 0.998817 0.000000 -0.048631 0.403352 0.403352 0.403352
1618.971924 0.000000 2140.638916 0.000000 0.694894 0.000000 -0.719112 0.407678 0.407678 0.407678
1651.971313 0.000000 2110.229736 0.000000 0.276251 0.000000 -0.961085 0.494750 0.494750 0.494750
1658.916016 0.000000 2102.672852 0.000000 0.966634 0.000000 -0.256160 0.405424 0.405424 0.405424
1661.161743 0.000000 2114.192139 0.000000 0.647473 0.000000 -0.762089 0.466198 0.466198 0.466198
1663.875122 0.000000 2092.315674 0.000000 0.828896 0.000000 -0.559402 0.445353 0.445353 0.445353
1650.970093 0.000000 2133.938477 0.000000 0.891462 0.000000 -0.453096 0.435102 0.435102 0.435102
1656.520142 0.000000 2145.867188 0.000000 0.465806 0.000000 -0.884887 0.482983 0.482983 0.482983
1624.785278 0.000000 2132.419189 0.000000 0.768755 0.000000 -0.639543 0.446601 0.446601 0.446601
1641.873169 0.000000 2141.222900 0.000000 0.527417 0.000000 -0.849607 0.467167 0.467167 0.467167
1661.060059 0.000000 2113.109131 0.000000 0.717970 0.000000 -0.696074 0.451897 0.451897 0.451897
1627.349487 0.000000 2144.928711 0.000000 0.147348 0.000000 -0.989085 0.492717 0.492717 0.492717
1619.296753 0.000000 2138.530029 0.000000 0.074496 0.000000 -0.997221 0.514304 0.514304 0.514304
1626.225464 0.000000 2144.214600 0.000000 0.024312 0.000000 -0.999704 0.500769 0.500769 0.500769
1641.783691 0.000000 2142.150635 0.000000 0.671210 0.000000 -0.741267 0.444309 0.444309 0.444309
1662.365112 0.000000 2099.569336 0.000000 0.972591 0.000000 -0.232523 0.417928 0.417928 0.417928
1624.412354 0.000000 2141.188477 0.000000 0.681030 0.000000 -0.732255 0.462768 0.462768 0.462768
1629.604858 0.000000 2127.612549 0.000000 0.575013 0.000000 -0.818145 0.473199 0.473199 0.473199
1660.358032 0.000000 2131.233398 0.000000 0.853015 0.000000 -0.521887 0.441945 0.441945 0.441945
1626.448730 0.000000 2137.457031 0.000000 0.327246 0.000000 -0.944939 0.487426 0.487426 0.487426
1623.622559 0.000000 2139.683594 0.000000 0.896940 0.000000 -0.442152 0.433502 0.433502 0.433502
1660.746460 0.000000 2097.598389 0.000000 0.999910 0.000000 -0.013415 0.401025 0.401025 0.401025
1640.535645 0.000000 2137.807617 0.000000 0.886058 0.000000 -0.463574 0.436824 0.436824 0.436824
1640.383911 0.000000 2126.241455 0.000000 0.689847 0.000000 -0.723955 0.453759 0.453759 0.453759
1643.471069 0.000000 2136.250000 0.000000 0.835383 0.000000 -0.549668 0.442280 0.442280 0.442280
1634.492676 0.000000 2140.121094 0.000000 0.799873 0.000000 -0.600169 0.446444 0.446444 0.446444
1636.712524 0.000000 2138.145020 0.000000 0.873535 0.000000 -0.486762 0.438837 0.438837 0.438837
1625.587646 0.000000 2135.781738 0.000000 0.949924 0.000000 -0.312481 0.423882 0.423882 0.423882
1624.833618 0.000000 2139.759033 0.000000 0.134402 0.000000 -0.990927 0.509701 0.509701 0.509701
1656.864136 0.000000 2144.238525 0.000000 0.324722 0.000000 -0.945810 0.494735 0.494735 0.494735
1636.415039 0.000000 2139.678955 0.000000 0.326097 0.000000 -0.945336 0.494624 0.494624 0.494624
1640.182251 0.000000 2136.291992 0.000000 0.828917 0.000000 -0.559371 0.445350 0.445350 0.445350
1663.161743 0.000000 2129.130615 0.000000 0.094800 0.000000 -0.995496 0.512747 0.512747 0.512747
1628.500732 0.000000 2136.258545 0.000000 0.642586 0.000000 -0.766214 0.466687 0.466687 0.466687
1639.519531 0.000000 2141.610107 0.000000 0.990418 0.000000 -0.138104 0.410584 0.410584 0.410584
1642.470825 0.000000 2123.491455 0.000000 0.999857 0.000000 -0.016887 0.401290 0.401290 0.401290
1628.295166 0.000000 2126.297607 0.000000 0.758647 0.000000 -0.651502 0.454207 0.454207 0.454207
1643.661743 0.000000 2122.732422 0.000000 0.814818 0.000000 -0.579717 0.447241 0.447241 0.447241
1624.324829 0.000000 2138.249512 0.000000 0.489203 0.000000 -0.872170 0.480949 0.480949 0.480949
1620.237549 0.000000 2139.957031 0.000000 0.214841 0.000000 -0.976649 0.503458 0.503458 0.503458
1661.188965 0.000000 2130.784180 0.000000 0.999245 0.000000 -0.038861 0.402970 0.402970 0.402970
1641.358887 0.000000 2124.692139 0.000000 0.041110 0.000000 -0.999155 0.516859 0.516859 0.516859
1638.417969 0.000000 2138.160400 0.000000 0.332379 0.000000 -0.943146 0.494116 0.494116 0.494116
1637.391235 0.000000 2140.833740 0.000000 0.509998 0.000000 -0.860176 0.479115 0.479115 0.479115
1618.671387 0.000000 2139.620361 0.000000 0.091820 0.000000 -0.995776 0.512976 0.512976 0.512976
1655.630737 0.000000 2145.113037 0.000000 0.419489 0.000000 -0.907760 0.486930 0.486930 0.486930
1627.018677 0.000000 2143.214355 0.000000 0.854677 0.000000 -0.519160 0.441701 0.441701 0.441701
1653.918457 0.000000 2114.802002 0.000000 0.911334 0.000000 -0.411668 0.432413 0.432413 0.432413
1659.572998 0.000000 2098.103271 0.000000 0.699801 0.000000 -0.714338 0.460785 0.460785 0.460785
1639.749146 0.000000 2139.277588 0.000000 0.967393 0.000000 -0.253278 0.419562 0.419562 0.419562
1669.141602 0.000000 2058.943848 0.000000 0.724918 0.000000 -0.688835 0.219236 0.219236 0.219236
1694.288208 0.000000 2087.899902 0.000000 0.478785 0.000000 -0.877932 0.232077 0.232077 0.232077
1703.104736 0.000000 2045.331055 0.000000 0.374872 0.000000 -0.927077 0.256885 0.256885 0.256885
1704.256470 0.000000 2050.285156 0.000000 0.020583 0.000000 -0.999788 0.256955 0.256955 0.256955
1699.619507 0.000000 2075.344482 0.000000 0.997511 0.000000 -0.070517 0.239822 0.239822 0.239822
1670.073364 0.000000 2087.225098 0.000000 0.655654 0.000000 -0.755061 0.262034 0.262034 0.262034
1674.663696 0.000000 2088.022461 0.000000 0.790132 0.000000 -0.612937 0.247026 0.247026 0.247026
1720.710815 0.000000 2057.269043 0.000000 0.102041 0.000000 -0.994780 0.283483 0.283483 0.283483
1690.869263 0.000000 2054.886475 0.000000 0.802738 0.000000 -0.596332 0.260642 0.260642 0.260642
1685.229004 0.000000 2047.529785 0.000000 0.890042 0.000000 -0.455879 0.251398 0.251398 0.251398
1670.595947 0.000000 2059.436523 0.000000 0.992482 0.000000 -0.122388 0.254475 0.254475 0.254475
1703.789673 0.000000 2047.374878 0.000000 0.186007 0.000000 -0.982548 0.293549 0.293549 0.293549
1697.760010 0.000000 2037.845581 0.000000 0.962590 0.000000 -0.270964 0.258599 0.258599 0.258599
1670.382080 0.000000 2070.437500 0.000000 0.993212 0.000000 -0.116321 0.278518 0.278518 0.278518
1696.868042 0.000000 2049.808838 0.000000 0.689940 0.000000 -0.723867 0.271723 0.271723 0.271723
1684.196533 0.000000 2082.199707 0.000000 0.999264 0.000000 -0.038355 0.286761 0.286761 0.286761
1682.397827 0.000000 2055.572754 0.000000 0.620607 0.000000 -0.784121 0.284358 0.284358 0.284358
1688.470459 0.000000 2056.185547 0.000000 0.989291 0.000000 -0.145959 0.283902 0.283902 0.283902
1702.002808 0.000000 2035.099121 0.000000 0.959697 0.000000 -0.281036 0.300704 0.300704 0.300704
1685.231079 0.000000 2071.949951 0.000000 0.966412 0.000000 -0.256997 0.313167 0.313167 0.313167
1690.696777 0.000000 2053.183594 0.000000 0.716145 0.000000 -0.697951 0.305452 0.305452 0.305452
1710.269653 0.000000 2068.739014 0.000000 0.102584 0.000000 -0.994724 0.364892 0.364892 0.364892
1712.177368 0.000000 2071.479492 0.000000 0.295238 0.000000 -0.955424 0.362619 0.362619 0.362619
1694.985596 0.000000 2082.481445 0.000000 0.247494 0.000000 -0.968889 0.333785 0.333785 0.333785
1699.658203 0.000000 2073.992920 0.000000 0.891893 0.000000 -0.452246 0.341545 0.341545 0.341545
1705.821655 0.000000 2047.894531 0.000000 0.332548 0.000000 -0.943086 0.314914 0.314914 0.314914
1687.342773 0.000000 2058.177979 0.000000 0.512029 0.000000 -0.858968 0.351190 0.351190 0.351190
1704.114014 0.000000 2035.992920 0.000000 0.446919 0.000000 -0.894574 0.339112 0.339112 0.339112
1707.277710 0.000000 2046.450073 0.000000 0.340755 0.000000 -0.940152 0.373092 0.373092 0.373092
1711.739990 0.000000 2048.576172 0.000000 0.678709 0.000000 -0.734408 0.356377 0.356377 0.356377
1673.561035 0.000000 2084.583008 0.000000 0.139683 0.000000 -0.990196 0.384281 0.384281 0.384281
1713.976196 0.000000 2048.516113 0.000000 0.410558 0.000000 -0.911835 0.436423 0.436423 0.436423
1699.812256 0.000000 2068.861572 0.000000 0.248155 0.000000 -0.968720 0.426177 0.426177 0.426177
1717.292603 0.000000 2063.004150 0.000000 0.645175 0.000000 -0.764035 0.369411 0.369411 0.369411
1710.294922 0.000000 2048.880371 0.000000 0.851396 0.000000 -0.524524 0.345982 0.345982 0.345982
1699.250610 0.000000 2070.863770 0.000000 0.694005 0.000000 -0.719970 0.413473 0.413473 0.413473
1688.788574 0.000000 2047.549805 0.000000 0.885867 0.000000 -0.463939 0.429386 0.429386 0.429386
1704.990601 0.000000 2041.388794 0.000000 0.999974 0.000000 -0.007208 0.379114 0.379114 0.379114
1672.754883 0.000000 2087.150146 0.000000 0.033787 0.000000 -0.999429 0.448900 0.448900 0.448900
1685.128174 0.000000 2087.617920 0.000000 0.924763 0.000000 -0.380544 0.367467 0.367467 0.367467
1684.852905 0.000000 2054.354004 0.000000 0.691910 0.000000 -0.721984 0.452361 0.452361 0.452361
1681.884521 0.000000 2087.662598 0.000000 0.277606 0.000000 -0.960695 0.432734 0.432734 0.432734
1700.887085 0.000000 2049.590332 0.000000 0.697519 0.000000 -0.716566 0.453251 0.453251 0.453251
1672.644287 0.000000 2086.178711 0.000000 0.245267 0.000000 -0.969455 0.437724 0.437724 0.437724
1710.351074 0.000000 2052.387451 0.000000 0.185557 0.000000 -0.982633 0.492265 0.492265 0.492265
1682.564453 0.000000 2070.529541 0.000000 0.541188 0.000000 -0.840902 0.464343 0.464343 0.464343
1711.114624 0.000000 2053.783936 0.000000 0.999962 0.000000 -0.008711 0.400581 0.400581 0.400581
1672.383301 0.000000 2078.408691 0.000000 0.900924 0.000000 -0.433976 0.429587 0.429587 0.429587
1680.505493 0.000000 2057.565918 0.000000 0.998923 0.000000 -0.046409 0.377884 0.377884 0.377884
1696.829468 0.000000 2035.629761 0.000000 0.115917 0.000000 -0.993259 0.439549 0.439549 0.439549
1677.893188 0.000000 2062.859131 0.000000 0.998043 0.000000 -0.062534 0.404015 0.404015 0.404015
1717.342529 0.000000 2067.177979 0.000000 0.013389 0.000000 -0.999910 0.510423 0.510423 0.510423
1673.863892 0.000000 2088.588135 0.000000 0.665246 0.000000 -0.746624 0.428655 0.428655 0.428655
1705.508545 0.000000 2045.811523 0.000000 0.436729 0.000000 -0.899593 0.430175 0.430175 0.430175
1707.391113 0.000000 2043.130005 0.000000 0.031251 0.000000 -0.999512 0.462854 0.462854 0.462854
1706.320435 0.000000 2050.820312 0.000000 0.111971 0.000000 -0.993712 0.491113 0.491113 0.491113
1673.805908 0.000000 2087.568359 0.000000 0.884984 0.000000 -0.465622 0.393923 0.393923 0.393923
1700.603516 0.000000 2048.443115 0.000000 0.602270 0.000000 -0.798292 0.461622 0.461622 0.461622
1706.464355 0.000000 2043.291382 0.000000 0.894246 0.000000 -0.447576 0.403291 0.403291 0.403291
1675.228027 0.000000 2069.069092 0.000000 0.891209 0.000000 -0.453592 0.433028 0.433028 0.433028
1673.776001 0.000000 2079.678223 0.000000 0.634844 0.000000 -0.772640 0.458197 0.458197 0.458197
1675.432739 0.000000 2087.447998 0.000000 0.926362 0.000000 -0.376635 0.416879 0.416879 0.416879
1686.378174 0.000000 2055.225586 0.000000 0.477009 0.000000 -0.878898 0.482013 0.482013 0.482013
1697.448608 0.000000 2064.440674 0.000000 0.217183 0.000000 -0.976131 0.462462 0.462462 0.462462
1696.706665 0.000000 2041.836792 0.000000 0.886482 0.000000 -0.462764 0.436754 0.436754 0.436754
1705.935181 0.000000 2041.869629 0.000000 0.488677 0.000000 -0.872465 0.437854 0.437854 0.437854
1677.181641 0.000000 2085.762207 0.000000 0.998153 0.000000 -0.060745 0.399284 0.399284 0.399284
1673.779053 0.000000 2075.977295 0.000000 0.499771 0.000000 -0.866157 0.480020 0.480020 0.480020
1709.280640 0.000000 2050.633057 0.000000 0.702889 0.000000 -0.711299 0.456701 0.456701 0.456701
1681.333252 0.000000 2058.971191 0.000000 0.139191 0.000000 -0.990266 0.509332 0.509332 0.509332
1689.814331 0.000000 2046.096924 0.000000 0.535212 0.000000 -0.844718 0.462496 0.462496 0.462496
1708.719482 0.000000 2049.837646 0.000000 0.935689 0.000000 -0.352825 0.423136 0.423136 0.423136
1675.876953 0.000000 2072.156006 0.000000 0.749318 0.000000 -0.662210 0.455292 0.455292 0.455292
1697.003662 0.000000 2083.050781 0.000000 0.995277 0.000000 -0.097073 0.407428 0.407428 0.407428
1688.152954 0.000000 2045.809937 0.000000 0.370585 0.000000 -0.928799 0.490998 0.490998 0.490998
1683.675903 0.000000 2059.654297 0.000000 0.040797 0.000000 -0.999167 0.511917 0.511917 0.511917
1713.253052 0.000000 2066.139648 0.000000 0.176189 0.000000 -0.984356 0.480164 0.480164 0.480164
1693.107300 0.000000 2074.893311 0.000000 0.741461 0.000000 -0.670996 0.449030 0.449030 0.449030
1677.185181 0.000000 2068.406738 0.000000 0.904791 0.000000 -0.425855 0.433606 0.433606 0.433606
1687.761963 0.000000 2044.426147 0.000000 0.710698 0.000000 -0.703497 0.459611 0.459611 0.459611
1707.456787 0.000000 2049.628662 0.000000 0.610477 0.000000 -0.792034 0.461162 0.461162 0.461162
1688.928711 0.000000 2054.243652 0.000000 0.624520 0.000000 -0.781008 0.463772 0.463772 0.463772
1684.250488 0.000000 2085.039062 0.000000 0.550344 0.000000 -0.834938 0.475479 0.475479 0.475479
1678.467651 0.000000 2068.919434 0.000000 0.691368 0.000000 -0.722503 0.445547 0.445547 0.445547
1676.758789 0.000000 2084.373291 0.000000 0.959182 0.000000 -0.282791 0.413283 0.413283 0.413283
1714.226929 0.000000 2067.244873 0.000000 0.940346 0.000000 -0.340219 0.426520 0.426520 0.426520
1713.513184 0.000000 2067.934326 0.000000 0.984740 0.000000 -0.174034 0.405163 0.405163 0.405163
1681.480469 0.000000 2071.937256 0.000000 0.987900 0.000000 -0.155093 0.411896 0.411896 0.411896
1699.165771 0.000000 2049.457764 0.000000 0.751783 0.000000 -0.659411 0.452849 0.452849 0.452849
1682.979004 0.000000 2058.189209 0.000000 0.165707 0.000000 -0.986175 0.502725 0.502725 0.502725
1717.654663 0.000000 2066.249268 0.000000 0.884555 0.000000 -0.466435 0.434406 0.434406 0.434406
1676.186401 0.000000 2065.798828 0.000000 0.942368 0.000000 -0.334578 0.422485 0.422485 0.422485
1676.858154 0.000000 2064.130859 0.000000 0.195175 0.000000 -0.980768 0.490583 0.490583 0.490583
1697.582520 0.000000 2083.729248 0.000000 0.599759 0.000000 -0.800181 0.470863 0.470863 0.470863
1715.625977 0.000000 2050.982422 0.000000 0.353250 0.000000 -0.935529 0.487284 0.487284 0.487284
1691.628662 0.000000 2040.587158 0.000000 0.940424 0.000000 -0.340004 0.426503 0.426503 0.426503
1686.558838 0.000000 2045.572998 0.000000 0.570280 0.000000 -0.821450 0.473640 0.473640 0.473640
1715.668579 0.000000 2067.904053 0.000000 0.463132 0.000000 -0.886290 0.483214 0.483214 0.483214
1681.305664 0.000000 2084.462646 0.000000 0.777412 0.000000 -0.628992 0.448741 0.448741 0.448741
1681.146729 0.000000 2060.718506 0.000000 0.546459 0.000000 -0.837486 0.475834 0.475834 0.475834
1690.442017 0.000000 2073.149414 0.000000 0.969954 0.000000 -0.243290 0.417486 0.417486 0.417486
1717.856445 0.000000 2067.897217 0.000000 0.983648 0.000000 -0.180103 0.412840 0.412840 0.412840
1681.229004 0.000000 2058.139893 0.000000 0.993756 0.000000 -0.111578 0.408542 0.408542 0.408542
1674.928589 0.000000 2070.762451 0.000000 0.737705 0.000000 -0.675123 0.456618 0.456618 0.456618
1680.900146 0.000000 2072.569092 0.000000 0.053111 0.000000 -0.998589 0.515941 0.515941 0.515941
1694.416870 0.000000 2067.713379 0.000000 0.637865 0.000000 -0.770148 0.467156 0.467156 0.467156
1678.566528 0.000000 2062.293945 0.000000 0.638124 0.000000 -0.769933 0.467131 0.467131 0.467131
1680.570435 0.000000 2059.424316 0.000000 0.249780 0.000000 -0.968303 0.500714 0.500714 0.500714
1679.908081 0.000000 2065.125244 0.000000 0.962030 0.000000 -0.272944 0.421119 0.421119 0.421119
1685.760376 0.000000 2085.699951 0.000000 0.232254 0.000000 -0.972655 0.502094 0.502094 0.502094
1675.052734 0.000000 2084.185059 0.000000 0.483923 0.000000 -0.875111 0.480879 0.480879 0.480879
1683.761230 0.000000 2084.323242 0.000000 0.845321 0.000000 -0.534259 0.443058 0.443058 0.443058
1687.941650 0.000000 2043.641357 0.000000 0.975155 0.000000 -0.221523 0.417065 0.417065 0.417065
1678.709595 0.000000 2061.080322 0.000000 0.992769 0.000000 -0.120037 0.408712 0.408712 0.408712
1686.219482 0.000000 2043.833984 0.000000 0.509951 0.000000 -0.860203 0.479119 0.479119 0.479119
1689.352417 0.000000 2044.580566 0.000000 0.276065 0.000000 -0.961139 0.498633 0.498633 0.498633
1696.196655 0.000000 2071.783691 0.000000 0.969331 0.000000 -0.245759 0.418907 0.418907 0.418907
1677.908691 0.000000 2075.797119 0.000000 0.457957 0.000000 -0.888974 0.483660 0.483660 0.483660
1687.301270 0.000000 2042.736450 0.000000 0.443004 0.000000 -0.896520 0.484939 0.484939 0.484939
1713.605835 0.000000 2069.759521 0.000000 0.055785 0.000000 -0.998443 0.515736 0.515736 0.515736
1680.087036 0.000000 2061.871582 0.000000 0.053463 0.000000 -0.998570 0.515914 0.515914 0.515914
1715.979370 0.000000 2066.530518 0.000000 0.231780 0.000000 -0.972768 0.502131 0.502131 0.502131
1693.272583 0.000000 2072.744873 0.000000 0.995866 0.000000 -0.090835 0.406949 0.406949 0.406949
1671.699585 0.000000 2105.776855 0.000000 0.867328 0.000000 -0.497736 0.244794 0.244794 0.244794
1680.278564 0.000000 2110.641113 0.000000 0.183424 0.000000 -0.983034 0.274566 0.274566 0.274566
1676.182983 0.000000 2099.577148 0.000000 0.298010 0.000000 -0.954563 0.342749 0.342749 0.342749
1664.213257 0.000000 2102.023438 0.000000 0.855042 0.000000 -0.518559 0.374559 0.374559 0.374559
1671.460815 0.000000 2110.864990 0.000000 0.514032 0.000000 -0.857771 0.440828 0.440828 0.440828
1687.759155 0.000000 2098.340820 0.000000 0.599679 0.000000 -0.800241 0.409689 0.409689 0.409689
1681.990723 0.000000 2117.157715 0.000000 0.980552 0.000000 -0.196258 0.344340 0.344340 0.344340
1682.223877 0.000000 2113.074951 0.000000 0.408544 0.000000 -0.912739 0.477514 0.477514 0.477514
1674.762939 0.000000 2095.011475 0.000000 0.095009 0.000000 -0.995476 0.474795 0.474795 0.474795
1680.505493 0.000000 2114.050293 0.000000 0.856440 0.000000 -0.516247 0.414330 0.414330 0.414330
1665.726929 0.000000 2111.903076 0.000000 0.348069 0.000000 -0.937469 0.416253 0.416253 0.416253
1671.893311 0.000000 2117.874756 0.000000 0.034174 0.000000 -0.999416 0.447163 0.447163 0.447163
1668.651245 0.000000 2103.260498 0.000000 0.640002 0.000000 -0.768373 0.433492 0.433492 0.433492
1665.423706 0.000000 2091.355957 0.000000 0.001309 0.000000 -0.999999 0.507753 0.507753 0.507753
1667.781982 0.000000 2102.763428 0.000000 0.630905 0.000000 -0.775860 0.457202 0.457202 0.457202
1666.881958 0.000000 2115.621338 0.000000 0.775762 0.000000 -0.631025 0.448588 0.448588 0.448588
1681.333252 0.000000 2115.455566 0.000000 0.050666 0.000000 -0.998716 0.470447 0.470447 0.470447
1681.145264 0.000000 2118.902832 0.000000 0.170649 0.000000 -0.985332 0.501310 0.501310 0.501310
1666.526855 0.000000 2090.822510 0.000000 0.652513 0.000000 -0.757778 0.462257 0.462257 0.462257
1664.266602 0.000000 2096.000488 0.000000 0.651466 0.000000 -0.758678 0.465797 0.465797 0.465797
1668.928223 0.000000 2121.684814 0.000000 0.325491 0.000000 -0.945545 0.494673 0.494673 0.494673
1666.182007 0.000000 2102.597412 0.000000 0.424236 0.000000 -0.905552 0.472957 0.472957 0.472957
1667.154419 0.000000 2121.631348 0.000000 0.072419 0.000000 -0.997374 0.514463 0.514463 0.514463
1669.655151 0.000000 2117.756104 0.000000 0.132253 0.000000 -0.991216 0.509867 0.509867 0.509867
1665.927246 0.000000 2107.427002 0.000000 0.997677 0.000000 -0.068126 0.405208 0.405208 0.405208
1673.597168 0.000000 2092.384521 0.000000 0.981940 0.000000 -0.189194 0.414541 0.414541 0.414541
1672.661133 0.000000 2092.241943 0.000000 0.402578 0.000000 -0.915386 0.488347 0.488347 0.488347
1667.834473 0.000000 2092.931396 0.000000 0.463619 0.000000 -0.886035 0.483172 0.483172 0.483172
1688.679199 0.000000 2095.427734 0.000000 0.673772 0.000000 -0.738939 0.463521 0.463521 0.463521
1667.747559 0.000000 2115.892090 0.000000 0.324244 0.000000 -0.945973 0.488270 0.488270 0.488270
1691.061401 0.000000 2094.306641 0.000000 0.007012 0.000000 -0.999975 0.519464 0.519464 0.519464
1664.032593 0.000000 2104.271729 0.000000 0.533821 0.000000 -0.845598 0.476981 0.476981 0.476981
1667.676514 0.000000 2119.392578 0.000000 0.999947 0.000000 -0.010277 0.400785 0.400785 0.400785
1666.160889 0.000000 2121.958984 0.000000 0.274914 0.000000 -0.961469 0.498724 0.498724 0.498724
1681.245483 0.000000 2119.724365 0.000000 0.333177 0.000000 -0.942864 0.489133 0.489133 0.489133
1667.348145 0.000000 2109.576416 0.000000 0.656011 0.000000 -0.754751 0.462989 0.462989 0.462989
1669.720825 0.000000 2116.019287 0.000000 0.905221 0.000000 -0.424942 0.433529 0.433529 0.433529
1667.090210 0.000000 2092.491211 0.000000 0.527805 0.000000 -0.849365 0.477524 0.477524 0.477524
1671.533203 0.000000 2090.412598 0.000000 0.981134 0.000000 -0.193328 0.414863 0.414863 0.414863
1682.995972 0.000000 2119.578369 0.000000 0.878951 0.000000 -0.476911 0.437978 0.437978 0.437978
1667.065552 0.000000 2120.865967 0.000000 0.855378 0.000000 -0.518004 0.441598 0.441598 0.441598
1667.692871 0.000000 2093.744629 0.000000 0.019851 0.000000 -0.999803 0.518483 0.518483 0.518483
1665.987549 0.000000 2097.775391 0.000000 0.988906 0.000000 -0.148540 0.411390 0.411390 0.411390
1595.981689 0.000000 2201.625488 0.000000 0.991351 0.000000 -0.131240 0.201101 0.201101 0.201101
1595.484375 0.000000 2187.602539 0.000000 0.421407 0.000000 -0.906872 0.381800 0.381800 0.381800
1581.231567 0.000000 2199.989258 0.000000 0.866803 0.000000 -0.498651 0.343539 0.343539 0.343539
1595.451904 0.000000 2186.295654 0.000000 0.576935 0.000000 -0.816790 0.374386 0.374386 0.374386
1596.675171 0.000000 2200.993164 0.000000 0.220321 0.000000 -0.975427 0.453943 0.453943 0.453943
1599.422852 0.000000 2194.872803 0.000000 0.980706 0.000000 -0.195486 0.406506 0.406506 0.406506
1577.803589 0.000000 2202.208252 0.000000 0.771085 0.000000 -0.636733 0.452732 0.452732 0.452732
1585.754639 0.000000 2190.188721 0.000000 0.534025 0.000000 -0.845469 0.476963 0.476963 0.476963
1598.648682 0.000000 2181.742188 0.000000 0.253542 0.000000 -0.967324 0.487619 0.487619 0.487619
1596.358032 0.000000 2187.717773 0.000000 0.996041 0.000000 -0.088899 0.406800 0.406800 0.406800
1596.310425 0.000000 2198.489502 0.000000 0.843336 0.000000 -0.537387 0.439234 0.439234 0.439234
1582.052490 0.000000 2199.843018 0.000000 0.236864 0.000000 -0.971543 0.501731 0.501731 0.501731
1596.797607 0.000000 2185.540283 0.000000 0.826994 0.000000 -0.562211 0.445612 0.445612 0.445612
1598.679688 0.000000 2183.778809 0.000000 0.806196 0.000000 -0.591648 0.448365 0.448365 0.448365
1585.131836 0.000000 2188.298340 0.000000 0.267543 0.000000 -0.963546 0.499309 0.499309 0.499309
1587.621460 0.000000 2189.955078 0.000000 0.986921 0.000000 -0.161202 0.412369 0.412369 0.412369
1597.188965 0.000000 2187.268555 0.000000 0.885977 0.000000 -0.463730 0.436837 0.436837 0.436837
1584.264893 0.000000 2192.932861 0.000000 0.378403 0.000000 -0.925641 0.490354 0.490354 0.490354
1585.277344 0.000000 2194.735107 0.000000 0.995643 0.000000 -0.093244 0.407134 0.407134 0.407134
1597.930420 0.000000 2187.913574 0.000000 0.997136 0.000000 -0.075629 0.405783 0.405783 0.405783
1608.908569 0.000000 2192.306152 0.000000 0.324893 0.000000 -0.945751 0.209751 0.209751 0.209751
1607.408936 0.000000 2164.243652 0.000000 0.265439 0.000000 -0.964128 0.218540 0.218540 0.218540
1608.173828 0.000000 2168.672607 0.000000 0.828076 0.000000 -0.560616 0.211211 0.211211 0.211211
1602.552734 0.000000 2202.482422 0.000000 0.898332 0.000000 -0.439318 0.212167 0.212167 0.212167
1618.979736 0.000000 2186.420166 0.000000 0.981997 0.000000 -0.188896 0.232498 0.232498 0.232498
1617.033569 0.000000 2186.367188 0.000000 0.481113 0.000000 -0.876659 0.248179 0.248179 0.248179
1616.905273 0.000000 2200.305664 0.000000 0.980989 0.000000 -0.194065 0.220964 0.220964 0.220964
1611.557495 0.000000 2186.354004 0.000000 0.998786 0.000000 -0.049259 0.229289 0.229289 0.229289
1639.089600 0.000000 2161.719482 0.000000 0.792150 0.000000 -0.610326 0.264806 0.264806 0.264806
1617.288208 0.000000 2151.487549 0.000000 0.655656 0.000000 -0.755060 0.260712 0.260712 0.260712
1610.378174 0.000000 2158.267578 0.000000 0.216504 0.000000 -0.976282 0.271053 0.271053 0.271053
1620.841675 0.000000 2180.972412 0.000000 0.033271 0.000000 -0.999446 0.290864 0.290864 0.290864
1609.923828 0.000000 2164.000732 0.000000 0.056686 0.000000 -0.998392 0.281404 0.281404 0.281404
1639.789673 0.000000 2160.343750 0.000000 0.665857 0.000000 -0.746079 0.268399 0.268399 0.268399
1623.955322 0.000000 2180.196777 0.000000 0.584993 0.000000 -0.811038 0.278536 0.278536 0.278536
1626.256592 0.000000 2151.131104 0.000000 0.696397 0.000000 -0.717657 0.282127 0.282127 0.282127
1631.069336 0.000000 2155.789307 0.000000 0.222278 0.000000 -0.974983 0.308990 0.308990 0.308990
1612.955688 0.000000 2202.270264 0.000000 0.868053 0.000000 -0.496471 0.283458 0.283458 0.283458
1632.863159 0.000000 2167.230957 0.000000 0.224216 0.000000 -0.974539 0.351319 0.351319 0.351319
1617.255371 0.000000 2156.694580 0.000000 0.756021 0.000000 -0.654547 0.365776 0.365776 0.365776
1619.206299 0.000000 2155.238037 0.000000 0.975179 0.000000 -0.221418 0.338225 0.338225 0.338225
1608.362915 0.000000 2202.191162 0.000000 0.674900 0.000000 -0.737909 0.357972 0.357972 0.357972
1639.708496 0.000000 2152.400879 0.000000 0.957536 0.000000 -0.288315 0.320279 0.320279 0.320279
1625.831665 0.000000 2153.549805 0.000000 0.535185 0.000000 -0.844735 0.360377 0.360377 0.360377
1616.122192 0.000000 2157.340088 0.000000 0.165311 0.000000 -0.986241 0.394486 0.394486 0.394486
1612.296631 0.000000 2199.991943 0.000000 0.676264 0.000000 -0.736659 0.401809 0.401809 0.401809
1626.684937 0.000000 2176.003906 0.000000 0.520242 0.000000 -0.854019 0.425130 0.425130 0.425130
1620.417847 0.000000 2176.501465 0.000000 0.897422 0.000000 -0.441173 0.362803 0.362803 0.362803
1603.740234 0.000000 2173.978516 0.000000 0.991256 0.000000 -0.131955 0.368511 0.368511 0.368511
1616.839233 0.000000 2152.462158 0.000000 0.967946 0.000000 -0.251157 0.395319 0.395319 0.395319
1630.662598 0.000000 2157.466309 0.000000 0.999295 0.000000 -0.037556 0.335428 0.335428 0.335428
1618.137329 0.000000 2189.364258 0.000000 0.173398 0.000000 -0.984852 0.420103 0.420103 0.420103
1617.087036 0.000000 2155.574219 0.000000 0.557628 0.000000 -0.830091 0.463320 0.463320 0.463320
1615.381592 0.000000 2201.972900 0.000000 0.723953 0.000000 -0.689849 0.432620 0.432620 0.432620
1618.467285 0.000000 2190.623291 0.000000 0.932401 0.000000 -0.361425 0.401879 0.401879 0.401879
1605.164062 0.000000 2191.833496 0.000000 0.702134 0.000000 -0.712045 0.447529 0.447529 0.447529
1616.719727 0.000000 2153.488281 0.000000 0.958858 0.000000 -0.283887 0.397241 0.397241 0.397241
1614.202881 0.000000 2160.110352 0.000000 0.759091 0.000000 -0.650984 0.436604 0.436604 0.436604
1611.444946 0.000000 2160.555664 0.000000 0.861646 0.000000 -0.507510 0.434551 0.434551 0.434551
1614.206665 0.000000 2158.332764 0.000000 0.904191 0.000000 -0.427129 0.408525 0.408525 0.408525
1641.550049 0.000000 2162.197754 0.000000 0.941754 0.000000 -0.336303 0.422692 0.422692 0.422692
1625.353271 0.000000 2165.363770 0.000000 0.052414 0.000000 -0.998625 0.489598 0.489598 0.489598
1649.640015 0.000000 2151.754395 0.000000 0.990063 0.000000 -0.140627 0.371297 0.371297 0.371297
1607.079956 0.000000 2197.717041 0.000000 0.990062 0.000000 -0.140634 0.384229 0.384229 0.384229
1601.447266 0.000000 2178.028320 0.000000 0.639569 0.000000 -0.768733 0.398422 0.398422 0.398422
1607.893311 0.000000 2174.359131 0.000000 0.575851 0.000000 -0.817555 0.463085 0.463085 0.463085
1614.662476 0.000000 2201.294434 0.000000 0.867999 0.000000 -0.496567 0.418354 0.418354 0.418354
1620.944946 0.000000 2179.690430 0.000000 0.994179 0.000000 -0.107742 0.407438 0.407438 0.407438
1607.164795 0.000000 2195.182373 0.000000 0.002619 0.000000 -0.999997 0.512361 0.512361 0.512361
1643.474976 0.000000 2153.169434 0.000000 0.801259 0.000000 -0.598318 0.444035 0.444035 0.444035
1608.909424 0.000000 2187.324463 0.000000 0.485847 0.000000 -0.874044 0.481243 0.481243 0.481243
1652.597900 0.000000 2148.965332 0.000000 0.982036 0.000000 -0.188693 0.414502 0.414502 0.414502
1616.218628 0.000000 2168.023926 0.000000 0.323916 0.000000 -0.946086 0.494800 0.494800 0.494800
1641.935181 0.000000 2154.838379 0.000000 0.120809 0.000000 -0.992676 0.507491 0.507491 0.507491
1609.779053 0.000000 2188.946045 0.000000 0.093101 0.000000 -0.995657 0.501442 0.501442 0.501442
1619.773682 0.000000 2190.346680 0.000000 0.630526 0.000000 -0.776168 0.431235 0.431235 0.431235
1619.048828 0.000000 2179.651855 0.000000 0.847845 0.000000 -0.530244 0.442696 0.442696 0.442696
1612.835938 0.000000 2161.933350 0.000000 0.727804 0.000000 -0.685785 0.457730 0.457730 0.457730
1643.767212 0.000000 2152.309082 0.000000 0.851409 0.000000 -0.524502 0.437907 0.437907 0.437907
1607.959229 0.000000 2184.077637 0.000000 0.109750 0.000000 -0.993959 0.509411 0.509411 0.509411
1614.078125 0.000000 2200.172363 0.000000 0.615480 0.000000 -0.788153 0.441271 0.441271 0.441271
1619.707886 0.000000 2165.082520 0.000000 0.723335 0.000000 -0.690497 0.458226 0.458226 0.458226
1638.645996 0.000000 2164.995850 0.000000 0.989520 0.000000 -0.144397 0.411070 0.411070 0.411070
1603.154419 0.000000 2178.115723 0.000000 0.165758 0.000000 -0.986166 0.507278 0.507278 0.507278
1615.359985 0.000000 2160.344971 0.000000 0.371707 0.000000 -0.928350 0.466006 0.466006 0.466006
1618.353271 0.000000 2166.285889 0.000000 0.841585 0.000000 -0.540125 0.442877 0.442877 0.442877
1607.889648 0.000000 2178.571045 0.000000 0.647467 0.000000 -0.762094 0.443274 0.443274 0.443274
1624.928711 0.000000 2167.212402 0.000000 0.028499 0.000000 -0.999594 0.517823 0.517823 0.517823
1626.924561 0.000000 2157.900146 0.000000 0.982702 0.000000 -0.185191 0.414230 0.414230 0.414230
1642.392578 0.000000 2153.176514 0.000000 0.687621 0.000000 -0.726070 0.455788 0.455788 0.455788
1622.437134 0.000000 2178.801270 0.000000 0.717636 0.000000 -0.696419 0.458854 0.458854 0.458854
1619.035034 0.000000 2166.825439 0.000000 0.987530 0.000000 -0.157428 0.411880 0.411880 0.411880
1626.909668 0.000000 2181.616699 0.000000 0.957331 0.000000 -0.288995 0.419616 0.419616 0.419616
1635.165771 0.000000 2162.426514 0.000000 0.733362 0.000000 -0.679839 0.457108 0.457108 0.457108
1606.438354 0.000000 2193.379395 0.000000 0.861417 0.000000 -0.507899 0.438837 0.438837 0.438837
1619.119995 0.000000 2163.575195 0.000000 0.809341 0.000000 -0.587340 0.447488 0.447488 0.447488
1609.481689 0.000000 2186.628418 0.000000 0.904411 0.000000 -0.426662 0.433675 0.433675 0.433675
1634.479492 0.000000 2164.727295 0.000000 0.971510 0.000000 -0.237000 0.418279 0.418279 0.418279
1655.626953 0.000000 2147.308594 0.000000 0.781409 0.000000 -0.624020 0.444919 0.444919 0.444919
1617.790161 0.000000 2155.085205 0.000000 0.483316 0.000000 -0.875446 0.468951 0.468951 0.468951
1628.945068 0.000000 2156.089355 0.000000 0.981566 0.000000 -0.191125 0.414691 0.414691 0.414691
1632.584106 0.000000 2161.174072 0.000000 0.331844 0.000000 -0.943334 0.482158 0.482158 0.482158
1603.793579 0.000000 2178.864502 0.000000 0.994601 0.000000 -0.103772 0.407942 0.407942 0.407942
1637.660767 0.000000 2163.805908 0.000000 0.984260 0.000000 -0.176724 0.413350 0.413350 0.413350
1644.868164 0.000000 2153.658691 0.000000 0.496519 0.000000 -0.868026 0.480307 0.480307 0.480307
1607.696289 0.000000 2193.778809 0.000000 0.716238 0.000000 -0.697856 0.456307 0.456307 0.456307
1634.753296 0.000000 2166.518555 0.000000 0.751198 0.000000 -0.660077 0.455074 0.455074 0.455074
1600.034180 0.000000 2202.337891 0.000000 0.604200 0.000000 -0.796833 0.467906 0.467906 0.467906
1635.419067 0.000000 2165.522949 0.000000 0.866715 0.000000 -0.498803 0.439894 0.439894 0.439894
1607.130249 0.000000 2176.975830 0.000000 0.876604 0.000000 -0.481212 0.438353 0.438353 0.438353
1603.676514 0.000000 2175.876953 0.000000 0.561079 0.000000 -0.827763 0.474493 0.474493 0.474493
1617.705078 0.000000 2163.333008 0.000000 0.873801 0.000000 -0.486284 0.438795 0.438795 0.438795
1625.369019 0.000000 2154.250000 0.000000 0.375104 0.000000 -0.926983 0.490626 0.490626 0.490626
1618.026611 0.000000 2164.760254 0.000000 0.998929 0.000000 -0.046272 0.403536 0.403536 0.403536
1609.061523 0.000000 2185.719727 0.000000 0.243202 0.000000 -0.969976 0.501233 0.501233 0.501233
1631.998413 0.000000 2162.514160 0.000000 0.205994 0.000000 -0.978553 0.504150 0.504150 0.504150
1630.524048 0.000000 2163.486572 0.000000 0.405451 0.000000 -0.914117 0.488108 0.488108 0.488108
1623.062622 0.000000 2178.052490 0.000000 0.994396 0.000000 -0.105721 0.408092 0.408092 0.408092
1642.658447 0.000000 2154.496338 0.000000 0.767659 0.000000 -0.640858 0.453141 0.453141 0.453141
1601.046143 0.000000 2181.044189 0.000000 0.813699 0.000000 -0.581286 0.447388 0.447388 0.447388
1605.598633 0.000000 2176.703857 0.000000 0.408682 0.000000 -0.912677 0.487837 0.487837 0.487837
1617.886230 0.000000 2167.912354 0.000000 0.235302 0.000000 -0.971922 0.501854 0.501854 0.501854
1623.379272 0.000000 2179.608398 0.000000 0.964338 0.000000 -0.264675 0.420464 0.420464 0.420464
1637.271362 0.000000 2167.182129 0.000000 0.828968 0.000000 -0.559296 0.445343 0.445343 0.445343
1607.787354 0.000000 2186.343994 0.000000 0.999300 0.000000 -0.037404 0.402783 0.402783 0.402783
1652.323975 0.000000 2148.025391 0.000000 0.925122 0.000000 -0.379670 0.429751 0.429751 0.429751
1603.065552 0.000000 2177.350342 0.000000 0.967018 0.000000 -0.254706 0.419675 0.419675 0.419675
1618.212402 0.000000 2179.811035 0.000000 0.401528 0.000000 -0.915847 0.488435 0.488435 0.488435
1613.942505 0.000000 2161.304199 0.000000 0.490765 0.000000 -0.871292 0.480812 0.480812 0.480812
1571.792847 0.000000 2203.867188 0.000000 0.972998 0.000000 -0.230814 0.344608 0.344608 0.344608
1578.590820 0.000000 2206.299561 0.000000 0.232417 0.000000 -0.972616 0.401189 0.401189 0.401189
1570.059082 0.000000 2204.070068 0.000000 0.492505 0.000000 -0.870309 0.454685 0.454685 0.454685
1599.628906 0.000000 2204.194580 0.000000 0.915379 0.000000 -0.402594 0.426378 0.426378 0.426378
1599.875122 0.000000 2205.284424 0.000000 0.994155 0.000000 -0.107962 0.406887 0.406887 0.406887
1573.097656 0.000000 2204.508789 0.000000 0.962422 0.000000 -0.271559 0.421009 0.421009 0.421009
1575.854370 0.000000 2203.797607 0.000000 0.751303 0.000000 -0.659957 0.455062 0.455062 0.455062
1574.076416 0.000000 2203.745361 0.000000 0.272401 0.000000 -0.962184 0.498924 0.498924 0.498924
1614.749634 0.000000 2202.921631 0.000000 0.805209 0.000000 -0.592991 0.255483 0.255483 0.255483
1613.322266 0.000000 2207.487305 0.000000 0.171384 0.000000 -0.985204 0.311779 0.311779 0.311779
1613.181641 0.000000 2204.706543 0.000000 0.774898 0.000000 -0.632087 0.414092 0.414092 0.414092
1600.673096 0.000000 2203.570068 0.000000 0.999314 0.000000 -0.037043 0.402729 0.402729 0.402729
1608.661133 0.000000 2205.210693 0.000000 0.577431 0.000000 -0.816440 0.472973 0.472973 0.472973
1600.416016 0.000000 2205.394043 0.000000 0.895804 0.000000 -0.444449 0.431620 0.431620 0.431620
1611.473755 0.000000 2205.652344 0.000000 0.318176 0.000000 -0.948032 0.495263 0.495263 0.495263
"}
