object={
	name="cypress_dense_generator_2_0"
	clamp_to_water_level=no
	render_under_water=no
	generated_content=yes
	layer="semidynamic_medium"
	pdxmesh="tree_cypress_001_mesh"
	count=446
	transform="1707.722900 0.000000 2032.276367 0.000000 0.625295 0.000000 0.780388 0.233871 0.233871 0.233871
1705.205444 0.000000 2033.409424 0.000000 0.720171 0.000000 0.693797 0.291362 0.291362 0.291362
1703.513672 0.000000 2031.595215 0.000000 0.226045 0.000000 0.974117 0.298498 0.298498 0.298498
1705.374878 0.000000 2030.996094 0.000000 0.991503 0.000000 0.130085 0.391304 0.391304 0.391304
1655.867798 0.000000 2080.669189 0.000000 0.228419 0.000000 0.973563 0.222166 0.222166 0.222166
1650.216187 0.000000 2077.982422 0.000000 0.016089 0.000000 0.999871 0.239885 0.239885 0.239885
1654.203735 0.000000 2073.768066 0.000000 0.396171 0.000000 0.918177 0.268659 0.268659 0.268659
1650.249146 0.000000 2083.117432 0.000000 0.659413 0.000000 0.751781 0.345202 0.345202 0.345202
1652.589600 0.000000 2076.856201 0.000000 0.998391 0.000000 0.056697 0.395666 0.395666 0.395666
1654.847168 0.000000 2076.299316 0.000000 0.559299 0.000000 0.828966 0.325343 0.325343 0.325343
1656.008301 0.000000 2075.686768 0.000000 0.718481 0.000000 0.695546 0.341239 0.341239 0.341239
1657.571289 0.000000 2073.293213 0.000000 0.480273 0.000000 0.877119 0.328153 0.328153 0.328153
1663.644165 0.000000 2089.458008 0.000000 0.757552 0.000000 0.652774 0.349394 0.349394 0.349394
1651.127319 0.000000 2082.479004 0.000000 0.684443 0.000000 0.729066 0.347379 0.347379 0.347379
1654.952148 0.000000 2077.393555 0.000000 0.915365 0.000000 0.402626 0.368343 0.368343 0.368343
1656.525879 0.000000 2074.860840 0.000000 0.971225 0.000000 0.238164 0.381629 0.381629 0.381629
1641.967651 0.000000 2119.739746 0.000000 0.935283 0.000000 0.353900 0.207605 0.207605 0.207605
1613.872192 0.000000 2118.324463 0.000000 0.916154 0.000000 0.400826 0.211181 0.211181 0.211181
1643.659790 0.000000 2126.101562 0.000000 0.949089 0.000000 0.315008 0.216534 0.216534 0.216534
1661.252319 0.000000 2100.348145 0.000000 0.162574 0.000000 0.986696 0.230258 0.230258 0.230258
1645.747070 0.000000 2138.613525 0.000000 0.509768 0.000000 0.860312 0.216188 0.216188 0.216188
1653.007935 0.000000 2131.072266 0.000000 0.885123 0.000000 0.465357 0.247738 0.247738 0.247738
1615.590576 0.000000 2142.018311 0.000000 0.901529 0.000000 0.432718 0.229217 0.229217 0.229217
1657.360474 0.000000 2101.178467 0.000000 0.524739 0.000000 0.851263 0.230643 0.230643 0.230643
1621.917603 0.000000 2134.184082 0.000000 0.998476 0.000000 0.055184 0.254353 0.254353 0.254353
1656.471802 0.000000 2130.377930 0.000000 0.998792 0.000000 0.049142 0.320847 0.320847 0.320847
1653.929565 0.000000 2105.992676 0.000000 0.336840 0.000000 0.941562 0.242072 0.242072 0.242072
1655.822754 0.000000 2121.215088 0.000000 0.704098 0.000000 0.710102 0.248793 0.248793 0.248793
1639.382324 0.000000 2123.540283 0.000000 0.992890 0.000000 0.119036 0.281372 0.281372 0.281372
1649.135254 0.000000 2116.758789 0.000000 0.684194 0.000000 0.729300 0.286098 0.286098 0.286098
1642.059082 0.000000 2125.204834 0.000000 0.763537 0.000000 0.645765 0.306096 0.306096 0.306096
1654.609131 0.000000 2117.770508 0.000000 0.336233 0.000000 0.941779 0.301913 0.301913 0.301913
1659.524048 0.000000 2103.381104 0.000000 0.961227 0.000000 0.275759 0.373190 0.373190 0.373190
1631.740845 0.000000 2134.890381 0.000000 0.684754 0.000000 0.728774 0.334746 0.334746 0.334746
1654.848755 0.000000 2112.434570 0.000000 0.757753 0.000000 0.652541 0.332341 0.332341 0.332341
1658.590454 0.000000 2132.476318 0.000000 0.980436 0.000000 0.196838 0.372860 0.372860 0.372860
1627.159668 0.000000 2144.050293 0.000000 0.992426 0.000000 0.122848 0.391975 0.391975 0.391975
1619.615967 0.000000 2136.180664 0.000000 0.742572 0.000000 0.669767 0.289031 0.289031 0.289031
1663.314453 0.000000 2117.834717 0.000000 0.036389 0.000000 0.999338 0.301385 0.301385 0.301385
1630.684326 0.000000 2132.182373 0.000000 0.399393 0.000000 0.916780 0.307377 0.307377 0.307377
1655.130127 0.000000 2116.515137 0.000000 0.716922 0.000000 0.697153 0.325048 0.325048 0.325048
1620.561035 0.000000 2140.687256 0.000000 0.995176 0.000000 0.098103 0.393377 0.393377 0.393377
1642.351685 0.000000 2139.010254 0.000000 0.271468 0.000000 0.962447 0.295325 0.295325 0.295325
1652.467651 0.000000 2111.046631 0.000000 0.959837 0.000000 0.280557 0.381896 0.381896 0.381896
1650.304199 0.000000 2116.309570 0.000000 0.417856 0.000000 0.908513 0.312932 0.312932 0.312932
1651.413452 0.000000 2109.472412 0.000000 0.677076 0.000000 0.735913 0.339711 0.339711 0.339711
1626.372437 0.000000 2142.778564 0.000000 0.787132 0.000000 0.616785 0.349224 0.349224 0.349224
1629.817505 0.000000 2129.801270 0.000000 0.683172 0.000000 0.730258 0.341339 0.341339 0.341339
1656.930542 0.000000 2102.322021 0.000000 0.947118 0.000000 0.320886 0.375045 0.375045 0.375045
1625.752441 0.000000 2146.299072 0.000000 0.653125 0.000000 0.757251 0.334370 0.334370 0.334370
1659.484375 0.000000 2131.118164 0.000000 0.805653 0.000000 0.592388 0.351564 0.351564 0.351564
1646.588257 0.000000 2133.703125 0.000000 0.417230 0.000000 0.908801 0.327115 0.327115 0.327115
1641.168335 0.000000 2121.479248 0.000000 0.912333 0.000000 0.409449 0.372618 0.372618 0.372618
1640.053711 0.000000 2142.276123 0.000000 0.017150 0.000000 0.999853 0.298320 0.298320 0.298320
1639.513672 0.000000 2144.563965 0.000000 0.257895 0.000000 0.966173 0.308589 0.308589 0.308589
1633.799438 0.000000 2128.807861 0.000000 0.998525 0.000000 0.054286 0.369089 0.369089 0.369089
1651.089233 0.000000 2118.918701 0.000000 0.898400 0.000000 0.439177 0.365605 0.365605 0.365605
1658.650757 0.000000 2101.099854 0.000000 0.735649 0.000000 0.677363 0.348723 0.348723 0.348723
1641.785400 0.000000 2124.005127 0.000000 0.998788 0.000000 0.049215 0.396239 0.396239 0.396239
1652.589600 0.000000 2133.340576 0.000000 0.550943 0.000000 0.834543 0.302820 0.302820 0.302820
1628.428955 0.000000 2129.265381 0.000000 0.594803 0.000000 0.803872 0.333094 0.333094 0.333094
1657.537842 0.000000 2112.872314 0.000000 0.304530 0.000000 0.952503 0.303640 0.303640 0.303640
1642.279785 0.000000 2134.778564 0.000000 0.898227 0.000000 0.439532 0.365235 0.365235 0.365235
1627.631348 0.000000 2145.771973 0.000000 0.773823 0.000000 0.633402 0.355304 0.355304 0.355304
1620.580322 0.000000 2137.519043 0.000000 0.939238 0.000000 0.343267 0.377431 0.377431 0.377431
1631.890381 0.000000 2136.163086 0.000000 0.750464 0.000000 0.660911 0.340922 0.340922 0.340922
1640.134399 0.000000 2134.512451 0.000000 0.656212 0.000000 0.754576 0.334682 0.334682 0.334682
1625.064819 0.000000 2140.560547 0.000000 0.125859 0.000000 0.992048 0.289640 0.289640 0.289640
1642.128052 0.000000 2137.375244 0.000000 0.858517 0.000000 0.512784 0.360884 0.360884 0.360884
1641.492676 0.000000 2140.405762 0.000000 0.984746 0.000000 0.173999 0.388430 0.388430 0.388430
1663.956055 0.000000 2116.840332 0.000000 0.619792 0.000000 0.784766 0.341086 0.341086 0.341086
1620.942871 0.000000 2139.529053 0.000000 0.801913 0.000000 0.597441 0.351084 0.351084 0.351084
1626.378296 0.000000 2140.595703 0.000000 0.999576 0.000000 0.029134 0.397774 0.397774 0.397774
1640.188599 0.000000 2127.264893 0.000000 0.979273 0.000000 0.202546 0.386456 0.386456 0.386456
1626.614136 0.000000 2133.565430 0.000000 0.294261 0.000000 0.955725 0.315839 0.315839 0.315839
1660.196655 0.000000 2099.691895 0.000000 0.918182 0.000000 0.396160 0.372238 0.372238 0.372238
1655.779663 0.000000 2113.108154 0.000000 0.177772 0.000000 0.984072 0.296502 0.296502 0.296502
1637.261353 0.000000 2139.303467 0.000000 0.838352 0.000000 0.545130 0.355955 0.355955 0.355955
1624.446533 0.000000 2133.260986 0.000000 0.890949 0.000000 0.454102 0.368345 0.368345 0.368345
1625.549683 0.000000 2144.808838 0.000000 0.079773 0.000000 0.996813 0.287962 0.287962 0.287962
1629.641357 0.000000 2135.677734 0.000000 0.975708 0.000000 0.219074 0.375665 0.375665 0.375665
1628.950317 0.000000 2137.786621 0.000000 0.136259 0.000000 0.990673 0.290442 0.290442 0.290442
1628.341675 0.000000 2139.585938 0.000000 0.178396 0.000000 0.983959 0.293702 0.293702 0.293702
1641.344238 0.000000 2139.349854 0.000000 0.952653 0.000000 0.304060 0.377092 0.377092 0.377092
1658.459351 0.000000 2131.446045 0.000000 0.886072 0.000000 0.463547 0.363178 0.363178 0.363178
1653.110718 0.000000 2106.769531 0.000000 0.715378 0.000000 0.698737 0.349204 0.349204 0.349204
1626.823242 0.000000 2139.642090 0.000000 0.733773 0.000000 0.679395 0.342938 0.342938 0.342938
1629.200684 0.000000 2138.867676 0.000000 0.700768 0.000000 0.713389 0.339318 0.339318 0.339318
1657.619629 0.000000 2114.260742 0.000000 0.112062 0.000000 0.993701 0.288579 0.288579 0.288579
1659.427246 0.000000 2113.106689 0.000000 0.800087 0.000000 0.599884 0.350851 0.350851 0.350851
1624.939453 0.000000 2135.232910 0.000000 0.949711 0.000000 0.313127 0.376067 0.376067 0.376067
1654.226807 0.000000 2144.090088 0.000000 0.496883 0.000000 0.867818 0.319725 0.319725 0.319725
1656.633789 0.000000 2105.319092 0.000000 0.779515 0.000000 0.626384 0.348288 0.348288 0.348288
1658.104004 0.000000 2101.976074 0.000000 0.821029 0.000000 0.570887 0.358134 0.358134 0.358134
1663.578735 0.000000 2115.704346 0.000000 0.548801 0.000000 0.835953 0.333276 0.333276 0.333276
1663.554077 0.000000 2098.249756 0.000000 0.027840 0.000000 0.999612 0.282127 0.282127 0.282127
1662.448853 0.000000 2090.446777 0.000000 0.452621 0.000000 0.891703 0.315883 0.315883 0.315883
1660.182617 0.000000 2115.931152 0.000000 0.750010 0.000000 0.661426 0.344788 0.344788 0.344788
1639.516968 0.000000 2124.610107 0.000000 0.992278 0.000000 0.124036 0.390500 0.390500 0.390500
1659.404663 0.000000 2114.165771 0.000000 0.854108 0.000000 0.520096 0.358215 0.358215 0.358215
1650.986694 0.000000 2135.114502 0.000000 0.878992 0.000000 0.476837 0.362028 0.362028 0.362028
1638.218750 0.000000 2138.919189 0.000000 0.943470 0.000000 0.331457 0.374190 0.374190 0.374190
1629.189331 0.000000 2126.841553 0.000000 0.981177 0.000000 0.193113 0.385154 0.385154 0.385154
1662.515503 0.000000 2097.768799 0.000000 0.914223 0.000000 0.405212 0.368127 0.368127 0.368127
1658.561890 0.000000 2115.879395 0.000000 0.943581 0.000000 0.331141 0.374216 0.374216 0.374216
1623.415527 0.000000 2141.434082 0.000000 0.218757 0.000000 0.975779 0.296848 0.296848 0.296848
1641.023438 0.000000 2125.499512 0.000000 0.663062 0.000000 0.748565 0.335378 0.335378 0.335378
1625.147217 0.000000 2134.036621 0.000000 0.277599 0.000000 0.960697 0.303099 0.303099 0.303099
1627.948730 0.000000 2141.747559 0.000000 0.998493 0.000000 0.054874 0.395806 0.395806 0.395806
1651.380981 0.000000 2115.189209 0.000000 0.248833 0.000000 0.968546 0.299211 0.299211 0.299211
1663.628906 0.000000 2091.225830 0.000000 0.703042 0.000000 0.711149 0.339562 0.339562 0.339562
1658.491943 0.000000 2112.653809 0.000000 0.886724 0.000000 0.462298 0.363286 0.363286 0.363286
1625.231934 0.000000 2138.693115 0.000000 0.112841 0.000000 0.993613 0.288639 0.288639 0.288639
1663.976685 0.000000 2095.915771 0.000000 0.992197 0.000000 0.124678 0.390450 0.390450 0.390450
1650.747437 0.000000 2113.691650 0.000000 0.986084 0.000000 0.166249 0.387240 0.387240 0.387240
1645.089722 0.000000 2117.243652 0.000000 0.916901 0.000000 0.399115 0.368636 0.368636 0.368636
1634.731812 0.000000 2141.672363 0.000000 0.467780 0.000000 0.883845 0.321788 0.321788 0.321788
1657.875732 0.000000 2104.017334 0.000000 0.600348 0.000000 0.799739 0.329193 0.329193 0.329193
1638.621948 0.000000 2124.097656 0.000000 0.985195 0.000000 0.171439 0.386838 0.386838 0.386838
1650.412842 0.000000 2111.776123 0.000000 0.982756 0.000000 0.184908 0.386349 0.386349 0.386349
1651.399902 0.000000 2117.112793 0.000000 0.600462 0.000000 0.799653 0.329204 0.329204 0.329204
1624.084229 0.000000 2135.584717 0.000000 0.815053 0.000000 0.579386 0.353562 0.353562 0.353562
1641.572144 0.000000 2135.481201 0.000000 0.988478 0.000000 0.151362 0.388392 0.388392 0.388392
1642.251709 0.000000 2117.024414 0.000000 0.237909 0.000000 0.971287 0.298351 0.298351 0.298351
1664.009766 0.000000 2075.630127 0.000000 0.593458 0.000000 0.804865 0.191242 0.191242 0.191242
1702.581177 0.000000 2068.562012 0.000000 0.708850 0.000000 0.705359 0.196926 0.196926 0.196926
1703.591431 0.000000 2075.273438 0.000000 0.999541 0.000000 0.030285 0.208072 0.208072 0.208072
1709.942993 0.000000 2055.378418 0.000000 0.945018 0.000000 0.327018 0.213209 0.213209 0.213209
1691.677979 0.000000 2038.451660 0.000000 0.016814 0.000000 0.999859 0.218287 0.218287 0.218287
1690.245850 0.000000 2051.949463 0.000000 0.977203 0.000000 0.212307 0.229755 0.229755 0.229755
1696.330200 0.000000 2087.734863 0.000000 0.402438 0.000000 0.915447 0.233891 0.233891 0.233891
1703.465576 0.000000 2043.323242 0.000000 0.837423 0.000000 0.546556 0.227114 0.227114 0.227114
1698.508057 0.000000 2080.003174 0.000000 0.794687 0.000000 0.607019 0.261354 0.261354 0.261354
1689.598145 0.000000 2057.069092 0.000000 0.972738 0.000000 0.231909 0.274056 0.274056 0.274056
1669.572388 0.000000 2080.368408 0.000000 0.238188 0.000000 0.971219 0.222348 0.222348 0.222348
1704.756226 0.000000 2038.904053 0.000000 0.439646 0.000000 0.898171 0.221077 0.221077 0.221077
1707.629028 0.000000 2073.828613 0.000000 0.997738 0.000000 0.067220 0.238648 0.238648 0.238648
1706.257812 0.000000 2035.699951 0.000000 0.943332 0.000000 0.331851 0.242438 0.242438 0.242438
1699.182251 0.000000 2040.203857 0.000000 0.340634 0.000000 0.940196 0.257699 0.257699 0.257699
1700.990479 0.000000 2034.123047 0.000000 0.591185 0.000000 0.806536 0.241037 0.241037 0.241037
1690.057129 0.000000 2068.900635 0.000000 0.984985 0.000000 0.172643 0.310871 0.310871 0.310871
1719.822754 0.000000 2064.730713 0.000000 0.103315 0.000000 0.994649 0.232716 0.232716 0.232716
1675.049316 0.000000 2083.318359 0.000000 0.408047 0.000000 0.912961 0.249543 0.249543 0.249543
1677.021362 0.000000 2066.066406 0.000000 0.852794 0.000000 0.522248 0.320717 0.320717 0.320717
1697.699341 0.000000 2046.867798 0.000000 0.794784 0.000000 0.606892 0.322342 0.322342 0.322342
1696.131592 0.000000 2038.556885 0.000000 0.022309 0.000000 0.999751 0.276392 0.276392 0.276392
1693.055542 0.000000 2039.451294 0.000000 0.733987 0.000000 0.679163 0.281508 0.281508 0.281508
1678.035400 0.000000 2059.437256 0.000000 0.649900 0.000000 0.760020 0.275135 0.275135 0.275135
1696.608643 0.000000 2064.968750 0.000000 0.154061 0.000000 0.988061 0.302452 0.302452 0.302452
1689.909180 0.000000 2050.523682 0.000000 0.115634 0.000000 0.993292 0.282327 0.282327 0.282327
1682.425659 0.000000 2082.289551 0.000000 0.999875 0.000000 0.015802 0.286399 0.286399 0.286399
1696.240356 0.000000 2047.407349 0.000000 0.997971 0.000000 0.063668 0.349952 0.349952 0.349952
1667.452759 0.000000 2073.409912 0.000000 0.914954 0.000000 0.403558 0.303192 0.303192 0.303192
1707.440918 0.000000 2041.125854 0.000000 0.999627 0.000000 0.027318 0.327222 0.327222 0.327222
1721.198608 0.000000 2060.172852 0.000000 0.197596 0.000000 0.980284 0.265910 0.265910 0.265910
1699.506348 0.000000 2065.307617 0.000000 0.243179 0.000000 0.969982 0.311999 0.311999 0.311999
1686.889893 0.000000 2082.699463 0.000000 0.893955 0.000000 0.448156 0.339651 0.339651 0.339651
1695.069336 0.000000 2042.820679 0.000000 0.265997 0.000000 0.963974 0.312916 0.312916 0.312916
1668.298828 0.000000 2089.335938 0.000000 0.670523 0.000000 0.741888 0.322580 0.322580 0.322580
1698.937866 0.000000 2063.942627 0.000000 0.813674 0.000000 0.581321 0.334468 0.334468 0.334468
1688.874268 0.000000 2051.452637 0.000000 0.956837 0.000000 0.290626 0.335056 0.335056 0.335056
1684.600464 0.000000 2044.459473 0.000000 0.835818 0.000000 0.549007 0.308314 0.308314 0.308314
1697.739258 0.000000 2035.961548 0.000000 0.942524 0.000000 0.334138 0.347868 0.347868 0.347868
1693.948364 0.000000 2074.557861 0.000000 0.568318 0.000000 0.822809 0.335586 0.335586 0.335586
1667.094727 0.000000 2088.221680 0.000000 0.939220 0.000000 0.343316 0.335507 0.335507 0.335507
1673.022705 0.000000 2076.504639 0.000000 0.991031 0.000000 0.133630 0.343439 0.343439 0.343439
1713.244507 0.000000 2070.489746 0.000000 0.964907 0.000000 0.262593 0.307569 0.307569 0.307569
1719.777832 0.000000 2062.372559 0.000000 0.956313 0.000000 0.292344 0.370160 0.370160 0.370160
1719.130127 0.000000 2060.030762 0.000000 0.293793 0.000000 0.955869 0.311946 0.311946 0.311946
1679.223267 0.000000 2061.783936 0.000000 0.835889 0.000000 0.548898 0.357932 0.357932 0.357932
1711.484497 0.000000 2052.896484 0.000000 0.464424 0.000000 0.885613 0.327489 0.327489 0.327489
1696.342651 0.000000 2068.482910 0.000000 0.050509 0.000000 0.998724 0.294416 0.294416 0.294416
1695.443848 0.000000 2071.548828 0.000000 0.998629 0.000000 0.052355 0.396299 0.396299 0.396299
1691.430908 0.000000 2074.072266 0.000000 0.999879 0.000000 0.015587 0.316528 0.316528 0.316528
1688.135986 0.000000 2053.851807 0.000000 0.296342 0.000000 0.955082 0.302984 0.302984 0.302984
1694.521851 0.000000 2066.883301 0.000000 0.940910 0.000000 0.338657 0.373607 0.373607 0.373607
1686.048218 0.000000 2056.550537 0.000000 0.413171 0.000000 0.910654 0.316826 0.316826 0.316826
1718.683350 0.000000 2063.999268 0.000000 0.735078 0.000000 0.677982 0.343690 0.343690 0.343690
1698.554688 0.000000 2043.151611 0.000000 0.405711 0.000000 0.914001 0.312202 0.312202 0.312202
1704.696289 0.000000 2043.685059 0.000000 0.552453 0.000000 0.833544 0.327912 0.327912 0.327912
1678.689819 0.000000 2069.781738 0.000000 0.357398 0.000000 0.933952 0.320835 0.320835 0.320835
1684.232056 0.000000 2057.225342 0.000000 0.788848 0.000000 0.614589 0.349437 0.349437 0.349437
1715.083130 0.000000 2065.851807 0.000000 0.519261 0.000000 0.854616 0.327868 0.327868 0.327868
1697.497925 0.000000 2081.652344 0.000000 0.843713 0.000000 0.536795 0.313520 0.313520 0.313520
1693.817505 0.000000 2073.316895 0.000000 0.995308 0.000000 0.096762 0.392596 0.392596 0.392596
1701.122925 0.000000 2072.599365 0.000000 0.304663 0.000000 0.952460 0.316560 0.316560 0.316560
1706.844238 0.000000 2042.337402 0.000000 0.861602 0.000000 0.507584 0.348107 0.348107 0.348107
1692.834961 0.000000 2042.113281 0.000000 0.774835 0.000000 0.632163 0.347720 0.347720 0.347720
1672.396362 0.000000 2072.218262 0.000000 0.948526 0.000000 0.316699 0.375382 0.375382 0.375382
1703.881592 0.000000 2033.500732 0.000000 0.109747 0.000000 0.993960 0.281468 0.281468 0.281468
1695.081909 0.000000 2069.585205 0.000000 0.773431 0.000000 0.633881 0.352978 0.352978 0.352978
1705.849365 0.000000 2044.109619 0.000000 0.055386 0.000000 0.998465 0.290542 0.290542 0.290542
1712.335083 0.000000 2049.540771 0.000000 0.994064 0.000000 0.108799 0.368322 0.368322 0.368322
1670.988892 0.000000 2074.897705 0.000000 0.959423 0.000000 0.281971 0.378163 0.378163 0.378163
1690.770874 0.000000 2043.038208 0.000000 0.919127 0.000000 0.393961 0.369065 0.369065 0.369065
1696.727905 0.000000 2044.646240 0.000000 0.989064 0.000000 0.147489 0.389874 0.389874 0.389874
1681.206543 0.000000 2070.768799 0.000000 0.018099 0.000000 0.999836 0.281383 0.281383 0.281383
1692.428955 0.000000 2072.781006 0.000000 0.355370 0.000000 0.934726 0.307755 0.307755 0.307755
1675.042725 0.000000 2074.469482 0.000000 0.344866 0.000000 0.938652 0.306898 0.306898 0.306898
1672.362915 0.000000 2089.222412 0.000000 0.988225 0.000000 0.153009 0.372260 0.372260 0.372260
1699.792847 0.000000 2034.414062 0.000000 0.778088 0.000000 0.628156 0.353435 0.353435 0.353435
1668.508179 0.000000 2076.137939 0.000000 0.546576 0.000000 0.837410 0.326407 0.326407 0.326407
1690.672729 0.000000 2071.712891 0.000000 0.157195 0.000000 0.987568 0.289024 0.289024 0.289024
1678.050049 0.000000 2065.590576 0.000000 0.916936 0.000000 0.399034 0.368643 0.368643 0.368643
1686.963135 0.000000 2055.910400 0.000000 0.989273 0.000000 0.146075 0.388801 0.388801 0.388801
1679.546143 0.000000 2071.319336 0.000000 0.032570 0.000000 0.999469 0.282489 0.282489 0.282489
1674.347656 0.000000 2073.507080 0.000000 0.167388 0.000000 0.985891 0.292848 0.292848 0.292848
1670.281982 0.000000 2079.491943 0.000000 0.634317 0.000000 0.773073 0.332492 0.332492 0.332492
1671.968628 0.000000 2074.390625 0.000000 0.999162 0.000000 0.040941 0.396871 0.396871 0.396871
1711.143921 0.000000 2071.162109 0.000000 0.548550 0.000000 0.836118 0.329928 0.329928 0.329928
1676.307373 0.000000 2074.197998 0.000000 0.342070 0.000000 0.939674 0.306671 0.306671 0.306671
1713.438110 0.000000 2049.612305 0.000000 0.916236 0.000000 0.400640 0.351892 0.351892 0.351892
1714.699585 0.000000 2064.490479 0.000000 0.344163 0.000000 0.938910 0.316297 0.316297 0.316297
1700.052368 0.000000 2072.880615 0.000000 0.734828 0.000000 0.678254 0.350687 0.350687 0.350687
1673.063110 0.000000 2075.417480 0.000000 0.315629 0.000000 0.948883 0.304532 0.304532 0.304532
1714.121826 0.000000 2050.490479 0.000000 0.997974 0.000000 0.063629 0.395406 0.395406 0.395406
1688.183105 0.000000 2055.125000 0.000000 0.220331 0.000000 0.975425 0.304042 0.304042 0.304042
1671.350952 0.000000 2072.688477 0.000000 0.992481 0.000000 0.122395 0.391055 0.391055 0.391055
1677.677002 0.000000 2070.431396 0.000000 0.970229 0.000000 0.242190 0.381312 0.381312 0.381312
1677.138794 0.000000 2064.975830 0.000000 0.205020 0.000000 0.978758 0.310080 0.310080 0.310080
1693.493652 0.000000 2040.795288 0.000000 0.984428 0.000000 0.175789 0.386501 0.386501 0.386501
1700.375977 0.000000 2070.702148 0.000000 0.451560 0.000000 0.892241 0.320195 0.320195 0.320195
1671.570679 0.000000 2076.533447 0.000000 0.848405 0.000000 0.529347 0.357385 0.357385 0.357385
1680.762939 0.000000 2085.141602 0.000000 0.983911 0.000000 0.178662 0.387130 0.387130 0.387130
1689.039551 0.000000 2042.064941 0.000000 0.274378 0.000000 0.961622 0.301233 0.301233 0.301233
1700.187500 0.000000 2046.493286 0.000000 0.151569 0.000000 0.988447 0.291624 0.291624 0.291624
1698.505981 0.000000 2048.868896 0.000000 0.898108 0.000000 0.439776 0.366578 0.366578 0.366578
1684.381104 0.000000 2055.240723 0.000000 0.720536 0.000000 0.693417 0.350264 0.350264 0.350264
1694.405884 0.000000 2071.677246 0.000000 0.932458 0.000000 0.361278 0.373884 0.373884 0.373884
1714.309204 0.000000 2069.250000 0.000000 0.341833 0.000000 0.939761 0.306651 0.306651 0.306651
1674.928955 0.000000 2072.590576 0.000000 0.832217 0.000000 0.554450 0.355103 0.355103 0.355103
1682.747803 0.000000 2085.914795 0.000000 0.309560 0.000000 0.950880 0.304044 0.304044 0.304044
1696.311157 0.000000 2066.203369 0.000000 0.434251 0.000000 0.900792 0.314317 0.314317 0.314317
1673.671631 0.000000 2071.519775 0.000000 0.922078 0.000000 0.387004 0.369642 0.369642 0.369642
1680.178101 0.000000 2060.147217 0.000000 0.249821 0.000000 0.968292 0.299289 0.299289 0.299289
1715.106567 0.000000 2050.305664 0.000000 0.998288 0.000000 0.058492 0.395777 0.395777 0.395777
1698.215698 0.000000 2044.230591 0.000000 0.858566 0.000000 0.512704 0.358875 0.358875 0.358875
1687.415527 0.000000 2084.949707 0.000000 0.788392 0.000000 0.615173 0.349381 0.349381 0.349381
1670.644653 0.000000 2075.864990 0.000000 0.992138 0.000000 0.125152 0.390414 0.390414 0.390414
1677.516846 0.000000 2074.706299 0.000000 0.896102 0.000000 0.443848 0.364867 0.364867 0.364867
1701.482788 0.000000 2047.849976 0.000000 0.738934 0.000000 0.673778 0.343521 0.343521 0.343521
1671.104370 0.000000 2077.734375 0.000000 0.996129 0.000000 0.087905 0.393276 0.393276 0.393276
1701.326538 0.000000 2046.933105 0.000000 0.743145 0.000000 0.669130 0.344000 0.344000 0.344000
1682.971924 0.000000 2084.154541 0.000000 0.287246 0.000000 0.957857 0.302258 0.302258 0.302258
1670.474854 0.000000 2104.512451 0.000000 0.853744 0.000000 0.520693 0.227606 0.227606 0.227606
1675.084839 0.000000 2100.300537 0.000000 0.477649 0.000000 0.878551 0.249054 0.249054 0.249054
1672.953247 0.000000 2115.852539 0.000000 0.405484 0.000000 0.914102 0.243824 0.243824 0.243824
1677.189209 0.000000 2098.176514 0.000000 0.538366 0.000000 0.842711 0.270727 0.270727 0.270727
1664.233887 0.000000 2103.365234 0.000000 0.920692 0.000000 0.390290 0.331209 0.331209 0.331209
1672.954834 0.000000 2113.639893 0.000000 0.595786 0.000000 0.803143 0.290990 0.290990 0.290990
1664.016235 0.000000 2098.574463 0.000000 0.977680 0.000000 0.210098 0.297917 0.297917 0.297917
1668.846680 0.000000 2104.829102 0.000000 0.855507 0.000000 0.517791 0.309796 0.309796 0.309796
1682.834473 0.000000 2116.511230 0.000000 0.944987 0.000000 0.327107 0.295003 0.295003 0.295003
1675.583984 0.000000 2093.479492 0.000000 0.984933 0.000000 0.172936 0.342673 0.342673 0.342673
1670.813965 0.000000 2111.685791 0.000000 0.933805 0.000000 0.357782 0.361219 0.361219 0.361219
1669.597900 0.000000 2103.389404 0.000000 0.936383 0.000000 0.350980 0.362609 0.362609 0.362609
1677.299561 0.000000 2101.388428 0.000000 0.976824 0.000000 0.214044 0.343860 0.343860 0.343860
1664.049561 0.000000 2115.619385 0.000000 0.313263 0.000000 0.949667 0.317158 0.317158 0.317158
1665.993652 0.000000 2113.371826 0.000000 0.104477 0.000000 0.994527 0.274622 0.274622 0.274622
1667.455811 0.000000 2108.603027 0.000000 0.994835 0.000000 0.101506 0.392511 0.392511 0.392511
1665.219482 0.000000 2097.940430 0.000000 0.965625 0.000000 0.259937 0.379912 0.379912 0.379912
1681.977295 0.000000 2119.391113 0.000000 0.295922 0.000000 0.955212 0.308025 0.308025 0.308025
1666.597534 0.000000 2103.386963 0.000000 0.806332 0.000000 0.591463 0.359236 0.359236 0.359236
1672.415649 0.000000 2116.994141 0.000000 0.108395 0.000000 0.994108 0.288297 0.288297 0.288297
1669.044800 0.000000 2120.798584 0.000000 0.108815 0.000000 0.994062 0.288329 0.288329 0.288329
1677.527222 0.000000 2096.965576 0.000000 0.219673 0.000000 0.975574 0.303994 0.303994 0.303994
1665.121704 0.000000 2107.030273 0.000000 0.650710 0.000000 0.759326 0.334127 0.334127 0.334127
1689.831665 0.000000 2097.065430 0.000000 0.958027 0.000000 0.286678 0.377788 0.377788 0.377788
1676.748291 0.000000 2095.617188 0.000000 0.968556 0.000000 0.248797 0.367743 0.367743 0.367743
1667.978638 0.000000 2106.139893 0.000000 0.492348 0.000000 0.870398 0.319327 0.319327 0.319327
1667.154541 0.000000 2110.673828 0.000000 0.996878 0.000000 0.078957 0.367768 0.367768 0.367768
1664.649170 0.000000 2104.836914 0.000000 0.874694 0.000000 0.484675 0.361345 0.361345 0.361345
1675.238403 0.000000 2096.062988 0.000000 0.995136 0.000000 0.098508 0.393546 0.393546 0.393546
1664.126099 0.000000 2109.343750 0.000000 0.963329 0.000000 0.268322 0.379722 0.379722 0.379722
1665.149170 0.000000 2114.071045 0.000000 0.457158 0.000000 0.889385 0.327490 0.327490 0.327490
1666.595337 0.000000 2117.558105 0.000000 0.241408 0.000000 0.970424 0.298626 0.298626 0.298626
1666.037109 0.000000 2120.148438 0.000000 0.372168 0.000000 0.928165 0.309133 0.309133 0.309133
1689.039551 0.000000 2098.549316 0.000000 0.520047 0.000000 0.854138 0.321781 0.321781 0.321781
1664.030151 0.000000 2107.311035 0.000000 0.999903 0.000000 0.013948 0.398934 0.398934 0.398934
1676.269653 0.000000 2097.779541 0.000000 0.040487 0.000000 0.999180 0.291117 0.291117 0.291117
1665.787109 0.000000 2105.261230 0.000000 0.070686 0.000000 0.997499 0.285405 0.285405 0.285405
1682.806152 0.000000 2118.815186 0.000000 0.752578 0.000000 0.658503 0.345086 0.345086 0.345086
1666.628052 0.000000 2104.468994 0.000000 0.273433 0.000000 0.961891 0.301158 0.301158 0.301158
1666.988770 0.000000 2106.328369 0.000000 0.978513 0.000000 0.206184 0.384135 0.384135 0.384135
1667.974609 0.000000 2120.596191 0.000000 0.041296 0.000000 0.999147 0.283156 0.283156 0.283156
1668.713745 0.000000 2118.750488 0.000000 0.995236 0.000000 0.097500 0.392540 0.392540 0.392540
1665.034912 0.000000 2096.936768 0.000000 0.433133 0.000000 0.901330 0.314222 0.314222 0.314222
1673.307617 0.000000 2093.985107 0.000000 0.720116 0.000000 0.693854 0.341419 0.341419 0.341419
1666.271240 0.000000 2092.728027 0.000000 0.278451 0.000000 0.960451 0.301557 0.301557 0.301557
1689.507080 0.000000 2095.198730 0.000000 0.999890 0.000000 0.014800 0.398869 0.398869 0.398869
1673.040649 0.000000 2119.369385 0.000000 0.780112 0.000000 0.625640 0.348361 0.348361 0.348361
1664.444458 0.000000 2094.088623 0.000000 0.956764 0.000000 0.290864 0.377454 0.377454 0.377454
1595.305786 0.000000 2196.185303 0.000000 0.979187 0.000000 0.202960 0.257770 0.257770 0.257770
1585.424561 0.000000 2184.822754 0.000000 0.355884 0.000000 0.934530 0.226255 0.226255 0.226255
1586.103760 0.000000 2194.739258 0.000000 0.876058 0.000000 0.482206 0.255277 0.255277 0.255277
1583.350220 0.000000 2201.149414 0.000000 0.574766 0.000000 0.818318 0.265459 0.265459 0.265459
1595.964600 0.000000 2197.708008 0.000000 0.917859 0.000000 0.396907 0.253369 0.253369 0.253369
1596.112793 0.000000 2182.081299 0.000000 0.999483 0.000000 0.032142 0.329252 0.329252 0.329252
1598.281860 0.000000 2199.473877 0.000000 0.122770 0.000000 0.992435 0.300095 0.300095 0.300095
1582.797363 0.000000 2198.209473 0.000000 0.999990 0.000000 0.004565 0.399651 0.399651 0.399651
1576.703369 0.000000 2201.274658 0.000000 0.967256 0.000000 0.253802 0.380397 0.380397 0.380397
1586.163818 0.000000 2193.381836 0.000000 0.419803 0.000000 0.907615 0.307174 0.307174 0.307174
1585.121216 0.000000 2198.314453 0.000000 0.976511 0.000000 0.215469 0.383409 0.383409 0.383409
1586.448486 0.000000 2189.631104 0.000000 0.067266 0.000000 0.997735 0.285143 0.285143 0.285143
1587.326782 0.000000 2193.921875 0.000000 0.260864 0.000000 0.965376 0.298528 0.298528 0.298528
1597.190430 0.000000 2201.828369 0.000000 0.046475 0.000000 0.998919 0.293682 0.293682 0.293682
1599.246094 0.000000 2182.415771 0.000000 0.894225 0.000000 0.447617 0.364545 0.364545 0.364545
1583.731812 0.000000 2193.505127 0.000000 0.941593 0.000000 0.336754 0.359552 0.359552 0.359552
1582.873413 0.000000 2195.507568 0.000000 0.859285 0.000000 0.511497 0.364746 0.364746 0.364746
1586.113525 0.000000 2192.161621 0.000000 0.856341 0.000000 0.516411 0.337555 0.337555 0.337555
1598.572266 0.000000 2196.924072 0.000000 0.581957 0.000000 0.813219 0.327451 0.327451 0.327451
1599.312866 0.000000 2187.681152 0.000000 0.478675 0.000000 0.877992 0.327763 0.327763 0.327763
1585.638428 0.000000 2187.494873 0.000000 0.934938 0.000000 0.354810 0.374374 0.374374 0.374374
1596.564941 0.000000 2196.775879 0.000000 0.011148 0.000000 0.999938 0.280852 0.280852 0.280852
1587.955811 0.000000 2191.841064 0.000000 0.634969 0.000000 0.772537 0.334541 0.334541 0.334541
1577.374878 0.000000 2200.449219 0.000000 0.297480 0.000000 0.954728 0.303075 0.303075 0.303075
1598.093750 0.000000 2195.283203 0.000000 0.473307 0.000000 0.880898 0.328073 0.328073 0.328073
1596.732056 0.000000 2184.531494 0.000000 0.949042 0.000000 0.315149 0.375507 0.375507 0.375507
1597.388062 0.000000 2186.221191 0.000000 0.738265 0.000000 0.674511 0.343445 0.343445 0.343445
1611.941895 0.000000 2188.210205 0.000000 0.972429 0.000000 0.233200 0.198002 0.198002 0.198002
1609.278076 0.000000 2196.489746 0.000000 0.330721 0.000000 0.943729 0.202841 0.202841 0.202841
1619.640503 0.000000 2171.718018 0.000000 0.983893 0.000000 0.178759 0.212954 0.212954 0.212954
1641.129028 0.000000 2167.271973 0.000000 0.991145 0.000000 0.132784 0.213517 0.213517 0.213517
1631.330566 0.000000 2178.827393 0.000000 0.310059 0.000000 0.950717 0.221226 0.221226 0.221226
1613.704834 0.000000 2159.232910 0.000000 0.547698 0.000000 0.836676 0.263672 0.263672 0.263672
1600.144043 0.000000 2174.806396 0.000000 0.962636 0.000000 0.270798 0.242576 0.242576 0.242576
1624.332764 0.000000 2181.610596 0.000000 0.772199 0.000000 0.635381 0.266005 0.266005 0.266005
1610.780396 0.000000 2181.190186 0.000000 0.997121 0.000000 0.075828 0.305598 0.305598 0.305598
1630.021484 0.000000 2154.673096 0.000000 0.079362 0.000000 0.996846 0.238686 0.238686 0.238686
1614.777466 0.000000 2166.658447 0.000000 0.448730 0.000000 0.893668 0.247426 0.247426 0.247426
1608.404785 0.000000 2166.834229 0.000000 0.953810 0.000000 0.300410 0.246196 0.246196 0.246196
1626.957520 0.000000 2153.032959 0.000000 0.815249 0.000000 0.579110 0.275451 0.275451 0.275451
1610.416382 0.000000 2178.090332 0.000000 0.075735 0.000000 0.997128 0.253769 0.253769 0.253769
1615.824707 0.000000 2169.853027 0.000000 0.889453 0.000000 0.457027 0.324038 0.324038 0.324038
1618.929321 0.000000 2151.880371 0.000000 0.646798 0.000000 0.762661 0.255908 0.255908 0.255908
1620.433228 0.000000 2163.420898 0.000000 0.437595 0.000000 0.899172 0.269388 0.269388 0.269388
1632.594482 0.000000 2166.044678 0.000000 0.317390 0.000000 0.948295 0.265878 0.265878 0.265878
1614.222290 0.000000 2169.557129 0.000000 0.153767 0.000000 0.988107 0.282252 0.282252 0.282252
1634.977539 0.000000 2160.905762 0.000000 0.021349 0.000000 0.999772 0.260966 0.260966 0.260966
1631.967773 0.000000 2164.605957 0.000000 0.482656 0.000000 0.875810 0.308636 0.308636 0.308636
1611.147339 0.000000 2184.571777 0.000000 0.903399 0.000000 0.428801 0.280566 0.280566 0.280566
1611.039185 0.000000 2162.662598 0.000000 0.523218 0.000000 0.852199 0.301338 0.301338 0.301338
1637.509033 0.000000 2161.794678 0.000000 0.970342 0.000000 0.241738 0.335297 0.335297 0.335297
1617.266968 0.000000 2177.040039 0.000000 0.439092 0.000000 0.898442 0.252847 0.252847 0.252847
1616.485229 0.000000 2171.518555 0.000000 0.956441 0.000000 0.291925 0.270370 0.270370 0.270370
1605.961182 0.000000 2197.039062 0.000000 0.800624 0.000000 0.599167 0.302245 0.302245 0.302245
1623.560547 0.000000 2163.932129 0.000000 0.080470 0.000000 0.996757 0.291875 0.291875 0.291875
1618.727905 0.000000 2180.564209 0.000000 0.839098 0.000000 0.543980 0.275745 0.275745 0.275745
1615.446289 0.000000 2162.424316 0.000000 0.322793 0.000000 0.946470 0.266798 0.266798 0.266798
1630.394409 0.000000 2164.452637 0.000000 0.371021 0.000000 0.928624 0.302467 0.302467 0.302467
1637.802124 0.000000 2164.683105 0.000000 0.212833 0.000000 0.977089 0.294802 0.294802 0.294802
1618.338989 0.000000 2154.439453 0.000000 0.403850 0.000000 0.914825 0.283815 0.283815 0.283815
1638.826294 0.000000 2153.142334 0.000000 0.832196 0.000000 0.554482 0.290440 0.290440 0.290440
1613.735229 0.000000 2162.074463 0.000000 0.712378 0.000000 0.701796 0.320594 0.320594 0.320594
1617.775757 0.000000 2193.979492 0.000000 0.218320 0.000000 0.975877 0.264576 0.264576 0.264576
1623.062134 0.000000 2162.527832 0.000000 0.650335 0.000000 0.759648 0.325135 0.325135 0.325135
1638.060303 0.000000 2167.230469 0.000000 0.966561 0.000000 0.256438 0.341798 0.341798 0.341798
1618.397827 0.000000 2168.541504 0.000000 0.517121 0.000000 0.855913 0.288859 0.288859 0.288859
1654.041992 0.000000 2146.448486 0.000000 0.762131 0.000000 0.647423 0.353060 0.353060 0.353060
1624.874268 0.000000 2164.421387 0.000000 0.739064 0.000000 0.673635 0.349722 0.349722 0.349722
1631.902832 0.000000 2161.689941 0.000000 0.941679 0.000000 0.336512 0.348728 0.348728 0.348728
1624.631836 0.000000 2157.019043 0.000000 0.965388 0.000000 0.260817 0.345671 0.345671 0.345671
1606.251709 0.000000 2185.546631 0.000000 0.695974 0.000000 0.718067 0.340006 0.340006 0.340006
1607.661987 0.000000 2183.131592 0.000000 0.969989 0.000000 0.243148 0.337295 0.337295 0.337295
1626.696777 0.000000 2166.152344 0.000000 0.856530 0.000000 0.516097 0.327497 0.327497 0.327497
1629.684814 0.000000 2181.160889 0.000000 0.996334 0.000000 0.085548 0.389127 0.389127 0.389127
1613.344116 0.000000 2160.696045 0.000000 0.844168 0.000000 0.536079 0.356777 0.356777 0.356777
1606.966064 0.000000 2194.276123 0.000000 0.998353 0.000000 0.057370 0.395887 0.395887 0.395887
1639.870972 0.000000 2166.841797 0.000000 0.999142 0.000000 0.041415 0.352103 0.352103 0.352103
1627.969971 0.000000 2147.388428 0.000000 0.995936 0.000000 0.090064 0.389930 0.389930 0.389930
1626.203125 0.000000 2179.012207 0.000000 0.770954 0.000000 0.636890 0.347253 0.347253 0.347253
1607.959595 0.000000 2195.665039 0.000000 0.469415 0.000000 0.882978 0.322462 0.322462 0.322462
1626.370850 0.000000 2168.996094 0.000000 0.924481 0.000000 0.381228 0.329702 0.329702 0.329702
1605.108887 0.000000 2196.038818 0.000000 0.994235 0.000000 0.107223 0.323003 0.323003 0.323003
1640.398438 0.000000 2155.272705 0.000000 0.999939 0.000000 0.011083 0.399178 0.399178 0.399178
1617.357910 0.000000 2179.822021 0.000000 0.802939 0.000000 0.596062 0.319433 0.319433 0.319433
1616.268188 0.000000 2158.684326 0.000000 0.548432 0.000000 0.836195 0.292665 0.292665 0.292665
1605.044800 0.000000 2177.282959 0.000000 0.827381 0.000000 0.561641 0.354441 0.354441 0.354441
1642.844238 0.000000 2155.306152 0.000000 0.928967 0.000000 0.370162 0.371033 0.371033 0.371033
1617.052368 0.000000 2189.210693 0.000000 0.915689 0.000000 0.401887 0.351819 0.351819 0.351819
1653.270874 0.000000 2149.706299 0.000000 0.132190 0.000000 0.991224 0.290128 0.290128 0.290128
1640.923950 0.000000 2153.104248 0.000000 0.097742 0.000000 0.995212 0.305129 0.305129 0.305129
1608.396362 0.000000 2185.187012 0.000000 0.210151 0.000000 0.977669 0.296175 0.296175 0.296175
1619.222534 0.000000 2188.239258 0.000000 0.999397 0.000000 0.034709 0.352420 0.352420 0.352420
1646.601562 0.000000 2153.508789 0.000000 0.988042 0.000000 0.154184 0.388174 0.388174 0.388174
1636.268066 0.000000 2169.032227 0.000000 0.498678 0.000000 0.866788 0.319883 0.319883 0.319883
1604.693359 0.000000 2179.046631 0.000000 0.758552 0.000000 0.651613 0.316200 0.316200 0.316200
1602.034790 0.000000 2172.491943 0.000000 0.628597 0.000000 0.777731 0.317424 0.317424 0.317424
1615.853638 0.000000 2161.143555 0.000000 0.964499 0.000000 0.264087 0.376943 0.376943 0.376943
1604.561035 0.000000 2192.687744 0.000000 0.770580 0.000000 0.637343 0.347208 0.347208 0.347208
1606.969849 0.000000 2178.730469 0.000000 0.974786 0.000000 0.223143 0.377471 0.377471 0.377471
1628.718628 0.000000 2156.906738 0.000000 0.345019 0.000000 0.938596 0.306911 0.306911 0.306911
1609.391235 0.000000 2180.969727 0.000000 0.026687 0.000000 0.999644 0.287050 0.287050 0.287050
1626.905151 0.000000 2179.979492 0.000000 0.762107 0.000000 0.647451 0.346200 0.346200 0.346200
1614.558228 0.000000 2199.279053 0.000000 0.943278 0.000000 0.332005 0.377441 0.377441 0.377441
1601.237915 0.000000 2182.728271 0.000000 0.408934 0.000000 0.912564 0.312184 0.312184 0.312184
1606.281982 0.000000 2192.460693 0.000000 0.539862 0.000000 0.841753 0.327063 0.327063 0.327063
1607.204712 0.000000 2175.388916 0.000000 0.124120 0.000000 0.992267 0.304672 0.304672 0.304672
1628.615601 0.000000 2180.892822 0.000000 0.999918 0.000000 0.012829 0.393608 0.393608 0.393608
1603.692627 0.000000 2179.707275 0.000000 0.428202 0.000000 0.903683 0.313805 0.313805 0.313805
1635.713013 0.000000 2163.186768 0.000000 0.122321 0.000000 0.992491 0.289368 0.289368 0.289368
1651.716553 0.000000 2148.658447 0.000000 0.968376 0.000000 0.249495 0.380737 0.380737 0.380737
1609.063110 0.000000 2188.386230 0.000000 0.227784 0.000000 0.973712 0.307934 0.307934 0.307934
1624.183105 0.000000 2168.093750 0.000000 0.882584 0.000000 0.470155 0.362608 0.362608 0.362608
1618.778931 0.000000 2153.425537 0.000000 0.171417 0.000000 0.985199 0.306729 0.306729 0.306729
1619.508667 0.000000 2162.798340 0.000000 0.399573 0.000000 0.916701 0.312271 0.312271 0.312271
1604.485718 0.000000 2193.756592 0.000000 0.885589 0.000000 0.464470 0.363099 0.363099 0.363099
1644.467773 0.000000 2154.411621 0.000000 0.878433 0.000000 0.477866 0.363555 0.363555 0.363555
1617.124023 0.000000 2166.407715 0.000000 0.435880 0.000000 0.900005 0.314455 0.314455 0.314455
1626.453857 0.000000 2147.420410 0.000000 0.326502 0.000000 0.945197 0.318798 0.318798 0.318798
1605.505981 0.000000 2175.876709 0.000000 0.910017 0.000000 0.414570 0.367344 0.367344 0.367344
1648.528076 0.000000 2152.278564 0.000000 0.356513 0.000000 0.934291 0.307848 0.307848 0.307848
1632.682007 0.000000 2163.820557 0.000000 0.981250 0.000000 0.192738 0.385183 0.385183 0.385183
1602.037109 0.000000 2176.632812 0.000000 0.442864 0.000000 0.896589 0.315049 0.315049 0.315049
1608.698608 0.000000 2177.871094 0.000000 0.359068 0.000000 0.933311 0.316771 0.316771 0.316771
1640.990601 0.000000 2154.357666 0.000000 0.732167 0.000000 0.681125 0.344441 0.344441 0.344441
1641.507324 0.000000 2165.526123 0.000000 0.634063 0.000000 0.773281 0.332467 0.332467 0.332467
1639.297607 0.000000 2162.773193 0.000000 0.932117 0.000000 0.362156 0.374373 0.374373 0.374373
1609.796387 0.000000 2178.900391 0.000000 0.989595 0.000000 0.143881 0.388970 0.388970 0.388970
1633.559692 0.000000 2165.683838 0.000000 0.307464 0.000000 0.951560 0.303875 0.303875 0.303875
1648.417847 0.000000 2153.364014 0.000000 0.829984 0.000000 0.557787 0.354796 0.354796 0.354796
1617.627075 0.000000 2191.386963 0.000000 0.441866 0.000000 0.897081 0.317465 0.317465 0.317465
1606.455811 0.000000 2177.480713 0.000000 0.333407 0.000000 0.942783 0.305968 0.305968 0.305968
1609.671631 0.000000 2184.488525 0.000000 0.995011 0.000000 0.099766 0.392366 0.392366 0.392366
1633.619629 0.000000 2163.469238 0.000000 0.516036 0.000000 0.856567 0.321422 0.321422 0.321422
1616.058960 0.000000 2168.910156 0.000000 0.195319 0.000000 0.980740 0.295018 0.295018 0.295018
1619.004761 0.000000 2167.800537 0.000000 0.866188 0.000000 0.499718 0.360678 0.360678 0.360678
1616.803589 0.000000 2169.537598 0.000000 0.234766 0.000000 0.972052 0.298104 0.298104 0.298104
1636.576782 0.000000 2166.822266 0.000000 0.248484 0.000000 0.968636 0.299184 0.299184 0.299184
1626.913818 0.000000 2154.014160 0.000000 0.656241 0.000000 0.754551 0.334685 0.334685 0.334685
1603.974609 0.000000 2177.080566 0.000000 0.431275 0.000000 0.902220 0.314065 0.314065 0.314065
1604.713745 0.000000 2175.234863 0.000000 0.874026 0.000000 0.485879 0.361240 0.361240 0.361240
1608.579224 0.000000 2182.865723 0.000000 0.701337 0.000000 0.712830 0.339379 0.339379 0.339379
1625.756958 0.000000 2146.551514 0.000000 0.231415 0.000000 0.972855 0.297841 0.297841 0.297841
1578.135254 0.000000 2207.390137 0.000000 0.963844 0.000000 0.266467 0.331083 0.331083 0.331083
1574.002808 0.000000 2204.552246 0.000000 0.986012 0.000000 0.166676 0.388796 0.388796 0.388796
1575.339722 0.000000 2204.473145 0.000000 0.957603 0.000000 0.288092 0.380447 0.380447 0.380447
1580.737061 0.000000 2205.712646 0.000000 0.331292 0.000000 0.943528 0.312412 0.312412 0.312412
1577.855957 0.000000 2203.906250 0.000000 0.348886 0.000000 0.937165 0.307226 0.307226 0.307226
1579.303711 0.000000 2205.450928 0.000000 0.890278 0.000000 0.455418 0.369544 0.369544 0.369544
1598.448853 0.000000 2203.415527 0.000000 0.284467 0.000000 0.958686 0.302036 0.302036 0.302036
1610.256470 0.000000 2207.121338 0.000000 0.925083 0.000000 0.379765 0.294165 0.294165 0.294165
1608.364990 0.000000 2203.347412 0.000000 0.872279 0.000000 0.489009 0.306398 0.306398 0.306398
1606.916748 0.000000 2205.314453 0.000000 0.264890 0.000000 0.964279 0.316503 0.316503 0.316503
1608.071045 0.000000 2206.683350 0.000000 0.943174 0.000000 0.332299 0.375729 0.375729 0.375729
1611.228516 0.000000 2204.751465 0.000000 0.866789 0.000000 0.498675 0.360117 0.360117 0.360117
"}
object={
	name="cypress_dense_generator_2_1"
	clamp_to_water_level=no
	render_under_water=no
	generated_content=yes
	layer="semidynamic_medium"
	pdxmesh="tree_cypress_002_mesh"
	count=457
	transform="1702.819946 0.000000 2029.204834 0.000000 0.309739 0.000000 -0.950822 0.312607 0.312607 0.312607
1697.680054 0.000000 2032.780884 0.000000 0.762362 0.000000 -0.647150 0.320844 0.320844 0.320844
1700.742188 0.000000 2030.158325 0.000000 0.990017 0.000000 -0.140946 0.262927 0.262927 0.262927
1701.805176 0.000000 2032.479858 0.000000 0.477988 0.000000 -0.878366 0.416969 0.416969 0.416969
1704.703369 0.000000 2031.821655 0.000000 0.118091 0.000000 -0.993003 0.496816 0.496816 0.496816
1699.060913 0.000000 2032.270020 0.000000 0.166221 0.000000 -0.986089 0.467158 0.467158 0.467158
1703.150391 0.000000 2030.332275 0.000000 0.799792 0.000000 -0.600277 0.402254 0.402254 0.402254
1649.129272 0.000000 2083.843506 0.000000 0.687397 0.000000 -0.726282 0.257323 0.257323 0.257323
1653.007935 0.000000 2074.587891 0.000000 0.951143 0.000000 -0.308751 0.293068 0.293068 0.293068
1651.823975 0.000000 2077.771973 0.000000 0.707438 0.000000 -0.706775 0.300422 0.300422 0.300422
1658.590454 0.000000 2075.991943 0.000000 0.875158 0.000000 -0.483837 0.309632 0.309632 0.309632
1648.927490 0.000000 2078.453369 0.000000 0.999151 0.000000 -0.041204 0.319697 0.319697 0.319697
1648.897095 0.000000 2081.048096 0.000000 0.827241 0.000000 -0.561847 0.403848 0.403848 0.403848
1650.163818 0.000000 2080.413086 0.000000 0.696062 0.000000 -0.717982 0.461184 0.461184 0.461184
1651.326782 0.000000 2080.953125 0.000000 0.589205 0.000000 -0.807983 0.471866 0.471866 0.471866
1657.239868 0.000000 2076.766846 0.000000 0.955572 0.000000 -0.294757 0.380545 0.380545 0.380545
1650.113525 0.000000 2079.192871 0.000000 0.043587 0.000000 -0.999050 0.516669 0.516669 0.516669
1654.087036 0.000000 2078.036621 0.000000 0.597843 0.000000 -0.801614 0.460598 0.460598 0.460598
1655.884033 0.000000 2079.486572 0.000000 0.439265 0.000000 -0.898358 0.472720 0.472720 0.472720
1657.484375 0.000000 2074.453369 0.000000 0.815537 0.000000 -0.578705 0.447146 0.447146 0.447146
1651.955811 0.000000 2078.872314 0.000000 0.810449 0.000000 -0.585809 0.447814 0.447814 0.447814
1652.413330 0.000000 2082.995605 0.000000 0.962763 0.000000 -0.270347 0.403837 0.403837 0.403837
1656.073242 0.000000 2072.876221 0.000000 0.921180 0.000000 -0.389136 0.426842 0.426842 0.426842
1650.986694 0.000000 2078.630127 0.000000 0.941990 0.000000 -0.335641 0.426149 0.426149 0.426149
1653.109375 0.000000 2077.712402 0.000000 0.457371 0.000000 -0.889276 0.483710 0.483710 0.483710
1653.367188 0.000000 2079.727051 0.000000 0.870267 0.000000 -0.492579 0.439347 0.439347 0.439347
1652.963135 0.000000 2081.302246 0.000000 0.649805 0.000000 -0.760101 0.465964 0.465964 0.465964
1609.604492 0.000000 2117.376221 0.000000 0.759479 0.000000 -0.650531 0.207387 0.207387 0.207387
1614.650757 0.000000 2140.262695 0.000000 0.979129 0.000000 -0.203239 0.240873 0.240873 0.240873
1662.581909 0.000000 2104.789062 0.000000 0.948609 0.000000 -0.316451 0.249952 0.249952 0.249952
1648.587769 0.000000 2110.175049 0.000000 0.511365 0.000000 -0.859363 0.230273 0.230273 0.230273
1663.374634 0.000000 2130.017334 0.000000 0.350257 0.000000 -0.936654 0.255923 0.255923 0.255923
1624.887939 0.000000 2131.521973 0.000000 0.039637 0.000000 -0.999214 0.256661 0.256661 0.256661
1616.905273 0.000000 2143.821289 0.000000 0.587287 0.000000 -0.809378 0.269004 0.269004 0.269004
1628.720093 0.000000 2130.430908 0.000000 0.725488 0.000000 -0.688235 0.322545 0.322545 0.322545
1636.742188 0.000000 2143.126953 0.000000 0.362271 0.000000 -0.932073 0.318457 0.318457 0.318457
1655.893433 0.000000 2133.426758 0.000000 0.080063 0.000000 -0.996790 0.329480 0.329480 0.329480
1657.814331 0.000000 2108.764404 0.000000 0.813792 0.000000 -0.581156 0.314346 0.314346 0.314346
1635.619507 0.000000 2131.828857 0.000000 0.424082 0.000000 -0.905624 0.363631 0.363631 0.363631
1654.403320 0.000000 2109.607666 0.000000 0.168441 0.000000 -0.985712 0.320917 0.320917 0.320917
1653.385376 0.000000 2120.529053 0.000000 0.789726 0.000000 -0.613459 0.335413 0.335413 0.335413
1654.998291 0.000000 2107.224121 0.000000 0.995965 0.000000 -0.089738 0.362927 0.362927 0.362927
1618.010498 0.000000 2140.454834 0.000000 0.857573 0.000000 -0.514363 0.394184 0.394184 0.394184
1634.838013 0.000000 2138.013184 0.000000 0.732653 0.000000 -0.680602 0.406313 0.406313 0.406313
1645.470337 0.000000 2118.148926 0.000000 0.994370 0.000000 -0.105962 0.330134 0.330134 0.330134
1649.393677 0.000000 2113.752441 0.000000 0.997209 0.000000 -0.074659 0.367933 0.367933 0.367933
1622.383911 0.000000 2136.933594 0.000000 0.134494 0.000000 -0.990914 0.370109 0.370109 0.370109
1647.960449 0.000000 2132.873535 0.000000 0.944110 0.000000 -0.329631 0.421469 0.421469 0.421469
1634.453979 0.000000 2130.943115 0.000000 0.849448 0.000000 -0.527672 0.342208 0.342208 0.342208
1661.818970 0.000000 2091.287109 0.000000 0.151760 0.000000 -0.988417 0.396671 0.396671 0.396671
1655.777832 0.000000 2118.856934 0.000000 0.446827 0.000000 -0.894621 0.371637 0.371637 0.371637
1661.256958 0.000000 2095.286621 0.000000 0.716719 0.000000 -0.697362 0.455101 0.455101 0.455101
1636.687378 0.000000 2140.492188 0.000000 0.900193 0.000000 -0.435491 0.434422 0.434422 0.434422
1626.914429 0.000000 2141.625732 0.000000 0.845664 0.000000 -0.533716 0.443009 0.443009 0.443009
1631.182007 0.000000 2137.421143 0.000000 0.999400 0.000000 -0.034632 0.384047 0.384047 0.384047
1631.443848 0.000000 2128.033203 0.000000 0.248482 0.000000 -0.968637 0.421307 0.421307 0.421307
1630.023071 0.000000 2133.334717 0.000000 0.411919 0.000000 -0.911220 0.426926 0.426926 0.426926
1661.145874 0.000000 2131.601074 0.000000 0.716589 0.000000 -0.697496 0.458969 0.458969 0.458969
1661.505859 0.000000 2097.998291 0.000000 0.576664 0.000000 -0.816981 0.473045 0.473045 0.473045
1640.703369 0.000000 2144.790283 0.000000 0.444401 0.000000 -0.895828 0.443782 0.443782 0.443782
1659.628662 0.000000 2133.597412 0.000000 0.597926 0.000000 -0.801552 0.438068 0.438068 0.438068
1657.671997 0.000000 2144.793213 0.000000 0.753258 0.000000 -0.657726 0.454836 0.454836 0.454836
1652.148193 0.000000 2145.083984 0.000000 0.207264 0.000000 -0.978285 0.383177 0.383177 0.383177
1630.985596 0.000000 2138.965820 0.000000 0.060850 0.000000 -0.998147 0.464666 0.464666 0.464666
1653.881348 0.000000 2132.081543 0.000000 0.019779 0.000000 -0.999804 0.417277 0.417277 0.417277
1652.887817 0.000000 2113.509033 0.000000 0.841900 0.000000 -0.539633 0.434923 0.434923 0.434923
1641.405518 0.000000 2127.774658 0.000000 0.994004 0.000000 -0.109345 0.407276 0.407276 0.407276
1650.448486 0.000000 2133.146729 0.000000 0.981547 0.000000 -0.191220 0.414362 0.414362 0.414362
1655.424561 0.000000 2114.190918 0.000000 0.778652 0.000000 -0.627456 0.451817 0.451817 0.451817
1643.276733 0.000000 2135.408447 0.000000 0.035125 0.000000 -0.999383 0.517316 0.517316 0.517316
1628.472534 0.000000 2135.437988 0.000000 0.325958 0.000000 -0.945384 0.462443 0.462443 0.462443
1662.476929 0.000000 2115.328125 0.000000 0.975990 0.000000 -0.217816 0.414801 0.414801 0.414801
1662.710693 0.000000 2128.148193 0.000000 0.010906 0.000000 -0.999941 0.519167 0.519167 0.519167
1657.239868 0.000000 2133.251221 0.000000 0.447983 0.000000 -0.894042 0.475400 0.475400 0.475400
1638.525024 0.000000 2137.275391 0.000000 0.985855 0.000000 -0.167602 0.410973 0.410973 0.410973
1631.081909 0.000000 2126.069580 0.000000 0.503846 0.000000 -0.863793 0.394358 0.394358 0.394358
1653.656982 0.000000 2112.565186 0.000000 0.858111 0.000000 -0.513465 0.432977 0.432977 0.432977
1650.113525 0.000000 2135.677246 0.000000 0.887948 0.000000 -0.459943 0.436511 0.436511 0.436511
1661.613770 0.000000 2116.492920 0.000000 0.187517 0.000000 -0.982261 0.488681 0.488681 0.488681
1627.313477 0.000000 2137.555420 0.000000 0.096506 0.000000 -0.995332 0.504151 0.504151 0.504151
1639.071899 0.000000 2139.639893 0.000000 0.452063 0.000000 -0.891986 0.484165 0.484165 0.484165
1648.827148 0.000000 2133.759766 0.000000 0.984353 0.000000 -0.176207 0.413532 0.413532 0.413532
1630.526123 0.000000 2134.377197 0.000000 0.899554 0.000000 -0.436808 0.406533 0.406533 0.406533
1624.507446 0.000000 2137.447021 0.000000 0.881228 0.000000 -0.472691 0.408813 0.408813 0.408813
1651.578247 0.000000 2113.159180 0.000000 0.003178 0.000000 -0.999995 0.519757 0.519757 0.519757
1661.552002 0.000000 2099.235107 0.000000 0.964619 0.000000 -0.263648 0.418184 0.418184 0.418184
1640.275757 0.000000 2138.694580 0.000000 0.052371 0.000000 -0.998628 0.512586 0.512586 0.512586
1643.551025 0.000000 2139.629150 0.000000 0.878195 0.000000 -0.478303 0.382873 0.382873 0.382873
1639.150391 0.000000 2143.301025 0.000000 0.288264 0.000000 -0.957551 0.491916 0.491916 0.491916
1656.008301 0.000000 2132.171143 0.000000 0.328188 0.000000 -0.944612 0.484269 0.484269 0.484269
1624.413208 0.000000 2143.340088 0.000000 0.815219 0.000000 -0.579153 0.447188 0.447188 0.447188
1655.347290 0.000000 2145.973145 0.000000 0.543349 0.000000 -0.839507 0.476117 0.476117 0.476117
1662.400757 0.000000 2129.472656 0.000000 0.243444 0.000000 -0.969915 0.501213 0.501213 0.501213
1662.358276 0.000000 2096.793701 0.000000 0.347720 0.000000 -0.937598 0.492869 0.492869 0.492869
1659.256226 0.000000 2098.892334 0.000000 0.752079 0.000000 -0.659073 0.454972 0.454972 0.454972
1663.474976 0.000000 2094.689209 0.000000 0.787753 0.000000 -0.615992 0.450699 0.450699 0.450699
1651.955811 0.000000 2135.356689 0.000000 0.593834 0.000000 -0.804587 0.471427 0.471427 0.471427
1640.466309 0.000000 2123.459229 0.000000 0.553886 0.000000 -0.832593 0.475155 0.475155 0.475155
1651.336914 0.000000 2112.033447 0.000000 0.992880 0.000000 -0.119115 0.409121 0.409121 0.409121
1653.577026 0.000000 2108.867920 0.000000 0.993594 0.000000 -0.113013 0.408087 0.408087 0.408087
1641.374878 0.000000 2143.964844 0.000000 0.973588 0.000000 -0.228314 0.407356 0.407356 0.407356
1658.012329 0.000000 2100.251709 0.000000 0.109496 0.000000 -0.993987 0.500675 0.500675 0.500675
1648.471558 0.000000 2114.723633 0.000000 0.554916 0.000000 -0.831906 0.475060 0.475060 0.475060
1625.314697 0.000000 2142.651611 0.000000 0.999549 0.000000 -0.030028 0.402294 0.402294 0.402294
1639.715576 0.000000 2137.428711 0.000000 0.972056 0.000000 -0.234747 0.415440 0.415440 0.415440
1657.036499 0.000000 2103.448242 0.000000 0.755721 0.000000 -0.654894 0.454549 0.454549 0.454549
1661.902466 0.000000 2112.772217 0.000000 0.643783 0.000000 -0.765208 0.458736 0.458736 0.458736
1653.292603 0.000000 2119.488525 0.000000 0.759590 0.000000 -0.650402 0.454096 0.454096 0.454096
1639.189209 0.000000 2127.880615 0.000000 0.951228 0.000000 -0.308489 0.420121 0.420121 0.420121
1652.597900 0.000000 2115.987061 0.000000 0.139028 0.000000 -0.990288 0.509345 0.509345 0.509345
1653.304199 0.000000 2110.449707 0.000000 0.675391 0.000000 -0.737460 0.452795 0.452795 0.452795
1642.766724 0.000000 2118.969238 0.000000 0.974737 0.000000 -0.223354 0.417208 0.417208 0.417208
1650.077271 0.000000 2118.697510 0.000000 0.035609 0.000000 -0.999366 0.516129 0.516129 0.516129
1643.449951 0.000000 2118.205322 0.000000 0.742240 0.000000 -0.670134 0.456103 0.456103 0.456103
1660.392822 0.000000 2114.697266 0.000000 0.721338 0.000000 -0.692583 0.458447 0.458447 0.458447
1658.291870 0.000000 2099.267090 0.000000 0.633685 0.000000 -0.773591 0.467570 0.467570 0.467570
1622.826050 0.000000 2140.470947 0.000000 0.969251 0.000000 -0.246073 0.418994 0.418994 0.418994
1658.567749 0.000000 2114.732178 0.000000 0.865920 0.000000 -0.500182 0.440016 0.440016 0.440016
1621.486572 0.000000 2141.176025 0.000000 0.813871 0.000000 -0.581046 0.441793 0.441793 0.441793
1638.308472 0.000000 2141.319336 0.000000 0.999469 0.000000 -0.032597 0.402491 0.402491 0.402491
1642.594238 0.000000 2120.510498 0.000000 0.146261 0.000000 -0.989246 0.508786 0.508786 0.508786
1621.892700 0.000000 2139.170898 0.000000 0.433782 0.000000 -0.901018 0.485723 0.485723 0.485723
1624.629028 0.000000 2144.298340 0.000000 0.117808 0.000000 -0.993036 0.509166 0.509166 0.509166
1622.491699 0.000000 2138.294189 0.000000 0.985974 0.000000 -0.166896 0.412266 0.412266 0.412266
1656.892334 0.000000 2115.741699 0.000000 0.589713 0.000000 -0.807613 0.471818 0.471818 0.471818
1656.833740 0.000000 2114.774414 0.000000 0.995376 0.000000 -0.096055 0.407349 0.407349 0.407349
1651.548218 0.000000 2118.088867 0.000000 0.384500 0.000000 -0.923125 0.488969 0.488969 0.488969
1670.215332 0.000000 2082.375244 0.000000 0.986508 0.000000 -0.163712 0.201211 0.201211 0.201211
1682.817383 0.000000 2063.881348 0.000000 0.888839 0.000000 -0.458221 0.203981 0.203981 0.203981
1689.237549 0.000000 2039.596436 0.000000 0.267861 0.000000 -0.963458 0.210869 0.210869 0.210869
1706.835938 0.000000 2039.443726 0.000000 0.993402 0.000000 -0.114688 0.219945 0.219945 0.219945
1685.235596 0.000000 2053.298584 0.000000 0.223285 0.000000 -0.974753 0.246744 0.246744 0.246744
1680.716919 0.000000 2065.535400 0.000000 0.971749 0.000000 -0.236016 0.246120 0.246120 0.246120
1717.428101 0.000000 2051.278809 0.000000 0.502045 0.000000 -0.864841 0.239750 0.239750 0.239750
1707.690186 0.000000 2037.001465 0.000000 0.786051 0.000000 -0.618161 0.257319 0.257319 0.257319
1677.872192 0.000000 2061.840088 0.000000 0.851578 0.000000 -0.524228 0.230418 0.230418 0.230418
1720.742188 0.000000 2063.331299 0.000000 0.996437 0.000000 -0.084346 0.233216 0.233216 0.233216
1718.180420 0.000000 2057.287598 0.000000 0.835102 0.000000 -0.550096 0.264636 0.264636 0.264636
1670.028809 0.000000 2056.367188 0.000000 0.978933 0.000000 -0.204180 0.249063 0.249063 0.249063
1711.085327 0.000000 2072.265625 0.000000 0.378109 0.000000 -0.925761 0.267976 0.267976 0.267976
1706.678101 0.000000 2071.612549 0.000000 0.978524 0.000000 -0.206132 0.242088 0.242088 0.242088
1704.284058 0.000000 2071.904053 0.000000 0.418081 0.000000 -0.908410 0.299571 0.299571 0.299571
1709.537720 0.000000 2073.827148 0.000000 0.022226 0.000000 -0.999753 0.282071 0.282071 0.282071
1698.934692 0.000000 2037.006714 0.000000 0.029387 0.000000 -0.999568 0.255361 0.255361 0.255361
1685.843506 0.000000 2083.722168 0.000000 0.956551 0.000000 -0.291566 0.293787 0.293787 0.293787
1691.528442 0.000000 2067.976807 0.000000 0.666072 0.000000 -0.745888 0.249955 0.249955 0.249955
1703.147339 0.000000 2070.340820 0.000000 0.912897 0.000000 -0.408189 0.299668 0.299668 0.299668
1705.262451 0.000000 2046.775146 0.000000 0.293622 0.000000 -0.955921 0.315998 0.315998 0.315998
1703.039307 0.000000 2073.599121 0.000000 0.103696 0.000000 -0.994609 0.333458 0.333458 0.333458
1671.260376 0.000000 2080.041992 0.000000 0.216797 0.000000 -0.976217 0.278272 0.278272 0.278272
1688.512573 0.000000 2041.170410 0.000000 0.415624 0.000000 -0.909536 0.332883 0.332883 0.332883
1672.564453 0.000000 2085.168457 0.000000 0.930581 0.000000 -0.366085 0.342959 0.342959 0.342959
1709.674561 0.000000 2046.440918 0.000000 0.577709 0.000000 -0.816242 0.334224 0.334224 0.334224
1683.835571 0.000000 2054.324463 0.000000 0.275936 0.000000 -0.961176 0.292982 0.292982 0.292982
1694.924683 0.000000 2072.742432 0.000000 0.905515 0.000000 -0.424314 0.292693 0.292693 0.292693
1706.439941 0.000000 2045.661377 0.000000 0.616352 0.000000 -0.787471 0.366633 0.366633 0.366633
1721.728394 0.000000 2058.832275 0.000000 0.913868 0.000000 -0.406011 0.362378 0.362378 0.362378
1697.478516 0.000000 2063.458984 0.000000 0.907300 0.000000 -0.420484 0.344008 0.344008 0.344008
1679.974609 0.000000 2066.997314 0.000000 0.753564 0.000000 -0.657375 0.317252 0.317252 0.317252
1698.559692 0.000000 2066.643066 0.000000 0.413028 0.000000 -0.910718 0.334436 0.334436 0.334436
1711.029785 0.000000 2047.681030 0.000000 0.040781 0.000000 -0.999168 0.305870 0.305870 0.305870
1678.057373 0.000000 2085.273438 0.000000 0.348420 0.000000 -0.937339 0.399004 0.399004 0.399004
1682.010498 0.000000 2083.970459 0.000000 0.991997 0.000000 -0.126262 0.290325 0.290325 0.290325
1718.485352 0.000000 2058.851807 0.000000 0.513332 0.000000 -0.858190 0.399850 0.399850 0.399850
1682.536621 0.000000 2086.907227 0.000000 0.978716 0.000000 -0.205222 0.387835 0.387835 0.387835
1698.143921 0.000000 2084.427002 0.000000 0.597290 0.000000 -0.802026 0.329235 0.329235 0.329235
1698.838013 0.000000 2081.528809 0.000000 0.902327 0.000000 -0.431051 0.289156 0.289156 0.289156
1685.918823 0.000000 2044.944946 0.000000 0.254355 0.000000 -0.967111 0.384404 0.384404 0.384404
1687.560547 0.000000 2050.963379 0.000000 0.194693 0.000000 -0.980864 0.323225 0.323225 0.323225
1688.325195 0.000000 2082.577881 0.000000 0.331473 0.000000 -0.943465 0.429823 0.429823 0.429823
1712.663086 0.000000 2052.093506 0.000000 0.667002 0.000000 -0.745056 0.379553 0.379553 0.379553
1685.893921 0.000000 2086.711426 0.000000 0.973242 0.000000 -0.229784 0.360203 0.360203 0.360203
1718.609131 0.000000 2061.286133 0.000000 0.546023 0.000000 -0.837770 0.444782 0.444782 0.444782
1676.996094 0.000000 2063.269287 0.000000 0.994447 0.000000 -0.105235 0.406765 0.406765 0.406765
1686.404541 0.000000 2059.052734 0.000000 0.454786 0.000000 -0.890601 0.353491 0.353491 0.353491
1665.626221 0.000000 2088.354736 0.000000 0.932225 0.000000 -0.361880 0.390496 0.390496 0.390496
1708.311035 0.000000 2047.026733 0.000000 0.976116 0.000000 -0.217251 0.310655 0.310655 0.310655
1699.429199 0.000000 2083.608398 0.000000 0.999761 0.000000 -0.021861 0.367511 0.367511 0.367511
1693.379639 0.000000 2044.912842 0.000000 0.295929 0.000000 -0.955210 0.482777 0.482777 0.482777
1710.049438 0.000000 2071.351074 0.000000 0.511812 0.000000 -0.859097 0.450240 0.450240 0.450240
1684.959106 0.000000 2059.107178 0.000000 0.857709 0.000000 -0.514136 0.365118 0.365118 0.365118
1691.558838 0.000000 2069.326904 0.000000 0.260146 0.000000 -0.965569 0.363927 0.363927 0.363927
1670.251709 0.000000 2072.577881 0.000000 0.747757 0.000000 -0.663973 0.452934 0.452934 0.452934
1673.264038 0.000000 2078.030762 0.000000 0.161061 0.000000 -0.986944 0.492868 0.492868 0.492868
1693.684814 0.000000 2068.192139 0.000000 0.316202 0.000000 -0.948692 0.440301 0.440301 0.440301
1678.057251 0.000000 2068.099854 0.000000 0.935297 0.000000 -0.353864 0.417930 0.417930 0.417930
1696.387817 0.000000 2042.730957 0.000000 0.389420 0.000000 -0.921060 0.489442 0.489442 0.489442
1674.112915 0.000000 2070.594238 0.000000 0.425908 0.000000 -0.904767 0.486389 0.486389 0.486389
1697.316040 0.000000 2066.130615 0.000000 0.857319 0.000000 -0.514786 0.441311 0.441311 0.441311
1681.977295 0.000000 2062.906738 0.000000 0.981789 0.000000 -0.189976 0.361909 0.361909 0.361909
1686.709595 0.000000 2053.399658 0.000000 0.643082 0.000000 -0.765797 0.466637 0.466637 0.466637
1677.796753 0.000000 2072.450439 0.000000 0.971810 0.000000 -0.235765 0.418182 0.418182 0.418182
1691.442383 0.000000 2041.860352 0.000000 0.995932 0.000000 -0.090112 0.406893 0.406893 0.406893
1666.857910 0.000000 2075.781006 0.000000 0.688905 0.000000 -0.724852 0.369815 0.369815 0.369815
1704.398438 0.000000 2042.303955 0.000000 0.302418 0.000000 -0.953175 0.492429 0.492429 0.492429
1677.130371 0.000000 2075.613770 0.000000 0.679575 0.000000 -0.733606 0.462919 0.462919 0.462919
1708.329956 0.000000 2052.202393 0.000000 0.690429 0.000000 -0.723400 0.402275 0.402275 0.402275
1704.923950 0.000000 2040.135620 0.000000 0.560492 0.000000 -0.828160 0.433145 0.433145 0.433145
1692.231812 0.000000 2075.040283 0.000000 0.974469 0.000000 -0.224520 0.415095 0.415095 0.415095
1683.857178 0.000000 2086.134277 0.000000 0.001331 0.000000 -0.999999 0.462764 0.462764 0.462764
1669.933716 0.000000 2074.274170 0.000000 0.917521 0.000000 -0.397687 0.431245 0.431245 0.431245
1716.968506 0.000000 2065.185059 0.000000 0.586403 0.000000 -0.810019 0.465766 0.465766 0.465766
1698.421997 0.000000 2069.929443 0.000000 0.239441 0.000000 -0.970911 0.426622 0.426622 0.426622
1696.813721 0.000000 2071.292236 0.000000 0.144319 0.000000 -0.989531 0.508580 0.508580 0.508580
1668.561035 0.000000 2079.718994 0.000000 0.980078 0.000000 -0.198611 0.412878 0.412878 0.412878
1685.918945 0.000000 2054.342529 0.000000 0.892783 0.000000 -0.450486 0.430333 0.430333 0.430333
1664.860107 0.000000 2089.279053 0.000000 0.977003 0.000000 -0.213226 0.382258 0.382258 0.382258
1675.890137 0.000000 2084.170410 0.000000 0.438304 0.000000 -0.898827 0.484781 0.484781 0.484781
1680.554199 0.000000 2086.212402 0.000000 0.948279 0.000000 -0.317437 0.383007 0.383007 0.383007
1676.517944 0.000000 2062.027832 0.000000 0.644039 0.000000 -0.764992 0.455886 0.455886 0.455886
1678.047363 0.000000 2060.634766 0.000000 0.527064 0.000000 -0.849826 0.473533 0.473533 0.473533
1709.140381 0.000000 2053.050049 0.000000 0.852046 0.000000 -0.523467 0.389406 0.389406 0.389406
1710.356812 0.000000 2050.734619 0.000000 0.963086 0.000000 -0.269193 0.417828 0.417828 0.417828
1711.662842 0.000000 2050.520752 0.000000 0.875222 0.000000 -0.483722 0.433025 0.433025 0.433025
1689.064819 0.000000 2084.076172 0.000000 0.680051 0.000000 -0.733165 0.462870 0.462870 0.462870
1698.943115 0.000000 2071.872314 0.000000 0.916950 0.000000 -0.399002 0.392624 0.392624 0.392624
1681.980591 0.000000 2072.693115 0.000000 0.909508 0.000000 -0.415687 0.432750 0.432750 0.432750
1692.718628 0.000000 2043.937988 0.000000 0.879279 0.000000 -0.476308 0.437926 0.437926 0.437926
1715.308472 0.000000 2048.612549 0.000000 0.375202 0.000000 -0.926943 0.454489 0.454489 0.454489
1697.511597 0.000000 2042.496948 0.000000 0.626812 0.000000 -0.779170 0.468246 0.468246 0.468246
1696.901855 0.000000 2040.321167 0.000000 0.358451 0.000000 -0.933548 0.491993 0.491993 0.491993
1712.565186 0.000000 2068.030518 0.000000 0.645199 0.000000 -0.764014 0.466426 0.466426 0.466426
1713.734131 0.000000 2051.546631 0.000000 0.663275 0.000000 -0.748376 0.464600 0.464600 0.464600
1707.242065 0.000000 2050.493896 0.000000 0.231185 0.000000 -0.972910 0.483456 0.483456 0.483456
1668.465332 0.000000 2072.227051 0.000000 0.994139 0.000000 -0.108105 0.403396 0.403396 0.403396
1674.277832 0.000000 2069.489258 0.000000 0.335578 0.000000 -0.942013 0.486188 0.486188 0.486188
1712.086670 0.000000 2069.119141 0.000000 0.803447 0.000000 -0.595376 0.448719 0.448719 0.448719
1670.709961 0.000000 2089.567383 0.000000 0.667284 0.000000 -0.744803 0.419761 0.419761 0.419761
1699.665283 0.000000 2043.018433 0.000000 0.934885 0.000000 -0.354952 0.427630 0.427630 0.427630
1701.960449 0.000000 2073.306152 0.000000 0.805686 0.000000 -0.592343 0.441942 0.441942 0.441942
1676.499268 0.000000 2072.820312 0.000000 0.310015 0.000000 -0.950732 0.495920 0.495920 0.495920
1714.101318 0.000000 2066.382324 0.000000 0.882252 0.000000 -0.470777 0.437446 0.437446 0.437446
1691.200684 0.000000 2044.067627 0.000000 0.997618 0.000000 -0.068974 0.405273 0.405273 0.405273
1684.834595 0.000000 2056.334473 0.000000 0.535342 0.000000 -0.844636 0.476844 0.476844 0.476844
1679.914185 0.000000 2073.561523 0.000000 0.981679 0.000000 -0.190544 0.414646 0.414646 0.414646
1677.689331 0.000000 2084.258789 0.000000 0.528660 0.000000 -0.848834 0.458333 0.458333 0.458333
1707.132690 0.000000 2048.804443 0.000000 0.723748 0.000000 -0.690064 0.450955 0.450955 0.450955
1708.463257 0.000000 2048.061035 0.000000 0.818638 0.000000 -0.574310 0.439251 0.439251 0.439251
1697.256592 0.000000 2070.284424 0.000000 0.439539 0.000000 -0.898223 0.484955 0.484955 0.484955
1701.165405 0.000000 2071.480225 0.000000 0.370967 0.000000 -0.928646 0.486210 0.486210 0.486210
1686.795044 0.000000 2087.316895 0.000000 0.357321 0.000000 -0.933982 0.477340 0.477340 0.477340
1676.066650 0.000000 2063.702881 0.000000 0.999574 0.000000 -0.029180 0.401872 0.401872 0.401872
1681.990723 0.000000 2060.673340 0.000000 0.999391 0.000000 -0.034885 0.402666 0.402666 0.402666
1686.463867 0.000000 2057.680176 0.000000 0.464929 0.000000 -0.885348 0.478988 0.478988 0.478988
1716.330322 0.000000 2067.298340 0.000000 0.977257 0.000000 -0.212057 0.415150 0.415150 0.415150
1682.954224 0.000000 2072.353271 0.000000 0.761022 0.000000 -0.648726 0.452165 0.452165 0.452165
1693.189331 0.000000 2070.357178 0.000000 0.605836 0.000000 -0.795589 0.461554 0.461554 0.461554
1685.486572 0.000000 2084.691650 0.000000 0.201772 0.000000 -0.979433 0.504479 0.504479 0.504479
1698.923828 0.000000 2045.280029 0.000000 0.393061 0.000000 -0.919513 0.489140 0.489140 0.489140
1668.888306 0.000000 2074.370605 0.000000 0.994527 0.000000 -0.104476 0.407996 0.407996 0.407996
1689.353271 0.000000 2052.395020 0.000000 0.512421 0.000000 -0.858734 0.478900 0.478900 0.478900
1682.223877 0.000000 2056.590576 0.000000 0.747531 0.000000 -0.664227 0.452596 0.452596 0.452596
1693.689331 0.000000 2042.671997 0.000000 0.532428 0.000000 -0.846475 0.477107 0.477107 0.477107
1675.761719 0.000000 2070.849121 0.000000 0.983955 0.000000 -0.178418 0.413704 0.413704 0.413704
1668.135864 0.000000 2077.645264 0.000000 0.987743 0.000000 -0.156092 0.411621 0.411621 0.411621
1694.916870 0.000000 2041.240112 0.000000 0.235359 0.000000 -0.971909 0.501850 0.501850 0.501850
1669.642456 0.000000 2076.452881 0.000000 0.022004 0.000000 -0.999758 0.514839 0.514839 0.514839
1675.483398 0.000000 2085.528076 0.000000 0.436478 0.000000 -0.899715 0.484935 0.484935 0.484935
1690.913818 0.000000 2041.045410 0.000000 0.869408 0.000000 -0.494094 0.439480 0.439480 0.439480
1678.221436 0.000000 2073.296387 0.000000 0.055740 0.000000 -0.998445 0.515740 0.515740 0.515740
1690.043091 0.000000 2045.208252 0.000000 0.698091 0.000000 -0.716009 0.460968 0.460968 0.460968
1678.938721 0.000000 2064.667480 0.000000 0.991577 0.000000 -0.129516 0.409922 0.409922 0.409922
1680.047852 0.000000 2072.604980 0.000000 0.548426 0.000000 -0.836199 0.475655 0.475655 0.475655
1698.231445 0.000000 2046.062500 0.000000 0.061974 0.000000 -0.998078 0.515263 0.515263 0.515263
1712.073975 0.000000 2051.377441 0.000000 0.534144 0.000000 -0.845394 0.476952 0.476952 0.476952
1699.621338 0.000000 2047.269409 0.000000 0.647432 0.000000 -0.762123 0.466202 0.466202 0.466202
1672.407593 0.000000 2097.734131 0.000000 0.429355 0.000000 -0.903136 0.207878 0.207878 0.207878
1679.273071 0.000000 2111.840332 0.000000 0.431142 0.000000 -0.902284 0.208145 0.208145 0.208145
1678.979858 0.000000 2114.761963 0.000000 0.999418 0.000000 -0.034109 0.208776 0.208776 0.208776
1683.640503 0.000000 2115.233643 0.000000 0.975113 0.000000 -0.221708 0.216663 0.216663 0.216663
1677.612183 0.000000 2093.050537 0.000000 0.903740 0.000000 -0.428082 0.243529 0.243529 0.243529
1674.618286 0.000000 2103.466309 0.000000 0.905646 0.000000 -0.424035 0.252002 0.252002 0.252002
1664.144043 0.000000 2118.322021 0.000000 0.384065 0.000000 -0.923306 0.266461 0.266461 0.266461
1666.681274 0.000000 2112.140381 0.000000 0.783817 0.000000 -0.620992 0.342425 0.342425 0.342425
1671.434692 0.000000 2100.665527 0.000000 0.757826 0.000000 -0.652457 0.325069 0.325069 0.325069
1674.378174 0.000000 2101.783203 0.000000 0.697640 0.000000 -0.716449 0.295416 0.295416 0.295416
1677.322266 0.000000 2094.518555 0.000000 0.693614 0.000000 -0.720347 0.427913 0.427913 0.427913
1672.160889 0.000000 2102.043213 0.000000 0.472163 0.000000 -0.881511 0.373495 0.373495 0.373495
1665.598267 0.000000 2093.487549 0.000000 0.994758 0.000000 -0.102259 0.394886 0.394886 0.394886
1686.733276 0.000000 2098.692871 0.000000 0.283451 0.000000 -0.958987 0.427581 0.427581 0.427581
1671.231812 0.000000 2103.161133 0.000000 0.072831 0.000000 -0.997344 0.462269 0.462269 0.462269
1682.397827 0.000000 2112.057129 0.000000 0.713980 0.000000 -0.700166 0.452283 0.452283 0.452283
1680.399292 0.000000 2117.642578 0.000000 0.346295 0.000000 -0.938126 0.386695 0.386695 0.386695
1666.009399 0.000000 2110.970703 0.000000 0.805552 0.000000 -0.592524 0.405854 0.405854 0.405854
1665.498779 0.000000 2117.898682 0.000000 0.035678 0.000000 -0.999363 0.464344 0.464344 0.464344
1671.754639 0.000000 2119.888184 0.000000 0.522556 0.000000 -0.852605 0.460330 0.460330 0.460330
1668.993774 0.000000 2114.104980 0.000000 0.717101 0.000000 -0.696969 0.450056 0.450056 0.450056
1674.359741 0.000000 2097.739258 0.000000 0.861099 0.000000 -0.508438 0.434887 0.434887 0.434887
1684.232056 0.000000 2113.709717 0.000000 0.977735 0.000000 -0.209842 0.397742 0.397742 0.397742
1668.370361 0.000000 2116.511475 0.000000 0.926073 0.000000 -0.377344 0.429559 0.429559 0.429559
1668.601685 0.000000 2091.245361 0.000000 0.477678 0.000000 -0.878535 0.473117 0.473117 0.473117
1665.313232 0.000000 2109.407471 0.000000 0.973303 0.000000 -0.229524 0.417287 0.417287 0.417287
1667.798340 0.000000 2118.528076 0.000000 0.611744 0.000000 -0.791056 0.469712 0.469712 0.469712
1666.034790 0.000000 2116.007568 0.000000 0.949830 0.000000 -0.312768 0.424301 0.424301 0.424301
1667.610840 0.000000 2091.903564 0.000000 0.970632 0.000000 -0.240569 0.417590 0.417590 0.417590
1676.215454 0.000000 2100.778320 0.000000 0.366378 0.000000 -0.930466 0.410606 0.410606 0.410606
1672.071045 0.000000 2093.714600 0.000000 0.257529 0.000000 -0.966271 0.500102 0.500102 0.500102
1665.375488 0.000000 2092.313965 0.000000 0.999870 0.000000 -0.016100 0.389753 0.389753 0.389753
1671.204712 0.000000 2118.904541 0.000000 0.575636 0.000000 -0.817706 0.456366 0.456366 0.456366
1665.144165 0.000000 2115.376221 0.000000 0.609922 0.000000 -0.792461 0.460524 0.460524 0.460524
1671.012573 0.000000 2091.012695 0.000000 0.506623 0.000000 -0.862168 0.479415 0.479415 0.479415
1666.932617 0.000000 2114.083008 0.000000 0.250435 0.000000 -0.968133 0.493754 0.493754 0.493754
1669.937500 0.000000 2090.421875 0.000000 0.263904 0.000000 -0.964549 0.488857 0.488857 0.488857
1684.834595 0.000000 2112.818848 0.000000 0.886358 0.000000 -0.463000 0.413458 0.413458 0.413458
1669.505981 0.000000 2119.392334 0.000000 0.151589 0.000000 -0.988444 0.508375 0.508375 0.508375
1690.285767 0.000000 2095.727051 0.000000 0.967550 0.000000 -0.252680 0.419515 0.419515 0.419515
1675.305054 0.000000 2097.244873 0.000000 0.992839 0.000000 -0.119459 0.407832 0.407832 0.407832
1667.740234 0.000000 2117.494141 0.000000 0.847132 0.000000 -0.531382 0.442799 0.442799 0.442799
1688.379639 0.000000 2096.629883 0.000000 0.973931 0.000000 -0.226846 0.417482 0.417482 0.417482
1665.302734 0.000000 2094.475098 0.000000 0.955559 0.000000 -0.294801 0.422861 0.422861 0.422861
1672.681274 0.000000 2111.308594 0.000000 0.980532 0.000000 -0.196359 0.415099 0.415099 0.415099
1673.403076 0.000000 2110.560059 0.000000 0.956951 0.000000 -0.290251 0.422497 0.422497 0.422497
1673.223633 0.000000 2118.322266 0.000000 0.201901 0.000000 -0.979406 0.504469 0.504469 0.504469
1667.858154 0.000000 2104.696289 0.000000 0.113279 0.000000 -0.993563 0.511328 0.511328 0.511328
1680.058960 0.000000 2112.425781 0.000000 0.814415 0.000000 -0.580282 0.444203 0.444203 0.444203
1680.803589 0.000000 2113.053223 0.000000 0.613464 0.000000 -0.789723 0.465001 0.465001 0.465001
1585.262695 0.000000 2200.967285 0.000000 0.134366 0.000000 -0.990932 0.284312 0.284312 0.284312
1596.180420 0.000000 2180.508789 0.000000 0.536714 0.000000 -0.843764 0.274269 0.274269 0.274269
1595.962402 0.000000 2185.354492 0.000000 0.822867 0.000000 -0.568234 0.374590 0.374590 0.374590
1583.816406 0.000000 2192.194580 0.000000 0.999162 0.000000 -0.040932 0.380995 0.380995 0.380995
1580.208862 0.000000 2200.492920 0.000000 0.174978 0.000000 -0.984572 0.373362 0.373362 0.373362
1580.655396 0.000000 2198.331543 0.000000 0.730681 0.000000 -0.682719 0.352210 0.352210 0.352210
1598.842041 0.000000 2200.938477 0.000000 0.964027 0.000000 -0.265803 0.417732 0.417732 0.417732
1578.912964 0.000000 2200.406494 0.000000 0.991264 0.000000 -0.131890 0.410105 0.410105 0.410105
1584.056396 0.000000 2197.613037 0.000000 0.614296 0.000000 -0.789076 0.469466 0.469466 0.469466
1594.406006 0.000000 2185.486572 0.000000 0.064071 0.000000 -0.997945 0.415278 0.415278 0.415278
1585.743164 0.000000 2186.052002 0.000000 0.825134 0.000000 -0.564936 0.442417 0.442417 0.442417
1584.317139 0.000000 2188.137695 0.000000 0.985964 0.000000 -0.166961 0.412815 0.412815 0.412815
1587.747925 0.000000 2187.861572 0.000000 0.201891 0.000000 -0.979408 0.493886 0.493886 0.493886
1584.897095 0.000000 2194.016846 0.000000 0.162330 0.000000 -0.986737 0.507544 0.507544 0.507544
1582.722412 0.000000 2194.217773 0.000000 0.647957 0.000000 -0.761677 0.456854 0.456854 0.456854
1596.439575 0.000000 2195.459229 0.000000 0.086440 0.000000 -0.996257 0.513388 0.513388 0.513388
1583.887085 0.000000 2196.196045 0.000000 0.829615 0.000000 -0.558336 0.445254 0.445254 0.445254
1598.710693 0.000000 2184.632568 0.000000 0.967006 0.000000 -0.254755 0.419679 0.419679 0.419679
1584.827148 0.000000 2190.244141 0.000000 0.976072 0.000000 -0.217449 0.416746 0.416746 0.416746
1578.690552 0.000000 2202.449463 0.000000 0.070976 0.000000 -0.997478 0.514573 0.514573 0.514573
1599.644165 0.000000 2202.426758 0.000000 0.851645 0.000000 -0.524120 0.442145 0.442145 0.442145
1598.400757 0.000000 2185.957031 0.000000 0.733729 0.000000 -0.679442 0.457067 0.457067 0.457067
1597.764771 0.000000 2184.062256 0.000000 0.138955 0.000000 -0.990299 0.509350 0.509350 0.509350
1586.986694 0.000000 2191.598877 0.000000 0.893469 0.000000 -0.449125 0.434537 0.434537 0.434537
1573.378662 0.000000 2202.835449 0.000000 0.023640 0.000000 -0.999721 0.518194 0.518194 0.518194
1633.448853 0.000000 2169.703125 0.000000 0.976041 0.000000 -0.217589 0.217777 0.217777 0.217777
1620.094971 0.000000 2161.807129 0.000000 0.824482 0.000000 -0.565888 0.217445 0.217445 0.217445
1623.068237 0.000000 2150.917480 0.000000 0.755452 0.000000 -0.655205 0.226284 0.226284 0.226284
1611.442871 0.000000 2164.214844 0.000000 0.619558 0.000000 -0.784951 0.240393 0.240393 0.240393
1602.310791 0.000000 2183.017334 0.000000 0.533714 0.000000 -0.845665 0.259371 0.259371 0.259371
1619.253418 0.000000 2193.992920 0.000000 0.861839 0.000000 -0.507182 0.249933 0.249933 0.249933
1605.729492 0.000000 2188.435059 0.000000 0.210557 0.000000 -0.977582 0.298897 0.298897 0.298897
1639.465576 0.000000 2156.291992 0.000000 0.987025 0.000000 -0.160563 0.252903 0.252903 0.252903
1609.322266 0.000000 2165.373779 0.000000 0.325932 0.000000 -0.945393 0.276076 0.276076 0.276076
1647.883057 0.000000 2151.429932 0.000000 0.243789 0.000000 -0.969828 0.290795 0.290795 0.290795
1650.317871 0.000000 2150.859375 0.000000 0.545354 0.000000 -0.838206 0.276798 0.276798 0.276798
1608.076904 0.000000 2190.459717 0.000000 0.603344 0.000000 -0.797481 0.293019 0.293019 0.293019
1614.368774 0.000000 2202.259766 0.000000 0.898829 0.000000 -0.438299 0.252281 0.252281 0.252281
1610.618286 0.000000 2159.950684 0.000000 0.544616 0.000000 -0.838685 0.264560 0.264560 0.264560
1639.104736 0.000000 2158.299805 0.000000 0.561263 0.000000 -0.827637 0.315113 0.315113 0.315113
1639.260986 0.000000 2168.010254 0.000000 0.996058 0.000000 -0.088706 0.283556 0.283556 0.283556
1641.262451 0.000000 2159.743896 0.000000 0.380389 0.000000 -0.924826 0.283425 0.283425 0.283425
1627.119873 0.000000 2148.354980 0.000000 0.727095 0.000000 -0.686537 0.341463 0.341463 0.341463
1624.779663 0.000000 2150.942871 0.000000 0.238697 0.000000 -0.971094 0.355442 0.355442 0.355442
1618.442383 0.000000 2161.422852 0.000000 0.967784 0.000000 -0.251782 0.286698 0.286698 0.286698
1619.704102 0.000000 2160.170410 0.000000 0.998433 0.000000 -0.055958 0.281561 0.281561 0.281561
1626.869263 0.000000 2167.855225 0.000000 0.580199 0.000000 -0.814475 0.397601 0.397601 0.397601
1638.707031 0.000000 2154.963623 0.000000 0.143953 0.000000 -0.989585 0.400244 0.400244 0.400244
1603.329712 0.000000 2181.834473 0.000000 0.342781 0.000000 -0.939415 0.396155 0.396155 0.396155
1627.133911 0.000000 2149.936523 0.000000 0.914803 0.000000 -0.403901 0.329471 0.329471 0.329471
1620.574951 0.000000 2164.910400 0.000000 0.199991 0.000000 -0.979798 0.440149 0.440149 0.440149
1612.289795 0.000000 2159.853516 0.000000 0.731294 0.000000 -0.682063 0.314219 0.314219 0.314219
1611.568604 0.000000 2202.359619 0.000000 0.863274 0.000000 -0.504735 0.363337 0.363337 0.363337
1625.909180 0.000000 2163.492432 0.000000 0.960523 0.000000 -0.278201 0.325974 0.325974 0.325974
1627.529297 0.000000 2177.092285 0.000000 0.948534 0.000000 -0.316677 0.387949 0.387949 0.387949
1623.838623 0.000000 2177.429932 0.000000 0.525602 0.000000 -0.850730 0.440056 0.440056 0.440056
1606.382080 0.000000 2183.406250 0.000000 0.274995 0.000000 -0.961446 0.407196 0.407196 0.407196
1622.292480 0.000000 2177.826904 0.000000 0.833997 0.000000 -0.551769 0.415385 0.415385 0.415385
1613.763550 0.000000 2201.044434 0.000000 0.999199 0.000000 -0.040020 0.346874 0.346874 0.346874
1609.022705 0.000000 2189.473389 0.000000 0.668095 0.000000 -0.744076 0.457612 0.457612 0.457612
1615.028931 0.000000 2159.512207 0.000000 0.422932 0.000000 -0.906161 0.448291 0.448291 0.448291
1605.597046 0.000000 2173.292969 0.000000 0.321502 0.000000 -0.946909 0.443225 0.443225 0.443225
1617.185303 0.000000 2160.912354 0.000000 0.859561 0.000000 -0.511033 0.411306 0.411306 0.411306
1607.754639 0.000000 2176.372559 0.000000 0.586681 0.000000 -0.809818 0.472104 0.472104 0.472104
1624.135986 0.000000 2166.820557 0.000000 0.821926 0.000000 -0.569595 0.446296 0.446296 0.446296
1619.737305 0.000000 2152.887939 0.000000 0.098280 0.000000 -0.995159 0.479794 0.479794 0.479794
1624.231445 0.000000 2148.084473 0.000000 0.813440 0.000000 -0.581648 0.410601 0.410601 0.410601
1622.048218 0.000000 2169.519287 0.000000 0.900221 0.000000 -0.435433 0.432168 0.432168 0.432168
1622.709595 0.000000 2166.368408 0.000000 0.659819 0.000000 -0.751425 0.464952 0.464952 0.464952
1627.442383 0.000000 2154.829102 0.000000 0.999802 0.000000 -0.019887 0.401519 0.401519 0.401519
1604.370361 0.000000 2172.995850 0.000000 0.045978 0.000000 -0.998942 0.458581 0.458581 0.458581
1649.067871 0.000000 2150.935303 0.000000 0.846973 0.000000 -0.531635 0.392555 0.392555 0.392555
1600.042236 0.000000 2179.837402 0.000000 0.293767 0.000000 -0.955877 0.417433 0.417433 0.417433
1628.834961 0.000000 2155.082031 0.000000 0.508673 0.000000 -0.860960 0.467063 0.467063 0.467063
1605.217285 0.000000 2194.555176 0.000000 0.103444 0.000000 -0.994635 0.497798 0.497798 0.497798
1628.046265 0.000000 2179.720459 0.000000 0.997284 0.000000 -0.073655 0.405632 0.405632 0.405632
1606.988892 0.000000 2187.866455 0.000000 0.397989 0.000000 -0.917390 0.486410 0.486410 0.486410
1615.939697 0.000000 2201.104248 0.000000 0.986307 0.000000 -0.164918 0.397456 0.397456 0.397456
1626.770874 0.000000 2156.006836 0.000000 0.820012 0.000000 -0.572346 0.446552 0.446552 0.446552
1603.798340 0.000000 2175.012451 0.000000 0.991708 0.000000 -0.128515 0.409845 0.409845 0.409845
1610.865479 0.000000 2161.497070 0.000000 0.605561 0.000000 -0.795799 0.459739 0.459739 0.459739
1630.669312 0.000000 2162.022705 0.000000 0.273945 0.000000 -0.961745 0.498801 0.498801 0.498801
1624.312988 0.000000 2149.835205 0.000000 0.228670 0.000000 -0.973504 0.450152 0.450152 0.450152
1600.860107 0.000000 2202.247803 0.000000 0.685762 0.000000 -0.727826 0.460034 0.460034 0.460034
1618.234253 0.000000 2177.869385 0.000000 0.958815 0.000000 -0.284030 0.382436 0.382436 0.382436
1641.447266 0.000000 2163.311523 0.000000 0.928855 0.000000 -0.370443 0.425106 0.425106 0.425106
1624.484619 0.000000 2146.417480 0.000000 0.868245 0.000000 -0.496135 0.439659 0.439659 0.439659
1650.000244 0.000000 2149.714111 0.000000 0.475383 0.000000 -0.879779 0.482154 0.482154 0.482154
1634.956787 0.000000 2167.636475 0.000000 0.816895 0.000000 -0.576787 0.446966 0.446966 0.446966
1645.243774 0.000000 2155.268311 0.000000 0.882197 0.000000 -0.470880 0.435864 0.435864 0.435864
1626.586792 0.000000 2177.931641 0.000000 0.397993 0.000000 -0.917388 0.432435 0.432435 0.432435
1608.099243 0.000000 2181.795898 0.000000 0.963831 0.000000 -0.266514 0.419734 0.419734 0.419734
1607.807129 0.000000 2179.607910 0.000000 0.998130 0.000000 -0.061126 0.394724 0.394724 0.394724
1622.963135 0.000000 2168.879150 0.000000 0.579364 0.000000 -0.815069 0.468035 0.468035 0.468035
1607.968628 0.000000 2187.359375 0.000000 0.158773 0.000000 -0.987315 0.505000 0.505000 0.505000
1625.950562 0.000000 2148.386719 0.000000 0.573644 0.000000 -0.819105 0.429246 0.429246 0.429246
1624.817261 0.000000 2179.439941 0.000000 0.934302 0.000000 -0.356482 0.427846 0.427846 0.427846
1641.730103 0.000000 2152.378174 0.000000 0.976738 0.000000 -0.214437 0.413920 0.413920 0.413920
1620.546143 0.000000 2178.566650 0.000000 0.730951 0.000000 -0.682430 0.451753 0.451753 0.451753
1624.998657 0.000000 2177.163086 0.000000 0.643051 0.000000 -0.765824 0.442139 0.442139 0.442139
1640.529175 0.000000 2164.276855 0.000000 0.280156 0.000000 -0.959954 0.498307 0.498307 0.498307
1627.200684 0.000000 2157.036377 0.000000 0.466818 0.000000 -0.884354 0.482896 0.482896 0.482896
1607.350952 0.000000 2185.657227 0.000000 0.991851 0.000000 -0.127400 0.409568 0.409568 0.409568
1602.595337 0.000000 2174.042480 0.000000 0.803413 0.000000 -0.595423 0.448724 0.448724 0.448724
1607.570679 0.000000 2189.502197 0.000000 0.693151 0.000000 -0.720793 0.461493 0.461493 0.461493
1625.039551 0.000000 2155.033691 0.000000 0.801215 0.000000 -0.598376 0.449005 0.449005 0.449005
1653.817627 0.000000 2147.456787 0.000000 0.802464 0.000000 -0.596700 0.448686 0.448686 0.448686
1626.429321 0.000000 2180.894043 0.000000 0.848319 0.000000 -0.529485 0.437334 0.437334 0.437334
1628.799316 0.000000 2178.926025 0.000000 0.505985 0.000000 -0.862542 0.479471 0.479471 0.479471
1615.746826 0.000000 2199.769287 0.000000 0.973207 0.000000 -0.229929 0.415465 0.415465 0.415465
1629.834351 0.000000 2179.142090 0.000000 0.613060 0.000000 -0.790036 0.469585 0.469585 0.469585
1617.165649 0.000000 2167.589600 0.000000 0.089206 0.000000 -0.996013 0.513176 0.513176 0.513176
1636.887085 0.000000 2162.559082 0.000000 0.924624 0.000000 -0.380882 0.429363 0.429363 0.429363
1645.587891 0.000000 2153.195801 0.000000 0.790262 0.000000 -0.612769 0.450387 0.450387 0.450387
1606.644653 0.000000 2188.833740 0.000000 0.739085 0.000000 -0.673612 0.456462 0.456462 0.456462
1607.104370 0.000000 2190.703125 0.000000 0.844252 0.000000 -0.535947 0.443211 0.443211 0.443211
1616.583008 0.000000 2164.662842 0.000000 0.812929 0.000000 -0.582363 0.445782 0.445782 0.445782
1616.854248 0.000000 2163.329834 0.000000 0.806265 0.000000 -0.591554 0.448356 0.448356 0.448356
1601.525757 0.000000 2183.635742 0.000000 0.478819 0.000000 -0.877914 0.481856 0.481856 0.481856
1619.924194 0.000000 2164.214111 0.000000 0.222439 0.000000 -0.974947 0.502864 0.502864 0.502864
1632.818359 0.000000 2165.024658 0.000000 0.997819 0.000000 -0.066008 0.405046 0.405046 0.405046
1616.604004 0.000000 2190.063965 0.000000 0.885471 0.000000 -0.464694 0.435835 0.435835 0.435835
1606.282227 0.000000 2184.414795 0.000000 0.077354 0.000000 -0.997004 0.511848 0.511848 0.511848
1608.918579 0.000000 2179.939697 0.000000 0.708549 0.000000 -0.705662 0.459844 0.459844 0.459844
1617.859375 0.000000 2162.288818 0.000000 0.859817 0.000000 -0.510602 0.440939 0.440939 0.440939
1576.648071 0.000000 2204.217285 0.000000 0.864598 0.000000 -0.502465 0.247360 0.247360 0.247360
1581.430908 0.000000 2206.942383 0.000000 0.820451 0.000000 -0.571716 0.336253 0.336253 0.336253
1580.189087 0.000000 2207.911865 0.000000 0.023222 0.000000 -0.999730 0.369281 0.369281 0.369281
1579.903931 0.000000 2202.998047 0.000000 0.956534 0.000000 -0.291620 0.422607 0.422607 0.422607
1575.881592 0.000000 2202.953857 0.000000 0.513307 0.000000 -0.858205 0.478821 0.478821 0.478821
1573.606567 0.000000 2205.810059 0.000000 0.900763 0.000000 -0.434311 0.434322 0.434322 0.434322
1581.104126 0.000000 2204.345215 0.000000 0.724756 0.000000 -0.689005 0.426824 0.426824 0.426824
1579.013184 0.000000 2204.100830 0.000000 0.920587 0.000000 -0.390536 0.425843 0.425843 0.425843
1577.046387 0.000000 2203.215332 0.000000 0.215371 0.000000 -0.976532 0.503417 0.503417 0.503417
1572.130493 0.000000 2202.891602 0.000000 0.816819 0.000000 -0.576893 0.446976 0.446976 0.446976
1611.316406 0.000000 2203.807617 0.000000 0.987666 0.000000 -0.156574 0.347368 0.347368 0.347368
1614.213379 0.000000 2204.595459 0.000000 0.954895 0.000000 -0.296942 0.331543 0.331543 0.331543
1615.104980 0.000000 2205.793213 0.000000 0.225365 0.000000 -0.974275 0.369889 0.369889 0.369889
1611.583984 0.000000 2206.448242 0.000000 0.273107 0.000000 -0.961984 0.349655 0.349655 0.349655
1601.375488 0.000000 2205.282715 0.000000 0.603214 0.000000 -0.797579 0.463387 0.463387 0.463387
1610.381226 0.000000 2204.288330 0.000000 0.811129 0.000000 -0.584867 0.447725 0.447725 0.447725
"}
