object={
	name="european_dynamic_mining_objects_generator_1_0"
	clamp_to_water_level=no
	render_under_water=no
	generated_content=yes
	layer="mines_dynamic"
	pdxmesh="generic_rural_mining_coaldepo_01_mesh"
	count=348
	transform="317.212860 0.000000 3245.001221 0.000000 0.468005 0.000000 0.883726 0.000000 0.000000 0.000000
317.032837 0.000000 3241.797363 0.000000 0.923611 0.000000 0.383331 1.000000 1.000000 1.000000
314.504364 0.000000 3243.368164 0.000000 0.805782 0.000000 0.592212 0.000000 0.000000 0.000000
327.671631 0.000000 3244.465820 0.000000 0.546112 0.000000 0.837712 0.000000 0.000000 0.000000
351.758545 0.000000 3249.769043 0.000000 0.927889 0.000000 0.372857 1.000000 1.000000 1.000000
334.007324 0.000000 3250.499512 0.000000 0.878276 0.000000 0.478155 0.000000 0.000000 0.000000
342.477814 0.000000 3254.502686 0.000000 0.462653 0.000000 0.886539 0.000000 0.000000 0.000000
343.890747 0.000000 3238.666992 0.000000 0.137275 0.000000 0.990533 1.000000 1.000000 1.000000
322.500519 0.000000 3239.353516 0.000000 0.933405 0.000000 0.358824 0.000000 0.000000 0.000000
355.764923 0.000000 3245.456543 0.000000 0.485148 0.000000 0.874432 0.000000 0.000000 0.000000
356.276184 0.000000 3252.856201 0.000000 0.664055 0.000000 0.747684 0.000000 0.000000 0.000000
337.256927 0.000000 3254.324219 0.000000 0.300217 0.000000 0.953871 0.000000 0.000000 0.000000
334.220581 0.000000 3236.690186 0.000000 0.470948 0.000000 0.882161 1.000000 1.000000 1.000000
354.015045 0.000000 3240.104980 0.000000 0.205793 0.000000 0.978596 0.000000 0.000000 0.000000
337.260071 0.000000 3246.066406 0.000000 0.492723 0.000000 0.870187 0.000000 0.000000 0.000000
347.932800 0.000000 3239.878906 0.000000 0.506712 0.000000 0.862116 1.000000 1.000000 1.000000
324.755341 0.000000 3247.481934 0.000000 0.907950 0.000000 0.419078 0.000000 0.000000 0.000000
338.230438 0.000000 3257.645020 0.000000 0.616683 0.000000 0.787212 0.000000 0.000000 0.000000
342.628387 0.000000 3249.636475 0.000000 0.931663 0.000000 0.363323 1.000000 1.000000 1.000000
345.680969 0.000000 3253.386963 0.000000 0.571080 0.000000 0.820895 0.000000 0.000000 0.000000
354.857513 0.000000 3248.738281 0.000000 0.318774 0.000000 0.947831 0.000000 0.000000 0.000000
352.449005 0.000000 3245.604736 0.000000 0.122358 0.000000 0.992486 1.000000 1.000000 1.000000
320.936127 0.000000 3242.218994 0.000000 0.813273 0.000000 0.581882 0.000000 0.000000 0.000000
332.112305 0.000000 3234.516113 0.000000 0.259017 0.000000 0.965873 0.000000 0.000000 0.000000
353.448914 0.000000 3242.906250 0.000000 0.313789 0.000000 0.949493 1.000000 1.000000 1.000000
344.795349 0.000000 3247.521484 0.000000 0.502398 0.000000 0.864637 1.000000 1.000000 1.000000
347.635559 0.000000 3242.659668 0.000000 0.905586 0.000000 0.424162 1.000000 1.000000 1.000000
336.186279 0.000000 3238.760742 0.000000 0.622203 0.000000 0.782856 1.000000 1.000000 1.000000
345.283905 0.000000 3241.227051 0.000000 0.915528 0.000000 0.402254 1.000000 1.000000 1.000000
334.686676 0.000000 3234.200928 0.000000 0.778184 0.000000 0.628037 0.000000 0.000000 0.000000
339.640503 0.000000 3244.921143 0.000000 0.250591 0.000000 0.968093 1.000000 1.000000 1.000000
328.173828 0.000000 3241.875732 0.000000 0.265583 0.000000 0.964088 1.000000 1.000000 1.000000
343.340027 0.000000 3252.016846 0.000000 0.341791 0.000000 0.939776 1.000000 1.000000 1.000000
7162.368164 0.000000 842.707214 0.000000 0.008358 0.000000 0.999965 0.000000 0.000000 0.000000
7153.272949 0.000000 824.406189 0.000000 0.261663 0.000000 0.965159 0.000000 0.000000 0.000000
7167.487305 0.000000 821.008972 0.000000 0.771129 0.000000 0.636679 0.000000 0.000000 0.000000
7148.662598 0.000000 841.361450 0.000000 0.790555 0.000000 0.612391 0.000000 0.000000 0.000000
7165.248047 0.000000 836.783325 0.000000 0.158782 0.000000 0.987314 1.000000 1.000000 1.000000
7154.584961 0.000000 818.675476 0.000000 0.302329 0.000000 0.953204 0.000000 0.000000 0.000000
7163.211426 0.000000 820.399414 0.000000 0.510653 0.000000 0.859787 0.000000 0.000000 0.000000
7152.647949 0.000000 831.257019 0.000000 0.811564 0.000000 0.584264 0.000000 0.000000 0.000000
7165.507812 0.000000 840.558044 0.000000 0.694892 0.000000 0.719114 0.000000 0.000000 0.000000
7145.204590 0.000000 827.342590 0.000000 0.220601 0.000000 0.975364 1.000000 1.000000 1.000000
7162.305176 0.000000 834.762695 0.000000 0.431783 0.000000 0.901978 1.000000 1.000000 1.000000
7159.062500 0.000000 841.798706 0.000000 0.241742 0.000000 0.970340 1.000000 1.000000 1.000000
7165.611816 0.000000 829.540894 0.000000 0.794620 0.000000 0.607107 0.000000 0.000000 0.000000
7155.759277 0.000000 822.146118 0.000000 0.877597 0.000000 0.479399 1.000000 1.000000 1.000000
7143.591309 0.000000 832.617310 0.000000 0.866525 0.000000 0.499134 1.000000 1.000000 1.000000
7148.051758 0.000000 822.875549 0.000000 0.266602 0.000000 0.963807 1.000000 1.000000 1.000000
7167.976562 0.000000 841.396667 0.000000 0.703399 0.000000 0.710796 0.000000 0.000000 0.000000
7167.697754 0.000000 835.505371 0.000000 0.823132 0.000000 0.567850 1.000000 1.000000 1.000000
7388.793945 0.000000 624.169922 0.000000 0.272677 0.000000 0.962106 0.000000 0.000000 0.000000
7372.978516 0.000000 622.064087 0.000000 0.088890 0.000000 0.996041 0.000000 0.000000 0.000000
7391.453613 0.000000 638.058228 0.000000 0.804166 0.000000 0.594404 1.000000 1.000000 1.000000
7369.400879 0.000000 637.447266 0.000000 0.003024 0.000000 0.999995 1.000000 1.000000 1.000000
7374.007324 0.000000 652.218323 0.000000 0.817189 0.000000 0.576369 0.000000 0.000000 0.000000
7380.569336 0.000000 626.714600 0.000000 0.064788 0.000000 0.997899 1.000000 1.000000 1.000000
7386.122559 0.000000 632.136536 0.000000 0.465766 0.000000 0.884908 0.000000 0.000000 0.000000
7398.893555 0.000000 640.775452 0.000000 0.893997 0.000000 0.448072 0.000000 0.000000 0.000000
7362.500488 0.000000 641.072205 0.000000 0.099331 0.000000 0.995054 0.000000 0.000000 0.000000
7390.530273 0.000000 644.788208 0.000000 0.883518 0.000000 0.468397 1.000000 1.000000 1.000000
7374.873047 0.000000 629.375183 0.000000 0.277920 0.000000 0.960604 0.000000 0.000000 0.000000
7391.826172 0.000000 629.450500 0.000000 0.917137 0.000000 0.398573 1.000000 1.000000 1.000000
7372.552734 0.000000 647.522156 0.000000 0.073980 0.000000 0.997260 1.000000 1.000000 1.000000
7374.220703 0.000000 638.409058 0.000000 0.885116 0.000000 0.465370 1.000000 1.000000 1.000000
7378.283691 0.000000 622.460815 0.000000 0.141711 0.000000 0.989908 0.000000 0.000000 0.000000
7366.330566 0.000000 633.424927 0.000000 0.582717 0.000000 0.812675 0.000000 0.000000 0.000000
7386.364746 0.000000 646.889465 0.000000 0.434675 0.000000 0.900587 1.000000 1.000000 1.000000
7385.237793 0.000000 627.487000 0.000000 0.517062 0.000000 0.855948 1.000000 1.000000 1.000000
7379.771973 0.000000 643.953552 0.000000 0.111095 0.000000 0.993810 1.000000 1.000000 1.000000
7381.668945 0.000000 631.117004 0.000000 0.466578 0.000000 0.884480 1.000000 1.000000 1.000000
7387.131348 0.000000 637.449280 0.000000 0.544469 0.000000 0.838781 0.000000 0.000000 0.000000
7371.786133 0.000000 626.381042 0.000000 0.035806 0.000000 0.999359 0.000000 0.000000 0.000000
7377.260254 0.000000 647.785278 0.000000 0.745086 0.000000 0.666968 1.000000 1.000000 1.000000
7365.119141 0.000000 637.762329 0.000000 0.418211 0.000000 0.908350 0.000000 0.000000 0.000000
7398.889160 0.000000 644.767761 0.000000 0.407404 0.000000 0.913248 0.000000 0.000000 0.000000
7383.293457 0.000000 644.892883 0.000000 0.750069 0.000000 0.661360 1.000000 1.000000 1.000000
7389.530273 0.000000 648.620483 0.000000 0.896248 0.000000 0.443553 0.000000 0.000000 0.000000
7378.190430 0.000000 630.850281 0.000000 0.115192 0.000000 0.993343 1.000000 1.000000 1.000000
7389.020508 0.000000 634.158508 0.000000 0.469522 0.000000 0.882921 1.000000 1.000000 1.000000
7395.104004 0.000000 629.870239 0.000000 0.181105 0.000000 0.983464 0.000000 0.000000 0.000000
7382.628418 0.000000 651.355347 0.000000 0.635618 0.000000 0.772004 0.000000 0.000000 0.000000
7375.197266 0.000000 632.960876 0.000000 0.712015 0.000000 0.702164 0.000000 0.000000 0.000000
7392.449219 0.000000 647.323425 0.000000 0.494701 0.000000 0.869063 0.000000 0.000000 0.000000
7372.112305 0.000000 636.234863 0.000000 0.872510 0.000000 0.488597 1.000000 1.000000 1.000000
7373.099609 0.000000 641.104736 0.000000 0.759104 0.000000 0.650970 1.000000 1.000000 1.000000
7384.795410 0.000000 649.240295 0.000000 0.635361 0.000000 0.772216 0.000000 0.000000 0.000000
7390.952637 0.000000 640.840454 0.000000 0.562661 0.000000 0.826688 1.000000 1.000000 1.000000
7376.244141 0.000000 650.525940 0.000000 0.774115 0.000000 0.633045 0.000000 0.000000 0.000000
7396.029297 0.000000 639.880920 0.000000 0.320968 0.000000 0.947090 0.000000 0.000000 0.000000
7389.958984 0.000000 631.528442 0.000000 0.873878 0.000000 0.486145 1.000000 1.000000 1.000000
7374.979980 0.000000 646.168274 0.000000 0.495427 0.000000 0.868650 1.000000 1.000000 1.000000
7383.068359 0.000000 625.839294 0.000000 0.847048 0.000000 0.531517 0.000000 0.000000 0.000000
7383.408203 0.000000 633.166321 0.000000 0.852360 0.000000 0.522956 0.000000 0.000000 0.000000
7367.408691 0.000000 639.165649 0.000000 0.906837 0.000000 0.421482 1.000000 1.000000 1.000000
7393.412109 0.000000 636.285217 0.000000 0.458148 0.000000 0.888876 1.000000 1.000000 1.000000
7374.686523 0.000000 635.919617 0.000000 0.421951 0.000000 0.906619 1.000000 1.000000 1.000000
7388.928223 0.000000 639.208191 0.000000 0.481746 0.000000 0.876311 1.000000 1.000000 1.000000
7379.362793 0.000000 649.315979 0.000000 0.090230 0.000000 0.995921 0.000000 0.000000 0.000000
7373.872070 0.000000 649.730591 0.000000 0.567969 0.000000 0.823050 1.000000 1.000000 1.000000
7387.678223 0.000000 626.342285 0.000000 0.444455 0.000000 0.895801 1.000000 1.000000 1.000000
7384.077637 0.000000 630.724609 0.000000 0.562615 0.000000 0.826719 1.000000 1.000000 1.000000
7317.705078 0.000000 761.164551 0.000000 0.267186 0.000000 0.963645 0.000000 0.000000 0.000000
7314.127930 0.000000 747.572937 0.000000 0.426983 0.000000 0.904260 0.000000 0.000000 0.000000
7345.272949 0.000000 767.921814 0.000000 0.375014 0.000000 0.927019 0.000000 0.000000 0.000000
7310.007324 0.000000 765.187073 0.000000 0.894010 0.000000 0.448047 1.000000 1.000000 1.000000
7337.385742 0.000000 767.215027 0.000000 0.119183 0.000000 0.992872 0.000000 0.000000 0.000000
7307.929688 0.000000 746.302734 0.000000 0.821953 0.000000 0.569556 1.000000 1.000000 1.000000
7315.007324 0.000000 752.375244 0.000000 0.871756 0.000000 0.489940 1.000000 1.000000 1.000000
7306.351562 0.000000 755.175842 0.000000 0.614672 0.000000 0.788783 1.000000 1.000000 1.000000
7318.937012 0.000000 748.724243 0.000000 0.482293 0.000000 0.876010 0.000000 0.000000 0.000000
7330.015137 0.000000 754.792419 0.000000 0.452838 0.000000 0.891593 0.000000 0.000000 0.000000
7301.119141 0.000000 750.731079 0.000000 0.806603 0.000000 0.591093 0.000000 0.000000 0.000000
7327.334473 0.000000 775.282288 0.000000 0.445615 0.000000 0.895225 1.000000 1.000000 1.000000
7343.917480 0.000000 771.078918 0.000000 0.479918 0.000000 0.877313 0.000000 0.000000 0.000000
7307.406250 0.000000 767.367676 0.000000 0.794573 0.000000 0.607169 0.000000 0.000000 0.000000
7330.857422 0.000000 763.425781 0.000000 0.659661 0.000000 0.751563 1.000000 1.000000 1.000000
7320.572266 0.000000 773.761230 0.000000 0.886467 0.000000 0.462791 0.000000 0.000000 0.000000
7337.967773 0.000000 764.114807 0.000000 0.433357 0.000000 0.901223 0.000000 0.000000 0.000000
7305.084961 0.000000 745.114746 0.000000 0.183429 0.000000 0.983033 0.000000 0.000000 0.000000
7308.526855 0.000000 757.342712 0.000000 0.022662 0.000000 0.999743 1.000000 1.000000 1.000000
7334.581055 0.000000 769.421326 0.000000 0.869804 0.000000 0.493398 0.000000 0.000000 0.000000
7312.244141 0.000000 763.494690 0.000000 0.755171 0.000000 0.655528 1.000000 1.000000 1.000000
7316.984863 0.000000 771.494873 0.000000 0.472994 0.000000 0.881066 0.000000 0.000000 0.000000
7313.436523 0.000000 758.165894 0.000000 0.656658 0.000000 0.754189 1.000000 1.000000 1.000000
7334.646484 0.000000 766.454102 0.000000 0.921273 0.000000 0.388915 1.000000 1.000000 1.000000
7304.173828 0.000000 756.563171 0.000000 0.447394 0.000000 0.894337 1.000000 1.000000 1.000000
7169.318848 0.000000 829.669678 0.000000 0.899443 0.000000 0.437038 1.000000 1.000000 1.000000
7168.254883 0.000000 837.922119 0.000000 0.560758 0.000000 0.827980 1.000000 1.000000 1.000000
7172.032715 0.000000 822.392822 0.000000 0.206957 0.000000 0.978350 0.000000 0.000000 0.000000
7174.215332 0.000000 839.718872 0.000000 0.037957 0.000000 0.999279 1.000000 1.000000 1.000000
7169.884766 0.000000 841.833801 0.000000 0.166930 0.000000 0.985969 0.000000 0.000000 0.000000
7168.156738 0.000000 845.681458 0.000000 0.054218 0.000000 0.998529 0.000000 0.000000 0.000000
7172.957520 0.000000 830.628357 0.000000 0.323634 0.000000 0.946182 0.000000 0.000000 0.000000
7168.009766 0.000000 832.973755 0.000000 0.934875 0.000000 0.354977 1.000000 1.000000 1.000000
7177.278320 0.000000 840.864807 0.000000 0.757548 0.000000 0.652779 0.000000 0.000000 0.000000
7171.510742 0.000000 837.709229 0.000000 0.134314 0.000000 0.990939 1.000000 1.000000 1.000000
7174.057129 0.000000 835.718994 0.000000 0.391009 0.000000 0.920387 0.000000 0.000000 0.000000
7170.311035 0.000000 827.392334 0.000000 0.595625 0.000000 0.803262 1.000000 1.000000 1.000000
7408.205566 0.000000 903.724365 0.000000 0.207847 0.000000 0.978161 1.000000 1.000000 1.000000
7414.864258 0.000000 902.264282 0.000000 0.866146 0.000000 0.499792 0.000000 0.000000 0.000000
7411.213867 0.000000 893.522827 0.000000 0.735379 0.000000 0.677656 1.000000 1.000000 1.000000
7408.023926 0.000000 899.800659 0.000000 0.894236 0.000000 0.447596 0.000000 0.000000 0.000000
7407.868652 0.000000 895.676575 0.000000 0.094654 0.000000 0.995510 0.000000 0.000000 0.000000
7421.507812 0.000000 897.042419 0.000000 0.284212 0.000000 0.958761 0.000000 0.000000 0.000000
7404.412598 0.000000 889.539368 0.000000 0.927515 0.000000 0.373787 0.000000 0.000000 0.000000
7411.402344 0.000000 901.232849 0.000000 0.022116 0.000000 0.999755 1.000000 1.000000 1.000000
7411.634277 0.000000 889.993469 0.000000 0.164716 0.000000 0.986341 0.000000 0.000000 0.000000
7413.860840 0.000000 895.332092 0.000000 0.530815 0.000000 0.847488 1.000000 1.000000 1.000000
7439.130859 0.000000 886.637390 0.000000 0.801704 0.000000 0.597721 0.000000 0.000000 0.000000
7438.953125 0.000000 901.237305 0.000000 0.385068 0.000000 0.922888 0.000000 0.000000 0.000000
7424.156738 0.000000 902.165833 0.000000 0.777332 0.000000 0.629090 0.000000 0.000000 0.000000
7437.506836 0.000000 883.080078 0.000000 0.193254 0.000000 0.981149 0.000000 0.000000 0.000000
8048.205566 0.000000 508.333740 0.000000 0.395677 0.000000 0.918390 0.000000 0.000000 0.000000
8058.368164 0.000000 503.800964 0.000000 0.850831 0.000000 0.525439 0.000000 0.000000 0.000000
8054.864258 0.000000 506.873627 0.000000 0.326094 0.000000 0.945337 1.000000 1.000000 1.000000
8051.402344 0.000000 505.842255 0.000000 0.235098 0.000000 0.971972 0.000000 0.000000 0.000000
8054.816895 0.000000 509.610168 0.000000 0.680755 0.000000 0.732511 0.000000 0.000000 0.000000
8054.173828 0.000000 514.543640 0.000000 0.010913 0.000000 0.999940 0.000000 0.000000 0.000000
8058.385254 0.000000 510.951416 0.000000 0.364195 0.000000 0.931323 0.000000 0.000000 0.000000
8057.460938 0.000000 508.462646 0.000000 0.674852 0.000000 0.737953 0.000000 0.000000 0.000000
8122.544434 0.000000 548.782471 0.000000 0.896417 0.000000 0.443211 0.000000 0.000000 0.000000
8118.864258 0.000000 563.358032 0.000000 0.928388 0.000000 0.371613 1.000000 1.000000 1.000000
8122.305176 0.000000 552.340820 0.000000 0.232376 0.000000 0.972626 0.000000 0.000000 0.000000
8119.062500 0.000000 559.376831 0.000000 0.320246 0.000000 0.947334 0.000000 0.000000 0.000000
8121.384766 0.000000 564.611145 0.000000 0.895578 0.000000 0.444904 0.000000 0.000000 0.000000
8122.807129 0.000000 571.498291 0.000000 0.752487 0.000000 0.658607 0.000000 0.000000 0.000000
8125.512207 0.000000 564.869934 0.000000 0.864217 0.000000 0.503119 0.000000 0.000000 0.000000
8118.816895 0.000000 566.094543 0.000000 0.212218 0.000000 0.977222 0.000000 0.000000 0.000000
8126.624512 0.000000 573.663879 0.000000 0.152258 0.000000 0.988341 1.000000 1.000000 1.000000
8129.451172 0.000000 577.019409 0.000000 0.861012 0.000000 0.508585 0.000000 0.000000 0.000000
8132.047852 0.000000 573.193787 0.000000 0.830884 0.000000 0.556446 0.000000 0.000000 0.000000
6826.009766 0.000000 958.686646 0.000000 0.235471 0.000000 0.971881 1.000000 1.000000 1.000000
6838.864258 0.000000 958.748657 0.000000 0.933941 0.000000 0.357427 0.000000 0.000000 0.000000
6832.023926 0.000000 956.285034 0.000000 0.753797 0.000000 0.657108 0.000000 0.000000 0.000000
6814.953613 0.000000 960.002502 0.000000 0.674025 0.000000 0.738709 0.000000 0.000000 0.000000
6822.346680 0.000000 958.007690 0.000000 0.658642 0.000000 0.752456 0.000000 0.000000 0.000000
6838.816895 0.000000 961.485168 0.000000 0.606369 0.000000 0.795183 0.000000 0.000000 0.000000
6815.826172 0.000000 968.356750 0.000000 0.259473 0.000000 0.965750 0.000000 0.000000 0.000000
6819.765137 0.000000 986.081604 0.000000 0.237790 0.000000 0.971317 0.000000 0.000000 0.000000
6810.364746 0.000000 985.795715 0.000000 0.355852 0.000000 0.934542 1.000000 1.000000 1.000000
6803.771973 0.000000 982.859802 0.000000 0.018042 0.000000 0.999837 0.000000 0.000000 0.000000
6811.932617 0.000000 980.504028 0.000000 0.438507 0.000000 0.898728 0.000000 0.000000 0.000000
6816.618164 0.000000 963.599976 0.000000 0.662627 0.000000 0.748949 0.000000 0.000000 0.000000
6807.293457 0.000000 983.799133 0.000000 0.597235 0.000000 0.802066 0.000000 0.000000 0.000000
6826.673340 0.000000 960.378296 0.000000 0.570832 0.000000 0.821067 0.000000 0.000000 0.000000
6813.530273 0.000000 987.526733 0.000000 0.877049 0.000000 0.480400 0.000000 0.000000 0.000000
6816.449219 0.000000 986.229675 0.000000 0.506296 0.000000 0.862360 0.000000 0.000000 0.000000
6848.098633 0.000000 967.183350 0.000000 0.922575 0.000000 0.385818 0.000000 0.000000 0.000000
7152.205566 0.000000 1073.177490 0.000000 0.838803 0.000000 0.544435 0.000000 0.000000 0.000000
7160.065918 0.000000 1042.081299 0.000000 0.123552 0.000000 0.992338 1.000000 1.000000 1.000000
7135.758301 0.000000 1046.878418 0.000000 0.835722 0.000000 0.549153 0.000000 0.000000 0.000000
7160.550781 0.000000 1049.577881 0.000000 0.651447 0.000000 0.758694 1.000000 1.000000 1.000000
7155.456055 0.000000 1067.006958 0.000000 0.664021 0.000000 0.747714 0.000000 0.000000 0.000000
7137.210449 0.000000 1061.592041 0.000000 0.238967 0.000000 0.971028 1.000000 1.000000 1.000000
7148.662598 0.000000 1067.298950 0.000000 0.608241 0.000000 0.793752 1.000000 1.000000 1.000000
7148.760254 0.000000 1055.223877 0.000000 0.763502 0.000000 0.645805 0.000000 0.000000 0.000000
7145.385742 0.000000 1049.636841 0.000000 0.929149 0.000000 0.369705 1.000000 1.000000 1.000000
7159.107910 0.000000 1061.920044 0.000000 0.875925 0.000000 0.482448 1.000000 1.000000 1.000000
7139.765137 0.000000 1042.566040 0.000000 0.169074 0.000000 0.985603 0.000000 0.000000 0.000000
7148.083496 0.000000 1036.779785 0.000000 0.468155 0.000000 0.883646 0.000000 0.000000 0.000000
7130.709961 0.000000 1053.758667 0.000000 0.332519 0.000000 0.943097 0.000000 0.000000 0.000000
7158.864258 0.000000 1071.717407 0.000000 0.867325 0.000000 0.497742 0.000000 0.000000 0.000000
7142.535645 0.000000 1046.226807 0.000000 0.045927 0.000000 0.998945 0.000000 0.000000 0.000000
7163.211426 0.000000 1046.336914 0.000000 0.697952 0.000000 0.716145 1.000000 1.000000 1.000000
7166.419434 0.000000 1058.866089 0.000000 0.583497 0.000000 0.812115 0.000000 0.000000 0.000000
7158.381836 0.000000 1046.046387 0.000000 0.839306 0.000000 0.543659 0.000000 0.000000 0.000000
7152.647949 0.000000 1057.194458 0.000000 0.133861 0.000000 0.991000 0.000000 0.000000 0.000000
7157.013672 0.000000 1051.365112 0.000000 0.222294 0.000000 0.974980 1.000000 1.000000 1.000000
7152.023926 0.000000 1069.253784 0.000000 0.511532 0.000000 0.859264 0.000000 0.000000 0.000000
7138.735840 0.000000 1056.371826 0.000000 0.445006 0.000000 0.895527 1.000000 1.000000 1.000000
7159.060547 0.000000 1058.318481 0.000000 0.202988 0.000000 0.979181 1.000000 1.000000 1.000000
7151.145508 0.000000 1034.866577 0.000000 0.836661 0.000000 0.547721 0.000000 0.000000 0.000000
7155.634277 0.000000 1059.446655 0.000000 0.522882 0.000000 0.852405 1.000000 1.000000 1.000000
7162.305176 0.000000 1060.700195 0.000000 0.721589 0.000000 0.692322 0.000000 0.000000 0.000000
7146.288574 0.000000 1039.866577 0.000000 0.616527 0.000000 0.787334 0.000000 0.000000 0.000000
7126.628418 0.000000 1046.745972 0.000000 0.588687 0.000000 0.808361 0.000000 0.000000 0.000000
7129.681152 0.000000 1050.496216 0.000000 0.114185 0.000000 0.993460 0.000000 0.000000 0.000000
7164.832520 0.000000 1049.040527 0.000000 0.380797 0.000000 0.924659 1.000000 1.000000 1.000000
7162.631836 0.000000 1051.855225 0.000000 0.876609 0.000000 0.481203 1.000000 1.000000 1.000000
7162.504395 0.000000 1040.477661 0.000000 0.894690 0.000000 0.446688 1.000000 1.000000 1.000000
7162.637207 0.000000 1043.652466 0.000000 0.454378 0.000000 0.890809 1.000000 1.000000 1.000000
7143.299805 0.000000 1063.098145 0.000000 0.161323 0.000000 0.986902 0.000000 0.000000 0.000000
7143.591309 0.000000 1058.554810 0.000000 0.738617 0.000000 0.674125 1.000000 1.000000 1.000000
7163.000977 0.000000 1054.519775 0.000000 0.839965 0.000000 0.542641 1.000000 1.000000 1.000000
7149.942871 0.000000 1038.659668 0.000000 0.142636 0.000000 0.989775 0.000000 0.000000 0.000000
7158.158691 0.000000 1048.778564 0.000000 0.587141 0.000000 0.809484 1.000000 1.000000 1.000000
7167.509766 0.000000 1053.937256 0.000000 0.262507 0.000000 0.964930 1.000000 1.000000 1.000000
7160.742188 0.000000 1046.612671 0.000000 0.309369 0.000000 0.950942 1.000000 1.000000 1.000000
7154.318359 0.000000 1073.409058 0.000000 0.425556 0.000000 0.904932 0.000000 0.000000 0.000000
7414.816895 0.000000 905.000793 0.000000 0.218526 0.000000 0.975831 1.000000 1.000000 1.000000
7421.292480 0.000000 916.308960 0.000000 0.406527 0.000000 0.913639 1.000000 1.000000 1.000000
7404.062988 0.000000 912.739136 0.000000 0.825739 0.000000 0.564053 0.000000 0.000000 0.000000
7410.789551 0.000000 915.837280 0.000000 0.720214 0.000000 0.693752 0.000000 0.000000 0.000000
7405.943359 0.000000 906.104919 0.000000 0.661310 0.000000 0.750113 0.000000 0.000000 0.000000
7421.524414 0.000000 920.819702 0.000000 0.805436 0.000000 0.592682 0.000000 0.000000 0.000000
7400.015625 0.000000 911.378601 0.000000 0.032028 0.000000 0.999487 0.000000 0.000000 0.000000
7422.624512 0.000000 912.570129 0.000000 0.125094 0.000000 0.992145 1.000000 1.000000 1.000000
7407.145508 0.000000 921.897827 0.000000 0.773973 0.000000 0.633219 0.000000 0.000000 0.000000
7406.042969 0.000000 909.604675 0.000000 0.669960 0.000000 0.742397 0.000000 0.000000 0.000000
7416.639160 0.000000 908.722351 0.000000 0.228757 0.000000 0.973484 1.000000 1.000000 1.000000
7422.582031 0.000000 918.617065 0.000000 0.724139 0.000000 0.689654 1.000000 1.000000 1.000000
7407.339355 0.000000 903.996033 0.000000 0.522919 0.000000 0.852382 0.000000 0.000000 0.000000
7169.318848 0.000000 1055.607178 0.000000 0.822248 0.000000 0.569130 0.000000 0.000000 0.000000
7175.979980 0.000000 1058.854004 0.000000 0.858236 0.000000 0.513255 0.000000 0.000000 0.000000
7177.063965 0.000000 1047.180786 0.000000 0.358468 0.000000 0.933542 0.000000 0.000000 0.000000
7172.755371 0.000000 1044.591431 0.000000 0.046518 0.000000 0.998917 0.000000 0.000000 0.000000
7172.957520 0.000000 1056.565796 0.000000 0.551828 0.000000 0.833958 0.000000 0.000000 0.000000
7177.866211 0.000000 1055.791138 0.000000 0.367416 0.000000 0.930057 0.000000 0.000000 0.000000
7168.894531 0.000000 1047.018921 0.000000 0.724079 0.000000 0.689717 0.000000 0.000000 0.000000
7174.724121 0.000000 1050.226196 0.000000 0.680670 0.000000 0.732590 0.000000 0.000000 0.000000
7425.451172 0.000000 915.925659 0.000000 0.832505 0.000000 0.554017 1.000000 1.000000 1.000000
7432.407715 0.000000 911.562378 0.000000 0.615929 0.000000 0.787802 0.000000 0.000000 0.000000
7428.047852 0.000000 912.100037 0.000000 0.190028 0.000000 0.981779 1.000000 1.000000 1.000000
7426.356934 0.000000 908.648193 0.000000 0.108356 0.000000 0.994112 1.000000 1.000000 1.000000
7425.451660 0.000000 913.142456 0.000000 0.156154 0.000000 0.987733 1.000000 1.000000 1.000000
7205.982422 0.000000 3100.417969 0.000000 0.514325 0.000000 0.857595 0.000000 0.000000 0.000000
7198.236816 0.000000 3102.686035 0.000000 0.655705 0.000000 0.755017 0.000000 0.000000 0.000000
7209.322754 0.000000 3098.431885 0.000000 0.088729 0.000000 0.996056 0.000000 0.000000 0.000000
7196.380371 0.000000 3105.006592 0.000000 0.381731 0.000000 0.924273 0.000000 0.000000 0.000000
7196.793945 0.000000 3109.482422 0.000000 0.560458 0.000000 0.828183 1.000000 1.000000 1.000000
7186.127930 0.000000 3119.916748 0.000000 0.179804 0.000000 0.983702 0.000000 0.000000 0.000000
7223.638184 0.000000 3122.384033 0.000000 0.452899 0.000000 0.891562 0.000000 0.000000 0.000000
7188.569336 0.000000 3112.027100 0.000000 0.719031 0.000000 0.694978 1.000000 1.000000 1.000000
7205.432617 0.000000 3117.667725 0.000000 0.182754 0.000000 0.983159 0.000000 0.000000 0.000000
7191.890625 0.000000 3125.698242 0.000000 0.360240 0.000000 0.932859 1.000000 1.000000 1.000000
7198.530273 0.000000 3130.100586 0.000000 0.897892 0.000000 0.440215 1.000000 1.000000 1.000000
7218.842773 0.000000 3124.510498 0.000000 0.429809 0.000000 0.902920 0.000000 0.000000 0.000000
7187.007324 0.000000 3124.718994 0.000000 0.712957 0.000000 0.701208 0.000000 0.000000 0.000000
7194.364746 0.000000 3132.201904 0.000000 0.337387 0.000000 0.941366 1.000000 1.000000 1.000000
7187.771973 0.000000 3129.266113 0.000000 0.829930 0.000000 0.557868 0.000000 0.000000 0.000000
7202.015137 0.000000 3127.136230 0.000000 0.182389 0.000000 0.983226 0.000000 0.000000 0.000000
7206.889160 0.000000 3130.080322 0.000000 0.152575 0.000000 0.988292 0.000000 0.000000 0.000000
7183.831543 0.000000 3110.812500 0.000000 0.717792 0.000000 0.696257 0.000000 0.000000 0.000000
7200.618164 0.000000 3110.006348 0.000000 0.057431 0.000000 0.998349 0.000000 0.000000 0.000000
7206.686523 0.000000 3106.946289 0.000000 0.389970 0.000000 0.920827 1.000000 1.000000 1.000000
7191.293457 0.000000 3130.205322 0.000000 0.706631 0.000000 0.707582 1.000000 1.000000 1.000000
7210.673340 0.000000 3106.784424 0.000000 0.414886 0.000000 0.909874 0.000000 0.000000 0.000000
7197.530273 0.000000 3133.933105 0.000000 0.582222 0.000000 0.813030 1.000000 1.000000 1.000000
7215.145508 0.000000 3124.788574 0.000000 0.045586 0.000000 0.998960 1.000000 1.000000 1.000000
7186.190430 0.000000 3116.162842 0.000000 0.398544 0.000000 0.917149 0.000000 0.000000 0.000000
7194.987305 0.000000 3106.729492 0.000000 0.179203 0.000000 0.983812 1.000000 1.000000 1.000000
7193.661133 0.000000 3109.706787 0.000000 0.092320 0.000000 0.995729 1.000000 1.000000 1.000000
7209.676758 0.000000 3124.707520 0.000000 0.224008 0.000000 0.974587 1.000000 1.000000 1.000000
7188.094727 0.000000 3122.041504 0.000000 0.302627 0.000000 0.953109 1.000000 1.000000 1.000000
7193.706543 0.000000 3120.280029 0.000000 0.085233 0.000000 0.996361 1.000000 1.000000 1.000000
7193.283691 0.000000 3128.258301 0.000000 0.170752 0.000000 0.985314 1.000000 1.000000 1.000000
7188.832520 0.000000 3119.220215 0.000000 0.679730 0.000000 0.733463 1.000000 1.000000 1.000000
7206.824707 0.000000 3111.878418 0.000000 0.217928 0.000000 0.975965 1.000000 1.000000 1.000000
7190.077637 0.000000 3123.815186 0.000000 0.024049 0.000000 0.999711 1.000000 1.000000 1.000000
7186.498535 0.000000 3110.458740 0.000000 0.611862 0.000000 0.790964 0.000000 0.000000 0.000000
7196.928223 0.000000 3124.520752 0.000000 0.443396 0.000000 0.896326 1.000000 1.000000 1.000000
7192.535645 0.000000 3122.995605 0.000000 0.761470 0.000000 0.648200 1.000000 1.000000 1.000000
7195.678223 0.000000 3111.654785 0.000000 0.064791 0.000000 0.997899 1.000000 1.000000 1.000000
7192.077637 0.000000 3116.037109 0.000000 0.600910 0.000000 0.799317 1.000000 1.000000 1.000000
7201.641602 0.000000 3124.719238 0.000000 0.318607 0.000000 0.947887 0.000000 0.000000 0.000000
7710.953613 0.000000 2880.471191 0.000000 0.707386 0.000000 0.706827 0.000000 0.000000 0.000000
7701.934570 0.000000 2879.030762 0.000000 0.797196 0.000000 0.603720 0.000000 0.000000 0.000000
7701.705078 0.000000 2907.570801 0.000000 0.281945 0.000000 0.959431 0.000000 0.000000 0.000000
7703.491699 0.000000 2881.334717 0.000000 0.674434 0.000000 0.738336 0.000000 0.000000 0.000000
7716.045898 0.000000 2885.978027 0.000000 0.735109 0.000000 0.677949 0.000000 0.000000 0.000000
7699.007324 0.000000 2898.781494 0.000000 0.472553 0.000000 0.881302 0.000000 0.000000 0.000000
7720.763184 0.000000 2895.825195 0.000000 0.229535 0.000000 0.973300 0.000000 0.000000 0.000000
7715.991211 0.000000 2896.429688 0.000000 0.263907 0.000000 0.964548 0.000000 0.000000 0.000000
7698.817383 0.000000 2911.146973 0.000000 0.919337 0.000000 0.393472 0.000000 0.000000 0.000000
7714.015137 0.000000 2901.198730 0.000000 0.529890 0.000000 0.848067 0.000000 0.000000 0.000000
7720.974609 0.000000 2892.224609 0.000000 0.562610 0.000000 0.826723 0.000000 0.000000 0.000000
7698.190430 0.000000 2890.225342 0.000000 0.792087 0.000000 0.610408 1.000000 1.000000 1.000000
7706.987305 0.000000 2880.791992 0.000000 0.883342 0.000000 0.468729 0.000000 0.000000 0.000000
7697.664551 0.000000 2887.359131 0.000000 0.829135 0.000000 0.559049 0.000000 0.000000 0.000000
7710.961914 0.000000 2881.664551 0.000000 0.759108 0.000000 0.650964 0.000000 0.000000 0.000000
7710.952637 0.000000 2900.215332 0.000000 0.271488 0.000000 0.962442 1.000000 1.000000 1.000000
7707.635742 0.000000 2903.753418 0.000000 0.551457 0.000000 0.834203 1.000000 1.000000 1.000000
7702.782715 0.000000 2888.006592 0.000000 0.728745 0.000000 0.684785 1.000000 1.000000 1.000000
7703.068359 0.000000 2885.214355 0.000000 0.186131 0.000000 0.982525 1.000000 1.000000 1.000000
7703.408203 0.000000 2892.541260 0.000000 0.249825 0.000000 0.968291 0.000000 0.000000 0.000000
7704.535645 0.000000 2897.058105 0.000000 0.558658 0.000000 0.829398 1.000000 1.000000 1.000000
7699.894531 0.000000 2888.474854 0.000000 0.206823 0.000000 0.978378 1.000000 1.000000 1.000000
7966.236816 0.000000 3102.686035 0.000000 0.074467 0.000000 0.997223 0.000000 0.000000 0.000000
7997.248047 0.000000 3096.158203 0.000000 0.597984 0.000000 0.801508 0.000000 0.000000 0.000000
7999.586426 0.000000 3103.590820 0.000000 0.536300 0.000000 0.844027 0.000000 0.000000 0.000000
7970.932617 0.000000 3104.233154 0.000000 0.602092 0.000000 0.798426 0.000000 0.000000 0.000000
7977.322754 0.000000 3098.431885 0.000000 0.345661 0.000000 0.938359 0.000000 0.000000 0.000000
7966.953613 0.000000 3106.408691 0.000000 0.790131 0.000000 0.612938 0.000000 0.000000 0.000000
7971.689941 0.000000 3101.757812 0.000000 0.296046 0.000000 0.955174 0.000000 0.000000 0.000000
8001.884766 0.000000 3101.208740 0.000000 0.445303 0.000000 0.895380 0.000000 0.000000 0.000000
7981.516602 0.000000 3121.374023 0.000000 0.734360 0.000000 0.678761 1.000000 1.000000 1.000000
7985.519043 0.000000 3112.970215 0.000000 0.568215 0.000000 0.822880 0.000000 0.000000 0.000000
7984.541992 0.000000 3129.225830 0.000000 0.198553 0.000000 0.980090 0.000000 0.000000 0.000000
7997.292480 0.000000 3119.199707 0.000000 0.534364 0.000000 0.845255 0.000000 0.000000 0.000000
7980.062988 0.000000 3115.629639 0.000000 0.336453 0.000000 0.941700 0.000000 0.000000 0.000000
7986.584961 0.000000 3134.534912 0.000000 0.342608 0.000000 0.939478 0.000000 0.000000 0.000000
7957.668945 0.000000 3116.429443 0.000000 0.482588 0.000000 0.875848 1.000000 1.000000 1.000000
7976.015625 0.000000 3114.269287 0.000000 0.806473 0.000000 0.591270 0.000000 0.000000 0.000000
7981.375000 0.000000 3131.562256 0.000000 0.858552 0.000000 0.512727 0.000000 0.000000 0.000000
7976.974609 0.000000 3118.162109 0.000000 0.699277 0.000000 0.714851 1.000000 1.000000 1.000000
7984.918945 0.000000 3121.626709 0.000000 0.607072 0.000000 0.794647 0.000000 0.000000 0.000000
7971.104004 0.000000 3115.182617 0.000000 0.440126 0.000000 0.897936 1.000000 1.000000 1.000000
7988.463867 0.000000 3121.722412 0.000000 0.583623 0.000000 0.812025 0.000000 0.000000 0.000000
7983.537109 0.000000 3133.769043 0.000000 0.742941 0.000000 0.669356 0.000000 0.000000 0.000000
7995.100586 0.000000 3116.733398 0.000000 0.169075 0.000000 0.985603 0.000000 0.000000 0.000000
7961.706543 0.000000 3120.280029 0.000000 0.916882 0.000000 0.399159 0.000000 0.000000 0.000000
7989.566895 0.000000 3119.102783 0.000000 0.003426 0.000000 0.999994 0.000000 0.000000 0.000000
7996.013184 0.000000 3121.505371 0.000000 0.825662 0.000000 0.564165 0.000000 0.000000 0.000000
7958.077637 0.000000 3123.815186 0.000000 0.780418 0.000000 0.625258 0.000000 0.000000 0.000000
7983.339355 0.000000 3106.886719 0.000000 0.303647 0.000000 0.952785 1.000000 1.000000 1.000000
7979.095215 0.000000 3120.959229 0.000000 0.781668 0.000000 0.623695 1.000000 1.000000 1.000000
7997.251953 0.000000 3113.455078 0.000000 0.843371 0.000000 0.537331 1.000000 1.000000 1.000000
"}
object={
	name="european_dynamic_mining_objects_generator_1_1"
	clamp_to_water_level=no
	render_under_water=no
	generated_content=yes
	layer="mines_dynamic"
	pdxmesh="generic_rural_mining_coaldepo_02_mesh"
	count=278
	transform="314.511627 0.000000 3240.119385 0.000000 0.961161 0.000000 0.275989 1.000000 1.000000 1.000000
341.705017 0.000000 3246.477051 0.000000 0.833133 0.000000 -0.553072 1.000000 1.000000 1.000000
346.074066 0.000000 3250.125732 0.000000 0.995959 0.000000 0.089806 0.000000 0.000000 0.000000
332.552643 0.000000 3245.803467 0.000000 0.863596 0.000000 -0.504184 0.000000 0.000000 0.000000
339.007538 0.000000 3237.687744 0.000000 0.964726 0.000000 -0.263256 1.000000 1.000000 1.000000
346.709900 0.000000 3256.649414 0.000000 0.849538 0.000000 -0.527528 0.000000 0.000000 0.000000
330.351440 0.000000 3240.488281 0.000000 0.933211 0.000000 -0.359328 1.000000 1.000000 1.000000
342.937195 0.000000 3234.036621 0.000000 0.998281 0.000000 -0.058614 0.000000 0.000000 0.000000
346.364716 0.000000 3245.170654 0.000000 0.843572 0.000000 -0.537015 1.000000 1.000000 1.000000
326.424652 0.000000 3239.969482 0.000000 0.979216 0.000000 -0.202820 0.000000 0.000000 0.000000
343.293579 0.000000 3243.174072 0.000000 0.956317 0.000000 0.292331 1.000000 1.000000 1.000000
333.099609 0.000000 3239.385986 0.000000 0.970312 0.000000 -0.241857 0.000000 0.000000 0.000000
340.094940 0.000000 3235.010254 0.000000 0.947766 0.000000 0.318965 0.000000 0.000000 0.000000
350.952576 0.000000 3239.121582 0.000000 0.991698 0.000000 -0.128592 0.000000 0.000000 0.000000
348.947968 0.000000 3249.681152 0.000000 0.967463 0.000000 0.253013 1.000000 1.000000 1.000000
334.979889 0.000000 3244.449463 0.000000 0.936131 0.000000 -0.351650 1.000000 1.000000 1.000000
342.077606 0.000000 3236.783936 0.000000 0.951603 0.000000 -0.307329 1.000000 1.000000 1.000000
354.111420 0.000000 3251.224609 0.000000 0.990317 0.000000 0.138827 1.000000 1.000000 1.000000
339.362854 0.000000 3247.597168 0.000000 0.966133 0.000000 -0.258043 1.000000 1.000000 1.000000
7162.544434 0.000000 831.204346 0.000000 0.998497 0.000000 -0.054802 0.000000 0.000000 0.000000
7142.230957 0.000000 829.310303 0.000000 0.988631 0.000000 -0.150361 0.000000 0.000000 0.000000
7141.982422 0.000000 841.043030 0.000000 0.860763 0.000000 -0.509006 0.000000 0.000000 0.000000
7151.722656 0.000000 835.100891 0.000000 0.997629 0.000000 -0.068815 1.000000 1.000000 1.000000
7145.260742 0.000000 835.003418 0.000000 0.986213 0.000000 -0.165478 1.000000 1.000000 1.000000
7141.098633 0.000000 833.652222 0.000000 0.873849 0.000000 -0.486197 0.000000 0.000000 0.000000
7157.013672 0.000000 825.427612 0.000000 0.920132 0.000000 -0.391609 0.000000 0.000000 0.000000
7140.620605 0.000000 837.489746 0.000000 0.870600 0.000000 -0.491991 1.000000 1.000000 1.000000
7148.376953 0.000000 837.048950 0.000000 0.999316 0.000000 0.036977 1.000000 1.000000 1.000000
7155.402344 0.000000 844.748474 0.000000 0.962966 0.000000 0.269623 0.000000 0.000000 0.000000
7145.656250 0.000000 830.890991 0.000000 0.955410 0.000000 0.295282 1.000000 1.000000 1.000000
7155.634277 0.000000 833.509094 0.000000 0.946862 0.000000 -0.321640 1.000000 1.000000 1.000000
7152.580566 0.000000 821.221985 0.000000 0.934771 0.000000 -0.355252 0.000000 0.000000 0.000000
7143.299805 0.000000 837.160706 0.000000 0.941207 0.000000 0.337830 1.000000 1.000000 1.000000
7150.693848 0.000000 822.839905 0.000000 0.951770 0.000000 -0.306813 1.000000 1.000000 1.000000
7147.659668 0.000000 826.960876 0.000000 0.977035 0.000000 0.213078 0.000000 0.000000 0.000000
7381.705078 0.000000 648.195801 0.000000 0.999476 0.000000 0.032382 0.000000 0.000000 0.000000
7375.272949 0.000000 643.246704 0.000000 0.874097 0.000000 -0.485751 1.000000 1.000000 1.000000
7383.890625 0.000000 640.385803 0.000000 0.843925 0.000000 -0.536461 0.000000 0.000000 0.000000
7395.765137 0.000000 647.175354 0.000000 0.964658 0.000000 -0.263504 0.000000 0.000000 0.000000
7395.991211 0.000000 637.054626 0.000000 0.985517 0.000000 0.169576 0.000000 0.000000 0.000000
7378.817383 0.000000 651.772034 0.000000 0.972976 0.000000 0.230908 0.000000 0.000000 0.000000
7387.932617 0.000000 641.597778 0.000000 0.878284 0.000000 -0.478139 0.000000 0.000000 0.000000
7375.831543 0.000000 625.500000 0.000000 0.999971 0.000000 -0.007667 0.000000 0.000000 0.000000
7364.755371 0.000000 649.200806 0.000000 0.999830 0.000000 0.018440 0.000000 0.000000 0.000000
7392.618164 0.000000 624.693726 0.000000 0.935699 0.000000 -0.352799 0.000000 0.000000 0.000000
7388.431641 0.000000 628.835999 0.000000 0.974003 0.000000 0.226536 1.000000 1.000000 1.000000
7369.604492 0.000000 648.782532 0.000000 0.982740 0.000000 -0.184994 0.000000 0.000000 0.000000
7377.664551 0.000000 627.984131 0.000000 0.960791 0.000000 0.277272 0.000000 0.000000 0.000000
7376.939453 0.000000 637.256775 0.000000 0.954526 0.000000 -0.298127 0.000000 0.000000 0.000000
7385.283691 0.000000 642.945862 0.000000 0.983733 0.000000 -0.179637 1.000000 1.000000 1.000000
7381.235840 0.000000 641.189209 0.000000 0.999331 0.000000 -0.036580 0.000000 0.000000 0.000000
7380.832520 0.000000 633.907776 0.000000 0.942174 0.000000 -0.335124 0.000000 0.000000 0.000000
7382.782715 0.000000 628.631470 0.000000 0.983680 0.000000 0.179929 1.000000 1.000000 1.000000
7393.491699 0.000000 627.223389 0.000000 0.995104 0.000000 0.098831 0.000000 0.000000 0.000000
7368.173828 0.000000 643.594421 0.000000 0.829488 0.000000 -0.558525 1.000000 1.000000 1.000000
7378.128418 0.000000 642.089722 0.000000 0.999979 0.000000 0.006519 1.000000 1.000000 1.000000
7393.641602 0.000000 639.406738 0.000000 0.987397 0.000000 0.158265 1.000000 1.000000 1.000000
7322.979980 0.000000 776.129700 0.000000 0.953822 0.000000 0.300373 0.000000 0.000000 0.000000
7327.758301 0.000000 764.456482 0.000000 0.857796 0.000000 -0.513991 1.000000 1.000000 1.000000
7304.407715 0.000000 742.109253 0.000000 0.999915 0.000000 0.013065 0.000000 0.000000 0.000000
7318.478027 0.000000 769.190186 0.000000 0.847313 0.000000 -0.531094 0.000000 0.000000 0.000000
7319.890625 0.000000 753.354553 0.000000 0.994013 0.000000 -0.109261 0.000000 0.000000 0.000000
7326.530273 0.000000 757.756958 0.000000 0.996756 0.000000 0.080487 0.000000 0.000000 0.000000
7331.765137 0.000000 760.144104 0.000000 0.988871 0.000000 0.148773 0.000000 0.000000 0.000000
7346.584961 0.000000 762.191101 0.000000 0.860916 0.000000 -0.508748 0.000000 0.000000 0.000000
7308.552734 0.000000 760.490906 0.000000 0.980006 0.000000 0.198968 1.000000 1.000000 1.000000
7302.330566 0.000000 746.393677 0.000000 0.936019 0.000000 -0.351949 0.000000 0.000000 0.000000
7322.709961 0.000000 771.336792 0.000000 0.972186 0.000000 0.234211 1.000000 1.000000 1.000000
7322.364746 0.000000 759.858215 0.000000 0.994031 0.000000 -0.109096 0.000000 0.000000 0.000000
7313.260254 0.000000 760.754028 0.000000 0.988666 0.000000 0.150132 1.000000 1.000000 1.000000
7333.098633 0.000000 777.167847 0.000000 0.908589 0.000000 -0.417692 0.000000 0.000000 0.000000
7341.311035 0.000000 768.646790 0.000000 0.902405 0.000000 -0.430890 0.000000 0.000000 0.000000
7299.837402 0.000000 757.858948 0.000000 0.906715 0.000000 -0.421744 0.000000 0.000000 0.000000
7319.293457 0.000000 757.861633 0.000000 0.981402 0.000000 -0.191966 0.000000 0.000000 0.000000
7325.530273 0.000000 761.589233 0.000000 0.995417 0.000000 0.095630 1.000000 1.000000 1.000000
7321.681152 0.000000 768.074341 0.000000 0.867429 0.000000 -0.497561 0.000000 0.000000 0.000000
7331.666992 0.000000 770.783081 0.000000 0.926770 0.000000 -0.375629 0.000000 0.000000 0.000000
7344.580566 0.000000 764.737610 0.000000 0.907700 0.000000 -0.419619 0.000000 0.000000 0.000000
7328.449219 0.000000 760.292175 0.000000 0.854592 0.000000 -0.519300 0.000000 0.000000 0.000000
7343.537109 0.000000 761.425354 0.000000 0.986797 0.000000 0.161965 0.000000 0.000000 0.000000
7305.604492 0.000000 761.751282 0.000000 0.968291 0.000000 -0.249823 0.000000 0.000000 0.000000
7309.099609 0.000000 754.073486 0.000000 0.917343 0.000000 -0.398098 0.000000 0.000000 0.000000
7316.094727 0.000000 749.697754 0.000000 0.998853 0.000000 0.047879 0.000000 0.000000 0.000000
7324.947754 0.000000 764.368713 0.000000 0.982459 0.000000 -0.186480 0.000000 0.000000 0.000000
7312.186523 0.000000 753.448120 0.000000 0.970786 0.000000 0.239947 1.000000 1.000000 1.000000
7310.979980 0.000000 759.137024 0.000000 0.947575 0.000000 0.319533 1.000000 1.000000 1.000000
7307.616211 0.000000 763.638000 0.000000 0.883359 0.000000 -0.468697 1.000000 1.000000 1.000000
7304.614258 0.000000 747.825745 0.000000 0.996206 0.000000 0.087021 1.000000 1.000000 1.000000
7303.408691 0.000000 752.134399 0.000000 0.978763 0.000000 -0.204993 1.000000 1.000000 1.000000
7340.051758 0.000000 766.391174 0.000000 0.999929 0.000000 0.011873 0.000000 0.000000 0.000000
7309.872070 0.000000 762.699341 0.000000 0.999991 0.000000 -0.004215 1.000000 1.000000 1.000000
7177.063965 0.000000 821.243225 0.000000 0.999163 0.000000 -0.040916 0.000000 0.000000 0.000000
7171.505371 0.000000 834.207397 0.000000 0.979929 0.000000 0.199349 1.000000 1.000000 1.000000
7172.763672 0.000000 826.973450 0.000000 0.992589 0.000000 -0.121517 0.000000 0.000000 0.000000
7168.163086 0.000000 825.527771 0.000000 0.889234 0.000000 -0.457452 1.000000 1.000000 1.000000
7168.894531 0.000000 821.081360 0.000000 0.986736 0.000000 -0.162333 0.000000 0.000000 0.000000
7170.822754 0.000000 824.749390 0.000000 0.984040 0.000000 -0.177945 1.000000 1.000000 1.000000
7169.118652 0.000000 835.511353 0.000000 0.957643 0.000000 -0.287957 1.000000 1.000000 1.000000
7418.544434 0.000000 887.688721 0.000000 0.972434 0.000000 0.233179 0.000000 0.000000 0.000000
7407.722656 0.000000 891.585266 0.000000 0.978639 0.000000 0.205586 0.000000 0.000000 0.000000
7411.456055 0.000000 897.553894 0.000000 0.999968 0.000000 -0.007993 0.000000 0.000000 0.000000
7421.248047 0.000000 893.267700 0.000000 0.978453 0.000000 0.206468 1.000000 1.000000 1.000000
7416.315430 0.000000 884.274597 0.000000 0.999304 0.000000 0.037293 0.000000 0.000000 0.000000
7417.910645 0.000000 895.216675 0.000000 0.964845 0.000000 -0.262821 1.000000 1.000000 1.000000
7405.386719 0.000000 901.972656 0.000000 0.970463 0.000000 0.241250 0.000000 0.000000 0.000000
7428.458496 0.000000 901.731567 0.000000 0.999379 0.000000 0.035237 0.000000 0.000000 0.000000
7445.208496 0.000000 887.144836 0.000000 0.937074 0.000000 -0.349131 0.000000 0.000000 0.000000
7440.971680 0.000000 896.442627 0.000000 0.850447 0.000000 -0.526060 0.000000 0.000000 0.000000
7426.552734 0.000000 903.341858 0.000000 0.982081 0.000000 0.188460 0.000000 0.000000 0.000000
8048.023926 0.000000 504.410034 0.000000 0.903202 0.000000 -0.429216 0.000000 0.000000 0.000000
8057.910645 0.000000 499.826050 0.000000 0.994618 0.000000 -0.103614 0.000000 0.000000 0.000000
8061.507812 0.000000 501.651794 0.000000 0.993050 0.000000 -0.117695 0.000000 0.000000 0.000000
8059.981445 0.000000 507.094238 0.000000 0.978619 0.000000 0.205679 0.000000 0.000000 0.000000
8058.305176 0.000000 495.856445 0.000000 0.877465 0.000000 -0.479640 0.000000 0.000000 0.000000
8050.318359 0.000000 508.565277 0.000000 0.989093 0.000000 0.147290 0.000000 0.000000 0.000000
8052.003906 0.000000 511.686951 0.000000 0.856699 0.000000 -0.515817 0.000000 0.000000 0.000000
8065.884766 0.000000 502.927551 0.000000 0.993039 0.000000 -0.117782 0.000000 0.000000 0.000000
8122.385254 0.000000 567.435791 0.000000 0.999977 0.000000 -0.006775 1.000000 1.000000 1.000000
8128.098633 0.000000 571.792725 0.000000 0.999399 0.000000 -0.034662 0.000000 0.000000 0.000000
8129.451660 0.000000 574.236206 0.000000 0.950319 0.000000 0.311278 0.000000 0.000000 0.000000
6842.368164 0.000000 955.675964 0.000000 0.966918 0.000000 0.255087 0.000000 0.000000 0.000000
6829.386719 0.000000 958.457031 0.000000 0.980850 0.000000 0.194765 1.000000 1.000000 1.000000
6827.601562 0.000000 956.650085 0.000000 0.981404 0.000000 -0.191954 0.000000 0.000000 0.000000
6814.530273 0.000000 983.694458 0.000000 0.998523 0.000000 -0.054333 0.000000 0.000000 0.000000
6818.900879 0.000000 960.299072 0.000000 0.825014 0.000000 -0.565113 0.000000 0.000000 0.000000
6806.937012 0.000000 974.661743 0.000000 0.998597 0.000000 0.052956 0.000000 0.000000 0.000000
6834.318359 0.000000 960.440247 0.000000 0.989290 0.000000 0.145964 0.000000 0.000000 0.000000
6836.003906 0.000000 963.561951 0.000000 0.998006 0.000000 0.063119 1.000000 1.000000 1.000000
6814.608887 0.000000 965.774048 0.000000 0.946195 0.000000 -0.323597 0.000000 0.000000 0.000000
6811.635742 0.000000 983.284729 0.000000 0.970497 0.000000 0.241112 0.000000 0.000000 0.000000
6805.235840 0.000000 980.095459 0.000000 0.960962 0.000000 0.276681 0.000000 0.000000 0.000000
6849.451172 0.000000 972.410034 0.000000 0.997266 0.000000 0.073901 0.000000 0.000000 0.000000
7142.230957 0.000000 1055.247803 0.000000 0.971182 0.000000 -0.238339 0.000000 0.000000 0.000000
7145.563477 0.000000 1043.209717 0.000000 0.837482 0.000000 -0.546465 0.000000 0.000000 0.000000
7162.368164 0.000000 1068.644653 0.000000 0.991878 0.000000 0.127195 0.000000 0.000000 0.000000
7152.541992 0.000000 1039.303955 0.000000 0.951034 0.000000 0.309087 0.000000 0.000000 0.000000
7145.260742 0.000000 1060.940918 0.000000 0.947979 0.000000 0.318332 1.000000 1.000000 1.000000
7165.248047 0.000000 1062.720825 0.000000 0.995703 0.000000 -0.092606 0.000000 0.000000 0.000000
7130.074219 0.000000 1047.235229 0.000000 0.987793 0.000000 0.155772 0.000000 0.000000 0.000000
7165.658691 0.000000 1052.034546 0.000000 0.968961 0.000000 -0.247212 1.000000 1.000000 1.000000
7162.511719 0.000000 1037.228760 0.000000 0.947809 0.000000 0.318837 0.000000 0.000000 0.000000
7154.842773 0.000000 1034.588745 0.000000 0.975527 0.000000 0.219879 0.000000 0.000000 0.000000
7140.276367 0.000000 1049.965454 0.000000 0.988793 0.000000 -0.149291 0.000000 0.000000 0.000000
7165.212891 0.000000 1042.110474 0.000000 0.935544 0.000000 0.353211 1.000000 1.000000 1.000000
7157.994141 0.000000 1038.004883 0.000000 0.997469 0.000000 -0.071102 0.000000 0.000000 0.000000
7141.098633 0.000000 1059.589722 0.000000 0.999980 0.000000 0.006345 1.000000 1.000000 1.000000
7135.334473 0.000000 1057.704224 0.000000 0.951819 0.000000 0.306661 1.000000 1.000000 1.000000
7160.315430 0.000000 1053.727783 0.000000 0.997988 0.000000 0.063401 1.000000 1.000000 1.000000
7149.375000 0.000000 1041.640381 0.000000 0.943127 0.000000 0.332432 0.000000 0.000000 0.000000
7142.889160 0.000000 1040.158325 0.000000 0.984854 0.000000 -0.173388 0.000000 0.000000 0.000000
7145.322754 0.000000 1064.994385 0.000000 0.978910 0.000000 -0.204291 0.000000 0.000000 0.000000
7161.910645 0.000000 1064.669800 0.000000 0.892839 0.000000 -0.450376 0.000000 0.000000 0.000000
7148.412598 0.000000 1058.992432 0.000000 0.985379 0.000000 -0.170375 1.000000 1.000000 1.000000
7133.530273 0.000000 1044.011108 0.000000 0.978397 0.000000 0.206733 0.000000 0.000000 0.000000
7145.204590 0.000000 1053.280151 0.000000 0.943816 0.000000 0.330472 1.000000 1.000000 1.000000
7155.402344 0.000000 1070.686035 0.000000 0.914991 0.000000 -0.403475 0.000000 0.000000 0.000000
7128.572266 0.000000 1056.183105 0.000000 0.965526 0.000000 -0.260306 0.000000 0.000000 0.000000
7151.537109 0.000000 1043.847168 0.000000 0.987349 0.000000 -0.158560 0.000000 0.000000 0.000000
7165.032715 0.000000 1038.906860 0.000000 0.935854 0.000000 0.352387 0.000000 0.000000 0.000000
7142.469727 0.000000 1043.312744 0.000000 0.999474 0.000000 0.032416 1.000000 1.000000 1.000000
7165.738281 0.000000 1044.967896 0.000000 0.966070 0.000000 -0.258281 1.000000 1.000000 1.000000
7142.646484 0.000000 1048.875977 0.000000 0.961664 0.000000 0.274230 0.000000 0.000000 0.000000
7405.516602 0.000000 918.483276 0.000000 0.967724 0.000000 -0.252014 0.000000 0.000000 0.000000
7415.638184 0.000000 919.493469 0.000000 0.938944 0.000000 0.344070 0.000000 0.000000 0.000000
7409.519043 0.000000 910.079651 0.000000 0.968379 0.000000 0.249484 0.000000 0.000000 0.000000
7410.842773 0.000000 921.619934 0.000000 0.995329 0.000000 0.096536 0.000000 0.000000 0.000000
7415.531250 0.000000 914.353699 0.000000 0.999507 0.000000 -0.031382 0.000000 0.000000 0.000000
7414.173828 0.000000 909.934265 0.000000 0.977168 0.000000 -0.212467 1.000000 1.000000 1.000000
7410.318359 0.000000 903.955872 0.000000 0.957128 0.000000 -0.289666 1.000000 1.000000 1.000000
7422.270020 0.000000 908.181396 0.000000 0.987508 0.000000 -0.157571 1.000000 1.000000 1.000000
7418.385254 0.000000 906.342041 0.000000 0.996304 0.000000 0.085894 1.000000 1.000000 1.000000
7412.003906 0.000000 907.077576 0.000000 0.990978 0.000000 0.134022 1.000000 1.000000 1.000000
7408.918945 0.000000 918.736145 0.000000 0.999503 0.000000 -0.031539 0.000000 0.000000 0.000000
7404.194824 0.000000 915.827393 0.000000 0.833323 0.000000 -0.552787 0.000000 0.000000 0.000000
7413.566895 0.000000 916.212219 0.000000 0.827543 0.000000 -0.561402 0.000000 0.000000 0.000000
7416.473633 0.000000 911.880737 0.000000 0.950282 0.000000 -0.311390 1.000000 1.000000 1.000000
7421.251953 0.000000 910.564514 0.000000 0.903839 0.000000 -0.427872 1.000000 1.000000 1.000000
7177.203613 0.000000 1052.419556 0.000000 0.946344 0.000000 -0.323162 0.000000 0.000000 0.000000
7168.163086 0.000000 1051.465332 0.000000 0.944420 0.000000 -0.328741 0.000000 0.000000 0.000000
7168.009766 0.000000 1058.911255 0.000000 0.936075 0.000000 -0.351802 0.000000 0.000000 0.000000
7175.213379 0.000000 1054.918823 0.000000 0.932682 0.000000 -0.360701 0.000000 0.000000 0.000000
7424.098633 0.000000 910.698975 0.000000 0.972902 0.000000 0.231218 1.000000 1.000000 1.000000
7431.914551 0.000000 905.586914 0.000000 0.943389 0.000000 -0.331687 0.000000 0.000000 0.000000
7435.929688 0.000000 915.755859 0.000000 0.996919 0.000000 -0.078437 0.000000 0.000000 0.000000
7430.330566 0.000000 915.846802 0.000000 0.994250 0.000000 -0.107085 0.000000 0.000000 0.000000
7424.514160 0.000000 919.830872 0.000000 0.960643 0.000000 -0.277787 0.000000 0.000000 0.000000
7429.464844 0.000000 908.531921 0.000000 0.942767 0.000000 0.333452 1.000000 1.000000 1.000000
7432.667480 0.000000 908.529236 0.000000 0.847840 0.000000 -0.530252 0.000000 0.000000 0.000000
7427.820801 0.000000 917.555359 0.000000 0.996369 0.000000 -0.085139 0.000000 0.000000 0.000000
7424.090332 0.000000 907.045593 0.000000 0.865488 0.000000 -0.500930 1.000000 1.000000 1.000000
7202.932617 0.000000 3104.233154 0.000000 0.978290 0.000000 -0.207241 0.000000 0.000000 0.000000
7198.953613 0.000000 3106.408691 0.000000 0.953561 0.000000 -0.301201 1.000000 1.000000 1.000000
7206.346680 0.000000 3104.413818 0.000000 0.975200 0.000000 0.221325 0.000000 0.000000 0.000000
7209.064941 0.000000 3101.861816 0.000000 0.958072 0.000000 0.286528 0.000000 0.000000 0.000000
7189.705078 0.000000 3133.508301 0.000000 0.997414 0.000000 0.071865 0.000000 0.000000 0.000000
7180.978516 0.000000 3107.376709 0.000000 0.959126 0.000000 -0.282979 0.000000 0.000000 0.000000
7194.122559 0.000000 3117.448975 0.000000 0.956675 0.000000 -0.291159 0.000000 0.000000 0.000000
7206.893555 0.000000 3126.087891 0.000000 0.999961 0.000000 -0.008865 1.000000 1.000000 1.000000
7212.062988 0.000000 3115.629639 0.000000 0.933016 0.000000 -0.359834 1.000000 1.000000 1.000000
7203.765137 0.000000 3132.487793 0.000000 0.927654 0.000000 -0.373441 0.000000 0.000000 0.000000
7186.283691 0.000000 3107.773438 0.000000 0.996649 0.000000 -0.081792 0.000000 0.000000 0.000000
7208.763184 0.000000 3121.762695 0.000000 0.931890 0.000000 -0.362741 0.000000 0.000000 0.000000
7203.991211 0.000000 3122.367188 0.000000 0.850577 0.000000 -0.525850 1.000000 1.000000 1.000000
7193.237793 0.000000 3112.799561 0.000000 0.941137 0.000000 0.338026 1.000000 1.000000 1.000000
7221.994141 0.000000 3127.926758 0.000000 0.944443 0.000000 0.328674 0.000000 0.000000 0.000000
7200.426758 0.000000 3119.078369 0.000000 0.934439 0.000000 -0.356124 0.000000 0.000000 0.000000
7215.663086 0.000000 3116.652588 0.000000 0.977284 0.000000 -0.211934 0.000000 0.000000 0.000000
7208.974609 0.000000 3118.162109 0.000000 0.963544 0.000000 0.267549 0.000000 0.000000 0.000000
7202.857422 0.000000 3135.769531 0.000000 0.994416 0.000000 -0.105527 0.000000 0.000000 0.000000
7210.835938 0.000000 3112.646973 0.000000 0.985181 0.000000 -0.171517 1.000000 1.000000 1.000000
7185.664551 0.000000 3113.296631 0.000000 0.940863 0.000000 -0.338788 0.000000 0.000000 0.000000
7201.448730 0.000000 3129.937500 0.000000 0.995467 0.000000 -0.095107 1.000000 1.000000 1.000000
7188.994629 0.000000 3109.193359 0.000000 0.982343 0.000000 -0.187087 1.000000 1.000000 1.000000
7206.337891 0.000000 3120.376709 0.000000 0.883177 0.000000 -0.469039 1.000000 1.000000 1.000000
7203.200195 0.000000 3119.437500 0.000000 0.955713 0.000000 -0.294302 0.000000 0.000000 0.000000
7195.635742 0.000000 3129.690918 0.000000 0.967516 0.000000 -0.252810 1.000000 1.000000 1.000000
7204.575195 0.000000 3109.029541 0.000000 0.976340 0.000000 -0.216240 1.000000 1.000000 1.000000
7212.352051 0.000000 3123.901611 0.000000 0.997051 0.000000 0.076746 1.000000 1.000000 1.000000
7190.782715 0.000000 3113.944092 0.000000 0.951351 0.000000 -0.308110 1.000000 1.000000 1.000000
7206.385742 0.000000 3123.485596 0.000000 0.957445 0.000000 0.288617 1.000000 1.000000 1.000000
7211.690430 0.000000 3110.204590 0.000000 0.975320 0.000000 0.220798 0.000000 0.000000 0.000000
7205.463867 0.000000 3114.246094 0.000000 0.920504 0.000000 -0.390733 0.000000 0.000000 0.000000
7209.128906 0.000000 3127.506348 0.000000 0.965616 0.000000 -0.259974 0.000000 0.000000 0.000000
7186.128418 0.000000 3127.402344 0.000000 0.843511 0.000000 -0.537112 0.000000 0.000000 0.000000
7700.968750 0.000000 2876.343750 0.000000 0.998064 0.000000 -0.062203 0.000000 0.000000 0.000000
7708.793945 0.000000 2883.544922 0.000000 0.999475 0.000000 -0.032391 1.000000 1.000000 1.000000
7698.127930 0.000000 2893.979248 0.000000 0.873633 0.000000 -0.486585 0.000000 0.000000 0.000000
7700.569336 0.000000 2886.089600 0.000000 0.985178 0.000000 -0.171535 1.000000 1.000000 1.000000
7695.272949 0.000000 2902.621582 0.000000 0.917051 0.000000 -0.398771 0.000000 0.000000 0.000000
7703.890625 0.000000 2899.760742 0.000000 0.949334 0.000000 -0.314268 1.000000 1.000000 1.000000
7710.530273 0.000000 2904.163086 0.000000 0.948742 0.000000 0.316051 0.000000 0.000000 0.000000
7694.873047 0.000000 2888.750244 0.000000 0.995805 0.000000 -0.091503 0.000000 0.000000 0.000000
7698.283691 0.000000 2881.835938 0.000000 0.932160 0.000000 -0.362047 0.000000 0.000000 0.000000
7706.364746 0.000000 2906.264404 0.000000 0.937309 0.000000 -0.348500 0.000000 0.000000 0.000000
7705.237793 0.000000 2886.862061 0.000000 0.905526 0.000000 -0.424291 0.000000 0.000000 0.000000
7699.771973 0.000000 2903.328613 0.000000 0.915080 0.000000 -0.403273 0.000000 0.000000 0.000000
7707.131348 0.000000 2896.824219 0.000000 0.955348 0.000000 0.295483 1.000000 1.000000 1.000000
7695.831543 0.000000 2884.875000 0.000000 0.996916 0.000000 -0.078472 0.000000 0.000000 0.000000
7709.530273 0.000000 2907.995605 0.000000 0.995791 0.000000 -0.091648 0.000000 0.000000 0.000000
7709.020508 0.000000 2893.533447 0.000000 0.940164 0.000000 0.340724 0.000000 0.000000 0.000000
7715.104004 0.000000 2889.245117 0.000000 0.996265 0.000000 -0.086350 0.000000 0.000000 0.000000
7718.337891 0.000000 2894.439209 0.000000 0.999830 0.000000 -0.018450 0.000000 0.000000 0.000000
7705.706543 0.000000 2894.342529 0.000000 0.876631 0.000000 -0.481163 1.000000 1.000000 1.000000
7705.283691 0.000000 2902.320801 0.000000 0.999752 0.000000 -0.022274 1.000000 1.000000 1.000000
7713.412109 0.000000 2895.660156 0.000000 0.853981 0.000000 -0.520303 1.000000 1.000000 1.000000
7698.128418 0.000000 2901.464844 0.000000 0.993634 0.000000 0.112653 1.000000 1.000000 1.000000
7973.982422 0.000000 3100.417969 0.000000 0.963806 0.000000 -0.266604 0.000000 0.000000 0.000000
7987.634277 0.000000 3092.884033 0.000000 0.974161 0.000000 0.225853 0.000000 0.000000 0.000000
7994.305176 0.000000 3094.137695 0.000000 0.900444 0.000000 -0.434971 0.000000 0.000000 0.000000
8004.458496 0.000000 3104.622314 0.000000 0.915988 0.000000 -0.401206 0.000000 0.000000 0.000000
7994.807129 0.000000 3113.295166 0.000000 0.938607 0.000000 0.344989 0.000000 0.000000 0.000000
7973.432617 0.000000 3117.667725 0.000000 0.999797 0.000000 0.020157 1.000000 1.000000 1.000000
7981.943359 0.000000 3108.995605 0.000000 0.961338 0.000000 -0.275372 0.000000 0.000000 0.000000
7997.212891 0.000000 3132.032471 0.000000 0.868223 0.000000 -0.496174 0.000000 0.000000 0.000000
7972.045898 0.000000 3111.915527 0.000000 0.990680 0.000000 0.136214 1.000000 1.000000 1.000000
7976.763184 0.000000 3121.762695 0.000000 1.000000 0.000000 0.000579 1.000000 1.000000 1.000000
7986.318359 0.000000 3106.846436 0.000000 0.983783 0.000000 -0.179362 0.000000 0.000000 0.000000
7997.524414 0.000000 3123.710449 0.000000 0.978117 0.000000 0.208054 0.000000 0.000000 0.000000
7963.131348 0.000000 3122.761719 0.000000 0.911428 0.000000 -0.411459 0.000000 0.000000 0.000000
7998.270020 0.000000 3111.072021 0.000000 0.957781 0.000000 0.287498 0.000000 0.000000 0.000000
7998.624512 0.000000 3115.460693 0.000000 0.893865 0.000000 -0.448335 0.000000 0.000000 0.000000
7968.618164 0.000000 3110.006348 0.000000 0.999257 0.000000 -0.038530 1.000000 1.000000 1.000000
7983.663086 0.000000 3116.652588 0.000000 0.956391 0.000000 -0.292088 1.000000 1.000000 1.000000
7954.190430 0.000000 3116.162842 0.000000 0.996645 0.000000 -0.081850 0.000000 0.000000 0.000000
7978.288574 0.000000 3129.788330 0.000000 0.962880 0.000000 0.269928 0.000000 0.000000 0.000000
7977.676758 0.000000 3124.707520 0.000000 0.968343 0.000000 -0.249625 1.000000 1.000000 1.000000
7994.462402 0.000000 3123.710693 0.000000 0.835582 0.000000 -0.549366 0.000000 0.000000 0.000000
7980.194824 0.000000 3118.718018 0.000000 0.935652 0.000000 -0.352925 1.000000 1.000000 1.000000
7984.746582 0.000000 3109.878174 0.000000 0.999217 0.000000 0.039564 0.000000 0.000000 0.000000
7966.961914 0.000000 3107.602051 0.000000 0.919980 0.000000 -0.391966 0.000000 0.000000 0.000000
7956.094727 0.000000 3122.041504 0.000000 0.979396 0.000000 0.201949 0.000000 0.000000 0.000000
7966.608887 0.000000 3112.180176 0.000000 0.995941 0.000000 0.090007 0.000000 0.000000 0.000000
7956.832520 0.000000 3119.220215 0.000000 0.963893 0.000000 0.266289 1.000000 1.000000 1.000000
7983.447754 0.000000 3119.326416 0.000000 0.999899 0.000000 0.014198 1.000000 1.000000 1.000000
7959.408203 0.000000 3118.478760 0.000000 0.985381 0.000000 0.170366 1.000000 1.000000 1.000000
7981.942871 0.000000 3128.581543 0.000000 0.969235 0.000000 0.246137 0.000000 0.000000 0.000000
7973.463867 0.000000 3114.246094 0.000000 0.997660 0.000000 -0.068372 1.000000 1.000000 1.000000
8000.514160 0.000000 3122.721436 0.000000 0.986276 0.000000 -0.165107 0.000000 0.000000 0.000000
"}
object={
	name="european_dynamic_mining_objects_generator_1_2"
	clamp_to_water_level=no
	render_under_water=no
	generated_content=yes
	layer="mines_dynamic"
	pdxmesh="generic_rural_mining_pile_01_mesh"
	count=64
	transform="314.462250 0.000000 3236.679443 0.000000 0.779303 0.000000 -0.626648 0.000000 0.000000 0.000000
335.273132 0.000000 3241.527832 0.000000 0.813824 0.000000 -0.581111 0.000000 0.000000 0.000000
350.530090 0.000000 3243.069336 0.000000 0.701236 0.000000 -0.712929 1.000000 1.000000 1.000000
323.837219 0.000000 3243.171387 0.000000 0.818004 0.000000 -0.575213 0.000000 0.000000 0.000000
7137.210449 0.000000 835.654602 0.000000 0.814855 0.000000 -0.579665 0.000000 0.000000 0.000000
7149.434082 0.000000 820.510498 0.000000 0.690327 0.000000 -0.723498 0.000000 0.000000 0.000000
7149.311035 0.000000 825.131165 0.000000 0.707457 0.000000 -0.706756 1.000000 1.000000 1.000000
7151.868652 0.000000 839.192200 0.000000 0.712519 0.000000 -0.701653 0.000000 0.000000 0.000000
7161.910645 0.000000 838.732300 0.000000 0.672824 0.000000 -0.739803 1.000000 1.000000 1.000000
7159.060547 0.000000 832.380981 0.000000 0.686701 0.000000 -0.726940 0.000000 0.000000 0.000000
7164.832520 0.000000 823.103027 0.000000 0.679545 0.000000 -0.733634 0.000000 0.000000 0.000000
7378.579102 0.000000 620.032654 0.000000 0.744284 0.000000 -0.667864 0.000000 0.000000 0.000000
7391.758301 0.000000 651.487732 0.000000 0.671721 0.000000 -0.740804 0.000000 0.000000 0.000000
7369.063965 0.000000 651.790100 0.000000 0.757818 0.000000 -0.652466 0.000000 0.000000 0.000000
7363.837402 0.000000 644.890198 0.000000 0.800461 0.000000 -0.599385 0.000000 0.000000 0.000000
7371.486816 0.000000 629.887756 0.000000 0.706129 0.000000 -0.708083 0.000000 0.000000 0.000000
7369.084961 0.000000 632.145996 0.000000 0.782820 0.000000 -0.622249 1.000000 1.000000 1.000000
7371.616211 0.000000 650.669250 0.000000 0.789065 0.000000 -0.614309 0.000000 0.000000 0.000000
7368.614258 0.000000 634.856995 0.000000 0.747573 0.000000 -0.664179 1.000000 1.000000 1.000000
7370.329590 0.000000 646.032715 0.000000 0.692534 0.000000 -0.721386 1.000000 1.000000 1.000000
7377.436523 0.000000 645.197144 0.000000 0.749040 0.000000 -0.662524 1.000000 1.000000 1.000000
7379.640625 0.000000 646.639893 0.000000 0.740595 0.000000 -0.671952 1.000000 1.000000 1.000000
7334.230957 0.000000 772.825928 0.000000 0.680722 0.000000 -0.732542 0.000000 0.000000 0.000000
7298.500488 0.000000 754.040955 0.000000 0.745125 0.000000 -0.666925 0.000000 0.000000 0.000000
7305.063965 0.000000 764.758850 0.000000 0.794760 0.000000 -0.606924 0.000000 0.000000 0.000000
7334.535645 0.000000 763.804993 0.000000 0.777527 0.000000 -0.628849 0.000000 0.000000 0.000000
7323.932617 0.000000 754.566528 0.000000 0.725455 0.000000 -0.688270 0.000000 0.000000 0.000000
7337.204590 0.000000 770.858215 0.000000 0.693764 0.000000 -0.720202 0.000000 0.000000 0.000000
7337.656250 0.000000 774.406616 0.000000 0.781568 0.000000 -0.623819 0.000000 0.000000 0.000000
7329.448730 0.000000 757.593689 0.000000 0.809083 0.000000 -0.587694 0.000000 0.000000 0.000000
7334.469727 0.000000 760.890930 0.000000 0.673873 0.000000 -0.738848 0.000000 0.000000 0.000000
7314.128418 0.000000 755.058472 0.000000 0.789329 0.000000 -0.613970 0.000000 0.000000 0.000000
7179.959473 0.000000 839.272095 0.000000 0.776093 0.000000 -0.630619 0.000000 0.000000 0.000000
8055.107910 0.000000 497.076294 0.000000 0.792430 0.000000 -0.609963 0.000000 0.000000 0.000000
8057.384766 0.000000 508.126740 0.000000 0.804806 0.000000 -0.593537 0.000000 0.000000 0.000000
8052.014648 0.000000 517.202698 0.000000 0.761513 0.000000 -0.648150 0.000000 0.000000 0.000000
6831.868652 0.000000 952.160950 0.000000 0.718373 0.000000 -0.695659 0.000000 0.000000 0.000000
6842.807129 0.000000 966.888916 0.000000 0.799583 0.000000 -0.600556 0.000000 0.000000 0.000000
6807.890625 0.000000 979.292053 0.000000 0.801007 0.000000 -0.598655 0.000000 0.000000 0.000000
7151.722656 0.000000 1061.038452 0.000000 0.778006 0.000000 -0.628257 1.000000 1.000000 1.000000
7126.478027 0.000000 1051.612061 0.000000 0.773868 0.000000 -0.633347 0.000000 0.000000 0.000000
7149.434082 0.000000 1046.447998 0.000000 0.771034 0.000000 -0.636794 0.000000 0.000000 0.000000
7151.868652 0.000000 1065.129761 0.000000 0.795548 0.000000 -0.605891 1.000000 1.000000 1.000000
7133.392090 0.000000 1061.392212 0.000000 0.749665 0.000000 -0.661817 0.000000 0.000000 0.000000
7145.656250 0.000000 1056.828491 0.000000 0.674304 0.000000 -0.738454 1.000000 1.000000 1.000000
7157.860840 0.000000 1064.785156 0.000000 0.755281 0.000000 -0.655401 1.000000 1.000000 1.000000
7145.676758 0.000000 1034.785767 0.000000 0.763603 0.000000 -0.645686 0.000000 0.000000 0.000000
7133.422852 0.000000 1055.270630 0.000000 0.668641 0.000000 -0.743585 0.000000 0.000000 0.000000
7408.746582 0.000000 906.987671 0.000000 0.697056 0.000000 -0.717016 1.000000 1.000000 1.000000
7179.941895 0.000000 1058.522827 0.000000 0.771868 0.000000 -0.635783 0.000000 0.000000 0.000000
7170.822754 0.000000 1050.686890 0.000000 0.793396 0.000000 -0.608706 0.000000 0.000000 0.000000
7212.083496 0.000000 3126.701660 0.000000 0.794355 0.000000 -0.607454 0.000000 0.000000 0.000000
7195.932617 0.000000 3126.910156 0.000000 0.684806 0.000000 -0.728725 1.000000 1.000000 1.000000
7200.449219 0.000000 3132.635986 0.000000 0.682692 0.000000 -0.730706 1.000000 1.000000 1.000000
7189.235840 0.000000 3126.501709 0.000000 0.732059 0.000000 -0.681241 1.000000 1.000000 1.000000
7187.894531 0.000000 3114.412354 0.000000 0.716165 0.000000 -0.697931 0.000000 0.000000 0.000000
7705.505859 0.000000 2877.990479 0.000000 0.768663 0.000000 -0.639654 0.000000 0.000000 0.000000
7711.453613 0.000000 2897.433350 0.000000 0.685597 0.000000 -0.727982 1.000000 1.000000 1.000000
7701.668945 0.000000 2890.491943 0.000000 0.716269 0.000000 -0.697824 1.000000 1.000000 1.000000
7707.932617 0.000000 2900.972656 0.000000 0.812768 0.000000 -0.582588 1.000000 1.000000 1.000000
7969.947754 0.000000 3099.629883 0.000000 0.743127 0.000000 -0.669151 0.000000 0.000000 0.000000
7997.032715 0.000000 3128.828613 0.000000 0.710789 0.000000 -0.703405 0.000000 0.000000 0.000000
8002.396484 0.000000 3108.502686 0.000000 0.791171 0.000000 -0.611596 0.000000 0.000000 0.000000
8001.017578 0.000000 3133.333740 0.000000 0.774395 0.000000 -0.632703 0.000000 0.000000 0.000000
"}
object={
	name="european_dynamic_mining_objects_generator_1_3"
	clamp_to_water_level=no
	render_under_water=no
	generated_content=yes
	layer="mines_dynamic"
	pdxmesh="generic_rural_mining_pile_02_mesh"
	count=65
	transform="351.453522 0.000000 3236.339600 0.000000 0.508526 0.000000 -0.861047 0.000000 0.000000 0.000000
339.771851 0.000000 3242.234863 0.000000 0.547667 0.000000 -0.836697 0.000000 0.000000 0.000000
347.131500 0.000000 3235.730469 0.000000 0.598439 0.000000 -0.801168 0.000000 0.000000 0.000000
349.530334 0.000000 3246.901855 0.000000 0.561349 0.000000 -0.827579 1.000000 1.000000 1.000000
332.526733 0.000000 3242.655273 0.000000 0.595714 0.000000 -0.803197 1.000000 1.000000 1.000000
347.190735 0.000000 3247.918701 0.000000 0.465403 0.000000 -0.885099 1.000000 1.000000 1.000000
7159.107910 0.000000 835.982544 0.000000 0.577364 0.000000 -0.816487 1.000000 1.000000 1.000000
7158.381836 0.000000 820.108887 0.000000 0.523112 0.000000 -0.852264 0.000000 0.000000 0.000000
7155.213867 0.000000 837.038452 0.000000 0.524190 0.000000 -0.851601 1.000000 1.000000 1.000000
7152.023926 0.000000 843.316284 0.000000 0.634917 0.000000 -0.772581 1.000000 1.000000 1.000000
7133.392090 0.000000 835.454712 0.000000 0.540171 0.000000 -0.841556 0.000000 0.000000 0.000000
7151.917480 0.000000 827.563293 0.000000 0.471553 0.000000 -0.881838 0.000000 0.000000 0.000000
7386.074219 0.000000 651.844543 0.000000 0.575557 0.000000 -0.817762 0.000000 0.000000 0.000000
7370.351562 0.000000 642.207092 0.000000 0.654518 0.000000 -0.756046 1.000000 1.000000 1.000000
7366.424805 0.000000 641.688293 0.000000 0.499812 0.000000 -0.866134 1.000000 1.000000 1.000000
7390.608887 0.000000 626.867798 0.000000 0.551237 0.000000 -0.834349 1.000000 1.000000 1.000000
7395.200195 0.000000 634.125122 0.000000 0.612422 0.000000 -0.790531 0.000000 0.000000 0.000000
7379.894531 0.000000 629.099915 0.000000 0.599394 0.000000 -0.800454 1.000000 1.000000 1.000000
7303.671387 0.000000 759.153442 0.000000 0.591396 0.000000 -0.806381 0.000000 0.000000 0.000000
7334.889160 0.000000 757.736511 0.000000 0.627177 0.000000 -0.778876 0.000000 0.000000 0.000000
7302.424805 0.000000 754.657043 0.000000 0.622482 0.000000 -0.782634 1.000000 1.000000 1.000000
7317.235840 0.000000 754.157959 0.000000 0.586882 0.000000 -0.809672 0.000000 0.000000 0.000000
7330.111328 0.000000 765.912048 0.000000 0.536703 0.000000 -0.843771 1.000000 1.000000 1.000000
7177.641113 0.000000 843.969116 0.000000 0.568987 0.000000 -0.822347 0.000000 0.000000 0.000000
7174.724121 0.000000 824.288757 0.000000 0.638846 0.000000 -0.769335 0.000000 0.000000 0.000000
7404.376953 0.000000 893.533325 0.000000 0.625511 0.000000 -0.780215 0.000000 0.000000 0.000000
7415.062500 0.000000 898.283081 0.000000 0.556086 0.000000 -0.831125 0.000000 0.000000 0.000000
7435.959473 0.000000 895.756470 0.000000 0.642949 0.000000 -0.765909 0.000000 0.000000 0.000000
7425.884766 0.000000 898.318176 0.000000 0.641501 0.000000 -0.767122 1.000000 1.000000 1.000000
7436.083496 0.000000 892.779480 0.000000 0.469915 0.000000 -0.882712 0.000000 0.000000 0.000000
7438.650879 0.000000 897.606445 0.000000 0.600087 0.000000 -0.799935 0.000000 0.000000 0.000000
8119.107910 0.000000 553.560669 0.000000 0.512805 0.000000 -0.858505 0.000000 0.000000 0.000000
8139.929688 0.000000 576.849609 0.000000 0.490482 0.000000 -0.871451 0.000000 0.000000 0.000000
8134.330566 0.000000 576.940552 0.000000 0.638907 0.000000 -0.769284 0.000000 0.000000 0.000000
6846.624512 0.000000 969.054504 0.000000 0.640587 0.000000 -0.767886 0.000000 0.000000 0.000000
6812.431641 0.000000 967.742249 0.000000 0.556842 0.000000 -0.830618 0.000000 0.000000 0.000000
6840.639160 0.000000 965.206726 0.000000 0.578965 0.000000 -0.815352 0.000000 0.000000 0.000000
7162.544434 0.000000 1057.141846 0.000000 0.653144 0.000000 -0.757234 1.000000 1.000000 1.000000
7130.979980 0.000000 1058.551514 0.000000 0.516368 0.000000 -0.856367 0.000000 0.000000 0.000000
7167.487305 0.000000 1046.946411 0.000000 0.606424 0.000000 -0.795142 1.000000 1.000000 1.000000
7156.365234 0.000000 1055.984985 0.000000 0.546114 0.000000 -0.837711 0.000000 0.000000 0.000000
7130.364746 0.000000 1042.280029 0.000000 0.523035 0.000000 -0.852311 0.000000 0.000000 0.000000
7155.213867 0.000000 1062.975952 0.000000 0.550613 0.000000 -0.834761 1.000000 1.000000 1.000000
7418.807129 0.000000 910.404541 0.000000 0.467711 0.000000 -0.883881 1.000000 1.000000 1.000000
7418.028320 0.000000 916.848572 0.000000 0.652388 0.000000 -0.757885 1.000000 1.000000 1.000000
7419.100586 0.000000 913.842712 0.000000 0.556408 0.000000 -0.830909 1.000000 1.000000 1.000000
7407.447754 0.000000 916.435669 0.000000 0.530464 0.000000 -0.847708 0.000000 0.000000 0.000000
7420.013184 0.000000 918.614746 0.000000 0.616428 0.000000 -0.787411 0.000000 0.000000 0.000000
7213.516602 0.000000 3121.374023 0.000000 0.644538 0.000000 -0.764572 0.000000 0.000000 0.000000
7202.900879 0.000000 3106.705322 0.000000 0.627784 0.000000 -0.778387 0.000000 0.000000 0.000000
7191.491699 0.000000 3107.272217 0.000000 0.538364 0.000000 -0.842712 1.000000 1.000000 1.000000
7189.668945 0.000000 3116.429443 0.000000 0.567336 0.000000 -0.823486 1.000000 1.000000 1.000000
7198.961914 0.000000 3107.602051 0.000000 0.512614 0.000000 -0.858619 1.000000 1.000000 1.000000
7204.029297 0.000000 3125.193359 0.000000 0.513151 0.000000 -0.858299 0.000000 0.000000 0.000000
7191.068359 0.000000 3111.151855 0.000000 0.521232 0.000000 -0.853415 1.000000 1.000000 1.000000
7715.200195 0.000000 2893.500000 0.000000 0.517252 0.000000 -0.855833 1.000000 1.000000 1.000000
7702.077637 0.000000 2897.877686 0.000000 0.468002 0.000000 -0.883727 0.000000 0.000000 0.000000
7717.463867 0.000000 2888.308594 0.000000 0.514324 0.000000 -0.857596 0.000000 0.000000 0.000000
7954.127930 0.000000 3119.916748 0.000000 0.506582 0.000000 -0.862192 0.000000 0.000000 0.000000
7956.569336 0.000000 3112.027100 0.000000 0.560109 0.000000 -0.828419 0.000000 0.000000 0.000000
7959.890625 0.000000 3125.698242 0.000000 0.656849 0.000000 -0.754022 0.000000 0.000000 0.000000
7974.893555 0.000000 3126.087891 0.000000 0.481973 0.000000 -0.876186 0.000000 0.000000 0.000000
7983.145508 0.000000 3124.788574 0.000000 0.559414 0.000000 -0.828888 0.000000 0.000000 0.000000
7994.028320 0.000000 3119.739258 0.000000 0.482466 0.000000 -0.875915 0.000000 0.000000 0.000000
7969.491699 0.000000 3112.535889 0.000000 0.531053 0.000000 -0.847339 1.000000 1.000000 1.000000
"}
object={
	name="european_dynamic_mining_objects_generator_1_4"
	clamp_to_water_level=no
	render_under_water=no
	generated_content=yes
	layer="mines_dynamic"
	pdxmesh="generic_rural_mining_entrance_01_mesh"
	count=71
	transform="319.957886 0.000000 3240.508301 0.000000 0.457109 0.000000 -0.889410 0.000000 0.000000 0.000000
353.099701 0.000000 3253.559082 0.000000 0.248562 0.000000 -0.968616 0.000000 0.000000 0.000000
336.939697 0.000000 3235.538086 0.000000 0.363998 0.000000 -0.931400 0.000000 0.000000 0.000000
341.235626 0.000000 3239.470459 0.000000 0.271961 0.000000 -0.962308 1.000000 1.000000 1.000000
338.128204 0.000000 3240.371094 0.000000 0.448457 0.000000 -0.893804 0.000000 0.000000 0.000000
7145.385742 0.000000 823.699402 0.000000 0.358165 0.000000 -0.933658 0.000000 0.000000 0.000000
7167.586426 0.000000 844.215820 0.000000 0.292406 0.000000 -0.956294 0.000000 0.000000 0.000000
7158.864258 0.000000 845.779907 0.000000 0.279961 0.000000 -0.960011 0.000000 0.000000 0.000000
7166.419434 0.000000 832.928528 0.000000 0.252328 0.000000 -0.967642 1.000000 1.000000 1.000000
7145.322754 0.000000 839.056885 0.000000 0.310951 0.000000 -0.950426 1.000000 1.000000 1.000000
7145.064941 0.000000 842.486816 0.000000 0.340443 0.000000 -0.940265 0.000000 0.000000 0.000000
7145.967773 0.000000 820.599182 0.000000 0.456393 0.000000 -0.889778 0.000000 0.000000 0.000000
7367.671387 0.000000 646.184692 0.000000 0.429630 0.000000 -0.903005 0.000000 0.000000 0.000000
7401.563477 0.000000 647.819153 0.000000 0.310115 0.000000 -0.950699 0.000000 0.000000 0.000000
7368.407715 0.000000 629.140503 0.000000 0.245969 0.000000 -0.969278 0.000000 0.000000 0.000000
7397.432617 0.000000 632.355164 0.000000 0.258864 0.000000 -0.965914 0.000000 0.000000 0.000000
7371.929688 0.000000 633.333984 0.000000 0.396807 0.000000 -0.917902 1.000000 1.000000 1.000000
7379.007324 0.000000 639.406494 0.000000 0.270876 0.000000 -0.962614 0.000000 0.000000 0.000000
7392.426758 0.000000 633.765930 0.000000 0.332047 0.000000 -0.943263 1.000000 1.000000 1.000000
7385.661133 0.000000 624.394348 0.000000 0.366479 0.000000 -0.930426 0.000000 0.000000 0.000000
7372.526855 0.000000 644.373962 0.000000 0.383544 0.000000 -0.923523 1.000000 1.000000 1.000000
7337.563477 0.000000 760.787903 0.000000 0.353950 0.000000 -0.935264 0.000000 0.000000 0.000000
7311.272949 0.000000 756.215454 0.000000 0.290417 0.000000 -0.956900 1.000000 1.000000 1.000000
7297.017578 0.000000 760.989929 0.000000 0.355968 0.000000 -0.934498 0.000000 0.000000 0.000000
7322.074219 0.000000 764.813293 0.000000 0.259253 0.000000 -0.965809 0.000000 0.000000 0.000000
7314.817383 0.000000 764.740784 0.000000 0.295858 0.000000 -0.955232 0.000000 0.000000 0.000000
7323.131348 0.000000 750.418030 0.000000 0.250583 0.000000 -0.968095 0.000000 0.000000 0.000000
7172.458496 0.000000 845.247192 0.000000 0.244795 0.000000 -0.969575 0.000000 0.000000 0.000000
7176.908691 0.000000 836.681274 0.000000 0.358050 0.000000 -0.933702 0.000000 0.000000 0.000000
7172.755371 0.000000 818.653931 0.000000 0.248703 0.000000 -0.968580 0.000000 0.000000 0.000000
7172.384766 0.000000 841.553894 0.000000 0.341577 0.000000 -0.939854 0.000000 0.000000 0.000000
7170.575684 0.000000 831.908325 0.000000 0.429351 0.000000 -0.903138 1.000000 1.000000 1.000000
7438.875488 0.000000 892.027649 0.000000 0.283648 0.000000 -0.958929 0.000000 0.000000 0.000000
7436.457520 0.000000 899.041565 0.000000 0.322800 0.000000 -0.946467 1.000000 1.000000 1.000000
8121.460938 0.000000 564.947021 0.000000 0.318699 0.000000 -0.947856 0.000000 0.000000 0.000000
6809.283691 0.000000 981.852112 0.000000 0.341500 0.000000 -0.939882 0.000000 0.000000 0.000000
7140.620605 0.000000 1063.427246 0.000000 0.327144 0.000000 -0.944974 0.000000 0.000000 0.000000
7148.376953 0.000000 1062.986450 0.000000 0.400335 0.000000 -0.916369 1.000000 1.000000 1.000000
7165.611816 0.000000 1055.478394 0.000000 0.412453 0.000000 -0.910979 1.000000 1.000000 1.000000
7159.819336 0.000000 1035.549683 0.000000 0.376006 0.000000 -0.926617 0.000000 0.000000 0.000000
7142.581055 0.000000 1051.843140 0.000000 0.402621 0.000000 -0.915367 0.000000 0.000000 0.000000
7148.127930 0.000000 1044.160034 0.000000 0.451610 0.000000 -0.892215 0.000000 0.000000 0.000000
7400.832520 0.000000 907.251160 0.000000 0.302898 0.000000 -0.953023 0.000000 0.000000 0.000000
7172.032715 0.000000 1048.330322 0.000000 0.370609 0.000000 -0.928789 0.000000 0.000000 0.000000
7169.017578 0.000000 1043.411865 0.000000 0.296335 0.000000 -0.955084 0.000000 0.000000 0.000000
7171.837402 0.000000 1040.280884 0.000000 0.242028 0.000000 -0.970269 0.000000 0.000000 0.000000
7426.396484 0.000000 905.612122 0.000000 0.377552 0.000000 -0.925988 0.000000 0.000000 0.000000
7427.913086 0.000000 914.686523 0.000000 0.401744 0.000000 -0.915752 1.000000 1.000000 1.000000
7430.363770 0.000000 913.262634 0.000000 0.419004 0.000000 -0.907984 1.000000 1.000000 1.000000
7210.009766 0.000000 3105.093018 0.000000 0.303459 0.000000 -0.952845 0.000000 0.000000 0.000000
7190.937012 0.000000 3121.067871 0.000000 0.332579 0.000000 -0.943075 1.000000 1.000000 1.000000
7195.131348 0.000000 3122.761719 0.000000 0.291527 0.000000 -0.956563 1.000000 1.000000 1.000000
7204.759766 0.000000 3128.016846 0.000000 0.407073 0.000000 -0.913396 1.000000 1.000000 1.000000
7698.579102 0.000000 2879.407715 0.000000 0.430521 0.000000 -0.902580 0.000000 0.000000 0.000000
7712.426758 0.000000 2893.140869 0.000000 0.254530 0.000000 -0.967065 0.000000 0.000000 0.000000
7703.293457 0.000000 2904.267822 0.000000 0.396236 0.000000 -0.918149 1.000000 1.000000 1.000000
7700.994629 0.000000 2883.255859 0.000000 0.424124 0.000000 -0.905604 0.000000 0.000000 0.000000
7696.186523 0.000000 2899.854492 0.000000 0.265960 0.000000 -0.963984 0.000000 0.000000 0.000000
7701.235840 0.000000 2900.564209 0.000000 0.442445 0.000000 -0.896795 1.000000 1.000000 1.000000
7708.928223 0.000000 2898.583252 0.000000 0.305062 0.000000 -0.952332 1.000000 1.000000 1.000000
7978.009766 0.000000 3105.093018 0.000000 0.402300 0.000000 -0.915508 0.000000 0.000000 0.000000
7984.023926 0.000000 3102.691162 0.000000 0.325626 0.000000 -0.945499 0.000000 0.000000 0.000000
8000.156738 0.000000 3105.056396 0.000000 0.320307 0.000000 -0.947314 0.000000 0.000000 0.000000
7964.793945 0.000000 3109.482422 0.000000 0.347287 0.000000 -0.937759 0.000000 0.000000 0.000000
7999.958008 0.000000 3127.539551 0.000000 0.347394 0.000000 -0.937719 0.000000 0.000000 0.000000
7970.900879 0.000000 3106.705322 0.000000 0.417818 0.000000 -0.908531 0.000000 0.000000 0.000000
7980.083496 0.000000 3126.701660 0.000000 0.393432 0.000000 -0.919354 0.000000 0.000000 0.000000
7958.937012 0.000000 3121.067871 0.000000 0.333986 0.000000 -0.942578 1.000000 1.000000 1.000000
7982.042969 0.000000 3112.495361 0.000000 0.290278 0.000000 -0.956942 0.000000 0.000000 0.000000
7977.128906 0.000000 3127.506348 0.000000 0.419902 0.000000 -0.907569 1.000000 1.000000 1.000000
7960.535645 0.000000 3122.995605 0.000000 0.426452 0.000000 -0.904510 1.000000 1.000000 1.000000
"}
object={
	name="european_dynamic_mining_objects_generator_1_5"
	clamp_to_water_level=no
	render_under_water=no
	generated_content=yes
	layer="mines_dynamic"
	pdxmesh="generic_rural_mining_entrance_02_mesh"
	count=77
	transform="7155.456055 0.000000 841.069519 0.000000 0.067659 0.000000 -0.997709 1.000000 1.000000 1.000000
7156.365234 0.000000 830.047485 0.000000 0.179663 0.000000 -0.983728 0.000000 0.000000 0.000000
7137.947754 0.000000 840.254761 0.000000 0.039693 0.000000 -0.999212 0.000000 0.000000 0.000000
7148.412598 0.000000 833.054993 0.000000 0.225703 0.000000 -0.974196 1.000000 1.000000 1.000000
7157.860840 0.000000 838.847717 0.000000 0.196111 0.000000 -0.980582 1.000000 1.000000 1.000000
7154.798340 0.000000 827.462402 0.000000 0.137148 0.000000 -0.990551 1.000000 1.000000 1.000000
7165.512207 0.000000 847.291809 0.000000 0.140401 0.000000 -0.990095 0.000000 0.000000 0.000000
7162.385254 0.000000 849.857666 0.000000 0.102787 0.000000 -0.994703 0.000000 0.000000 0.000000
7394.015137 0.000000 641.823669 0.000000 0.192485 0.000000 -0.981300 0.000000 0.000000 0.000000
7393.448730 0.000000 644.624939 0.000000 0.013896 0.000000 -0.999903 0.000000 0.000000 0.000000
7396.759766 0.000000 642.704346 0.000000 0.041122 0.000000 -0.999154 0.000000 0.000000 0.000000
7387.635742 0.000000 644.378479 0.000000 0.218442 0.000000 -0.975850 1.000000 1.000000 1.000000
7376.186523 0.000000 640.479370 0.000000 0.184246 0.000000 -0.982880 1.000000 1.000000 1.000000
7371.442871 0.000000 639.136719 0.000000 0.201781 0.000000 -0.979431 1.000000 1.000000 1.000000
7340.760254 0.000000 772.802002 0.000000 0.053628 0.000000 -0.998561 0.000000 0.000000 0.000000
7332.276367 0.000000 767.543640 0.000000 0.200937 0.000000 -0.979604 1.000000 1.000000 1.000000
7341.434082 0.000000 764.026123 0.000000 0.216058 0.000000 -0.976381 0.000000 0.000000 0.000000
7315.771973 0.000000 756.922302 0.000000 0.030035 0.000000 -0.999549 0.000000 0.000000 0.000000
7325.237305 0.000000 767.819092 0.000000 0.050451 0.000000 -0.998727 1.000000 1.000000 1.000000
7300.755371 0.000000 762.169556 0.000000 0.186370 0.000000 -0.982480 0.000000 0.000000 0.000000
7330.735840 0.000000 773.949951 0.000000 0.233942 0.000000 -0.972251 1.000000 1.000000 1.000000
7311.197266 0.000000 745.929626 0.000000 0.105722 0.000000 -0.994396 0.000000 0.000000 0.000000
7329.099609 0.000000 768.246582 0.000000 0.234981 0.000000 -0.972000 0.000000 0.000000 0.000000
7325.422852 0.000000 772.848694 0.000000 0.086286 0.000000 -0.996270 1.000000 1.000000 1.000000
7306.329590 0.000000 759.001465 0.000000 0.058950 0.000000 -0.998261 1.000000 1.000000 1.000000
7315.640625 0.000000 759.608643 0.000000 0.060478 0.000000 -0.998170 1.000000 1.000000 1.000000
7174.507812 0.000000 842.872375 0.000000 0.006478 0.000000 -0.999979 0.000000 0.000000 0.000000
7415.107910 0.000000 892.466919 0.000000 0.237296 0.000000 -0.971437 1.000000 1.000000 1.000000
7408.647949 0.000000 887.741394 0.000000 0.195916 0.000000 -0.980621 0.000000 0.000000 0.000000
7418.305176 0.000000 891.247070 0.000000 0.151968 0.000000 -0.988385 1.000000 1.000000 1.000000
7417.384766 0.000000 903.517395 0.000000 0.220662 0.000000 -0.975350 0.000000 0.000000 0.000000
7433.641113 0.000000 900.453491 0.000000 0.128366 0.000000 -0.991727 0.000000 0.000000 0.000000
7441.939453 0.000000 889.061218 0.000000 0.232544 0.000000 -0.972586 0.000000 0.000000 0.000000
7438.604980 0.000000 894.842590 0.000000 0.166565 0.000000 -0.986031 0.000000 0.000000 0.000000
7436.375000 0.000000 901.933472 0.000000 0.016781 0.000000 -0.999859 0.000000 0.000000 0.000000
8061.248047 0.000000 497.877045 0.000000 0.002563 0.000000 -0.999997 0.000000 0.000000 0.000000
6843.981445 0.000000 958.969238 0.000000 0.005891 0.000000 -0.999983 0.000000 0.000000 0.000000
6829.943359 0.000000 962.589294 0.000000 0.196568 0.000000 -0.980490 0.000000 0.000000 0.000000
6838.173828 0.000000 966.418640 0.000000 0.212336 0.000000 -0.977197 0.000000 0.000000 0.000000
7142.893555 0.000000 1036.166138 0.000000 0.027539 0.000000 -0.999621 0.000000 0.000000 0.000000
7165.507812 0.000000 1066.495483 0.000000 0.078068 0.000000 -0.996948 0.000000 0.000000 0.000000
7159.062500 0.000000 1067.736206 0.000000 0.123161 0.000000 -0.992387 1.000000 1.000000 1.000000
7145.967773 0.000000 1046.536621 0.000000 0.202170 0.000000 -0.979350 1.000000 1.000000 1.000000
7155.016113 0.000000 1037.569824 0.000000 0.141166 0.000000 -0.989986 0.000000 0.000000 0.000000
7137.910645 0.000000 1059.041626 0.000000 0.160016 0.000000 -0.987114 1.000000 1.000000 1.000000
7160.346680 0.000000 1038.919678 0.000000 0.227556 0.000000 -0.973765 1.000000 1.000000 1.000000
7412.014648 0.000000 912.593323 0.000000 0.188323 0.000000 -0.982107 0.000000 0.000000 0.000000
7412.463867 0.000000 918.831848 0.000000 0.127725 0.000000 -0.991810 0.000000 0.000000 0.000000
7402.835938 0.000000 909.756287 0.000000 0.133325 0.000000 -0.991072 0.000000 0.000000 0.000000
7172.763672 0.000000 1052.911011 0.000000 0.072617 0.000000 -0.997360 0.000000 0.000000 0.000000
7424.042480 0.000000 903.757324 0.000000 0.120115 0.000000 -0.992760 0.000000 0.000000 0.000000
7199.453613 0.000000 3123.370850 0.000000 0.178819 0.000000 -0.983882 1.000000 1.000000 1.000000
7208.832520 0.000000 3110.141846 0.000000 0.033465 0.000000 -0.999440 1.000000 1.000000 1.000000
7204.045898 0.000000 3111.915527 0.000000 0.168886 0.000000 -0.985636 1.000000 1.000000 1.000000
7179.786133 0.000000 3111.693604 0.000000 0.169268 0.000000 -0.985570 0.000000 0.000000 0.000000
7208.015625 0.000000 3114.269287 0.000000 0.060204 0.000000 -0.998186 1.000000 1.000000 1.000000
7210.288574 0.000000 3129.788330 0.000000 0.194971 0.000000 -0.980809 0.000000 0.000000 0.000000
7198.952637 0.000000 3126.152832 0.000000 0.032494 0.000000 -0.999472 1.000000 1.000000 1.000000
7191.408203 0.000000 3118.478760 0.000000 0.069484 0.000000 -0.997583 1.000000 1.000000 1.000000
7201.412109 0.000000 3121.597656 0.000000 0.115908 0.000000 -0.993260 0.000000 0.000000 0.000000
7717.432617 0.000000 2891.730225 0.000000 0.114427 0.000000 -0.993432 1.000000 1.000000 1.000000
7702.937012 0.000000 2895.130371 0.000000 0.175456 0.000000 -0.984487 0.000000 0.000000 0.000000
7712.618164 0.000000 2884.068848 0.000000 0.165767 0.000000 -0.986165 0.000000 0.000000 0.000000
7705.661133 0.000000 2883.769287 0.000000 0.186742 0.000000 -0.982409 0.000000 0.000000 0.000000
7700.094727 0.000000 2896.104004 0.000000 0.234537 0.000000 -0.972107 0.000000 0.000000 0.000000
7698.498535 0.000000 2884.521240 0.000000 0.112269 0.000000 -0.993678 1.000000 1.000000 1.000000
7984.205566 0.000000 3106.614990 0.000000 0.122954 0.000000 -0.992412 0.000000 0.000000 0.000000
7991.107910 0.000000 3095.357666 0.000000 0.001700 0.000000 -0.999999 0.000000 0.000000 0.000000
7997.507812 0.000000 3099.933105 0.000000 0.215466 0.000000 -0.976511 0.000000 0.000000 0.000000
7987.402344 0.000000 3104.123535 0.000000 0.149977 0.000000 -0.988690 0.000000 0.000000 0.000000
7981.386719 0.000000 3104.863281 0.000000 0.179516 0.000000 -0.983755 1.000000 1.000000 1.000000
7986.789551 0.000000 3118.728027 0.000000 0.064380 0.000000 -0.997925 1.000000 1.000000 1.000000
7955.007324 0.000000 3124.718994 0.000000 0.029353 0.000000 -0.999569 0.000000 0.000000 0.000000
7963.932617 0.000000 3126.910156 0.000000 0.101048 0.000000 -0.994882 0.000000 0.000000 0.000000
7974.337891 0.000000 3120.376709 0.000000 0.099636 0.000000 -0.995024 1.000000 1.000000 1.000000
7980.352051 0.000000 3123.901611 0.000000 0.168713 0.000000 -0.985665 1.000000 1.000000 1.000000
7974.385742 0.000000 3123.485596 0.000000 0.225485 0.000000 -0.974247 1.000000 1.000000 1.000000
"}
