object={
	name="european_dynamic_farmland_objects_generator_1_0"
	clamp_to_water_level=no
	render_under_water=no
	generated_content=yes
	layer="farms_dynamic"
	pdxmesh="european_province_farm_01_mesh"
	count=164
	transform="1.017608 0.000000 3246.302490 0.000000 0.065749 0.000000 0.997836 0.000000 0.000000 0.000000
63.586391 0.000000 3273.043945 0.000000 0.652683 0.000000 0.757631 1.000000 1.000000 1.000000
0.156715 0.000000 3274.509521 0.000000 0.485787 0.000000 0.874077 0.000000 0.000000 0.000000
59.981640 0.000000 3274.828613 0.000000 0.485796 0.000000 0.874072 1.000000 1.000000 1.000000
0.009782 0.000000 3261.802002 0.000000 0.237237 0.000000 0.971452 0.000000 0.000000 0.000000
57.384567 0.000000 3275.861084 0.000000 0.610651 0.000000 0.791900 1.000000 1.000000 1.000000
90.979828 0.000000 3261.442139 0.000000 0.444154 0.000000 0.895951 1.000000 1.000000 1.000000
108.760445 0.000000 3258.114502 0.000000 0.215841 0.000000 0.976429 0.000000 0.000000 0.000000
65.884605 0.000000 3270.661865 0.000000 0.113720 0.000000 0.993513 0.000000 0.000000 0.000000
120.315582 0.000000 3256.618408 0.000000 0.525445 0.000000 0.850828 0.000000 0.000000 0.000000
115.214035 0.000000 3265.866699 0.000000 0.092809 0.000000 0.995684 0.000000 0.000000 0.000000
98.735794 0.000000 3259.262451 0.000000 0.243857 0.000000 0.969811 0.000000 0.000000 0.000000
82.579117 0.000000 3274.798340 0.000000 0.245653 0.000000 0.969358 1.000000 1.000000 1.000000
87.836502 0.000000 3270.222168 0.000000 0.069169 0.000000 0.997605 1.000000 1.000000 1.000000
111.537231 0.000000 3246.737793 0.000000 0.083493 0.000000 0.996508 1.000000 1.000000 1.000000
93.423065 0.000000 3258.161133 0.000000 0.117851 0.000000 0.993031 1.000000 1.000000 1.000000
125.032837 0.000000 3241.797363 0.000000 0.174842 0.000000 0.984596 1.000000 1.000000 1.000000
149.705017 0.000000 3246.477051 0.000000 0.635048 0.000000 0.772473 0.000000 0.000000 0.000000
146.127716 0.000000 3232.885498 0.000000 0.124291 0.000000 0.992246 0.000000 0.000000 0.000000
154.979828 0.000000 3261.442139 0.000000 0.427527 0.000000 0.904003 0.000000 0.000000 0.000000
139.959488 0.000000 3268.100342 0.000000 0.335351 0.000000 0.942093 0.000000 0.000000 0.000000
165.432388 0.000000 3230.636475 0.000000 0.351603 0.000000 0.936149 0.000000 0.000000 0.000000
172.662399 0.000000 3270.189453 0.000000 0.399391 0.000000 0.916781 1.000000 1.000000 1.000000
157.237427 0.000000 3253.131592 0.000000 0.189730 0.000000 0.981836 1.000000 1.000000 1.000000
169.322739 0.000000 3267.885010 0.000000 0.364987 0.000000 0.931013 1.000000 1.000000 1.000000
164.620575 0.000000 3266.317871 0.000000 0.043428 0.000000 0.999057 1.000000 1.000000 1.000000
173.386597 0.000000 3274.316406 0.000000 0.456583 0.000000 0.889681 1.000000 1.000000 1.000000
163.667023 0.000000 3256.095703 0.000000 0.075124 0.000000 0.997174 1.000000 1.000000 1.000000
161.099701 0.000000 3253.559082 0.000000 0.198967 0.000000 0.980006 1.000000 1.000000 1.000000
138.072250 0.000000 3275.781494 0.000000 0.363442 0.000000 0.931617 1.000000 1.000000 1.000000
58.544518 0.000000 3316.516846 0.000000 0.599153 0.000000 0.800634 1.000000 1.000000 1.000000
1.319075 0.000000 3314.982178 0.000000 0.027987 0.000000 0.999608 0.000000 0.000000 0.000000
26.979828 0.000000 3317.926514 0.000000 0.590003 0.000000 0.807401 0.000000 0.000000 0.000000
37.432392 0.000000 3287.120850 0.000000 0.608059 0.000000 0.793892 1.000000 1.000000 1.000000
0.255028 0.000000 3323.234619 0.000000 0.439767 0.000000 0.898112 0.000000 0.000000 0.000000
26.122341 0.000000 3286.902100 0.000000 0.344618 0.000000 0.938743 0.000000 0.000000 0.000000
2.500517 0.000000 3295.837891 0.000000 0.329377 0.000000 0.944198 1.000000 1.000000 1.000000
61.512291 0.000000 3276.119873 0.000000 0.512652 0.000000 0.858596 1.000000 1.000000 1.000000
9.640952 0.000000 3329.281494 0.000000 0.256702 0.000000 0.966491 0.000000 0.000000 0.000000
44.083351 0.000000 3296.154785 0.000000 0.489422 0.000000 0.872047 0.000000 0.000000 0.000000
40.763306 0.000000 3291.215820 0.000000 0.211674 0.000000 0.977340 0.000000 0.000000 0.000000
25.505735 0.000000 3329.865479 0.000000 0.635397 0.000000 0.772185 0.000000 0.000000 0.000000
26.364723 0.000000 3301.655029 0.000000 0.554211 0.000000 0.832376 1.000000 1.000000 1.000000
6.424666 0.000000 3296.453857 0.000000 0.125395 0.000000 0.992107 1.000000 1.000000 1.000000
51.214039 0.000000 3322.351074 0.000000 0.051909 0.000000 0.998652 0.000000 0.000000 0.000000
11.941936 0.000000 3317.897705 0.000000 0.153327 0.000000 0.988176 0.000000 0.000000 0.000000
47.868622 0.000000 3324.504639 0.000000 0.200966 0.000000 0.979598 0.000000 0.000000 0.000000
9.866176 0.000000 3315.166016 0.000000 0.294137 0.000000 0.955763 0.000000 0.000000 0.000000
0.894741 0.000000 3306.393799 0.000000 0.501970 0.000000 0.864885 0.000000 0.000000 0.000000
25.917196 0.000000 3320.859863 0.000000 0.361497 0.000000 0.932373 1.000000 1.000000 1.000000
58.504356 0.000000 3299.852539 0.000000 0.071605 0.000000 0.997433 1.000000 1.000000 1.000000
24.795364 0.000000 3304.005859 0.000000 0.487391 0.000000 0.873184 1.000000 1.000000 1.000000
35.200424 0.000000 3288.890625 0.000000 0.027470 0.000000 0.999623 1.000000 1.000000 1.000000
27.635559 0.000000 3299.144043 0.000000 0.250922 0.000000 0.968007 1.000000 1.000000 1.000000
36.029354 0.000000 3294.646484 0.000000 0.316551 0.000000 0.948575 1.000000 1.000000 1.000000
84.968513 0.000000 3328.218750 0.000000 0.188272 0.000000 0.982117 0.000000 0.000000 0.000000
120.065750 0.000000 3301.456299 0.000000 0.618114 0.000000 0.786089 1.000000 1.000000 1.000000
90.979828 0.000000 3317.926514 0.000000 0.375371 0.000000 0.926875 1.000000 1.000000 1.000000
86.477798 0.000000 3310.987061 0.000000 0.435227 0.000000 0.900321 1.000000 1.000000 1.000000
95.825958 0.000000 3284.216064 0.000000 0.543912 0.000000 0.839142 1.000000 1.000000 1.000000
122.511627 0.000000 3296.603760 0.000000 0.435658 0.000000 0.900113 0.000000 0.000000 0.000000
85.208267 0.000000 3315.972900 0.000000 0.463866 0.000000 0.885906 0.000000 0.000000 0.000000
80.971893 0.000000 3325.270752 0.000000 0.386481 0.000000 0.922297 0.000000 0.000000 0.000000
89.505737 0.000000 3329.865479 0.000000 0.529358 0.000000 0.848398 0.000000 0.000000 0.000000
101.098610 0.000000 3318.964844 0.000000 0.531965 0.000000 0.846767 1.000000 1.000000 1.000000
95.334412 0.000000 3317.079102 0.000000 0.452294 0.000000 0.891869 1.000000 1.000000 1.000000
94.953568 0.000000 3332.346191 0.000000 0.235253 0.000000 0.971934 1.000000 1.000000 1.000000
87.371170 0.000000 3319.107666 0.000000 0.301109 0.000000 0.953590 1.000000 1.000000 1.000000
86.628387 0.000000 3306.120850 0.000000 0.325636 0.000000 0.945495 0.000000 0.000000 0.000000
109.386604 0.000000 3330.800781 0.000000 0.010218 0.000000 0.999948 1.000000 1.000000 1.000000
89.680984 0.000000 3309.871338 0.000000 0.546520 0.000000 0.837446 1.000000 1.000000 1.000000
112.580475 0.000000 3306.534424 0.000000 0.143290 0.000000 0.989681 1.000000 1.000000 1.000000
96.448990 0.000000 3302.089111 0.000000 0.174839 0.000000 0.984597 1.000000 1.000000 1.000000
105.967705 0.000000 3305.911621 0.000000 0.474253 0.000000 0.880389 0.000000 0.000000 0.000000
94.608795 0.000000 3281.633301 0.000000 0.447555 0.000000 0.894257 1.000000 1.000000 1.000000
108.352142 0.000000 3293.354736 0.000000 0.465083 0.000000 0.885267 1.000000 1.000000 1.000000
1.451387 0.000000 3344.753662 0.000000 0.385795 0.000000 0.922584 0.000000 0.000000 0.000000
15.130927 0.000000 3371.949951 0.000000 0.159282 0.000000 0.987233 0.000000 0.000000 0.000000
18.127712 0.000000 3345.854248 0.000000 0.070139 0.000000 0.997537 1.000000 1.000000 1.000000
37.432392 0.000000 3343.605225 0.000000 0.476696 0.000000 0.879068 0.000000 0.000000 0.000000
30.236908 0.000000 3385.107910 0.000000 0.414397 0.000000 0.910096 0.000000 0.000000 0.000000
41.385597 0.000000 3365.496338 0.000000 0.571645 0.000000 0.820501 0.000000 0.000000 0.000000
52.365425 0.000000 3371.844482 0.000000 0.453882 0.000000 0.891062 1.000000 1.000000 1.000000
61.212856 0.000000 3357.969971 0.000000 0.208455 0.000000 0.978032 1.000000 1.000000 1.000000
21.208269 0.000000 3372.457275 0.000000 0.527471 0.000000 0.849573 1.000000 1.000000 1.000000
37.098610 0.000000 3375.449219 0.000000 0.174386 0.000000 0.984677 1.000000 1.000000 1.000000
56.315582 0.000000 3369.587158 0.000000 0.410803 0.000000 0.911724 1.000000 1.000000 1.000000
15.831329 0.000000 3336.750000 0.000000 0.468060 0.000000 0.883697 0.000000 0.000000 0.000000
21.503155 0.000000 3380.897217 0.000000 0.095969 0.000000 0.995384 1.000000 1.000000 1.000000
18.579117 0.000000 3387.767090 0.000000 0.433386 0.000000 0.901208 1.000000 1.000000 1.000000
27.595112 0.000000 3383.101807 0.000000 0.440815 0.000000 0.897598 0.000000 0.000000 0.000000
58.462238 0.000000 3349.648193 0.000000 0.466879 0.000000 0.884321 0.000000 0.000000 0.000000
17.722639 0.000000 3384.755371 0.000000 0.382162 0.000000 0.924095 1.000000 1.000000 1.000000
17.664768 0.000000 3339.234131 0.000000 0.066933 0.000000 0.997757 1.000000 1.000000 1.000000
53.519070 0.000000 3359.203613 0.000000 0.300696 0.000000 0.953720 1.000000 1.000000 1.000000
25.706720 0.000000 3346.217529 0.000000 0.137631 0.000000 0.990484 1.000000 1.000000 1.000000
76.978470 0.000000 3333.314209 0.000000 0.470018 0.000000 0.882657 0.000000 0.000000 0.000000
101.432388 0.000000 3343.605225 0.000000 0.150554 0.000000 0.988602 1.000000 1.000000 1.000000
87.890739 0.000000 3351.635742 0.000000 0.518205 0.000000 0.855257 1.000000 1.000000 1.000000
76.552628 0.000000 3358.772217 0.000000 0.613406 0.000000 0.789768 0.000000 0.000000 0.000000
78.220573 0.000000 3349.658936 0.000000 0.217676 0.000000 0.976021 0.000000 0.000000 0.000000
83.007538 0.000000 3350.656494 0.000000 0.405177 0.000000 0.914238 1.000000 1.000000 1.000000
99.991211 0.000000 3348.304688 0.000000 0.572737 0.000000 0.819739 0.000000 0.000000 0.000000
96.426636 0.000000 3345.015869 0.000000 0.440209 0.000000 0.897896 1.000000 1.000000 1.000000
81.260078 0.000000 3359.035156 0.000000 0.356239 0.000000 0.934395 0.000000 0.000000 0.000000
104.015656 0.000000 3340.206787 0.000000 0.282441 0.000000 0.959285 1.000000 1.000000 1.000000
106.835907 0.000000 3338.584473 0.000000 0.364974 0.000000 0.931018 1.000000 1.000000 1.000000
72.667557 0.000000 3337.357422 0.000000 0.080800 0.000000 0.996730 1.000000 1.000000 1.000000
67.820877 0.000000 3346.383545 0.000000 0.539170 0.000000 0.842197 0.000000 0.000000 0.000000
84.994423 0.000000 3335.130859 0.000000 0.355877 0.000000 0.934533 1.000000 1.000000 1.000000
94.608795 0.000000 3338.117676 0.000000 0.570228 0.000000 0.821486 0.000000 0.000000 0.000000
143.273132 0.000000 3298.012207 0.000000 0.188471 0.000000 0.982079 1.000000 1.000000 1.000000
151.890747 0.000000 3295.151367 0.000000 0.325925 0.000000 0.945395 0.000000 0.000000 0.000000
153.621536 0.000000 3323.968506 0.000000 0.339030 0.000000 0.940776 0.000000 0.000000 0.000000
134.215332 0.000000 3325.031494 0.000000 0.029789 0.000000 0.999556 1.000000 1.000000 1.000000
154.074066 0.000000 3306.610107 0.000000 0.083262 0.000000 0.996528 0.000000 0.000000 0.000000
142.220581 0.000000 3293.174561 0.000000 0.029509 0.000000 0.999565 0.000000 0.000000 0.000000
165.098602 0.000000 3318.964844 0.000000 0.039161 0.000000 0.999233 1.000000 1.000000 1.000000
187.211334 0.000000 3305.711914 0.000000 0.351785 0.000000 0.936081 1.000000 1.000000 1.000000
159.334412 0.000000 3317.079102 0.000000 0.387756 0.000000 0.921762 1.000000 1.000000 1.000000
131.837204 0.000000 3299.655762 0.000000 0.488193 0.000000 0.872736 1.000000 1.000000 1.000000
140.083710 0.000000 3321.607666 0.000000 0.295843 0.000000 0.955237 1.000000 1.000000 1.000000
144.939682 0.000000 3292.022461 0.000000 0.095015 0.000000 0.995476 0.000000 0.000000 0.000000
204.978470 0.000000 3276.829834 0.000000 0.638336 0.000000 0.769758 1.000000 1.000000 1.000000
199.671616 0.000000 3300.950195 0.000000 0.247838 0.000000 0.968801 1.000000 1.000000 1.000000
194.396606 0.000000 3277.955811 0.000000 0.043448 0.000000 0.999056 0.000000 0.000000 0.000000
206.220581 0.000000 3293.174561 0.000000 0.351334 0.000000 0.936250 1.000000 1.000000 1.000000
214.937180 0.000000 3290.520996 0.000000 0.275431 0.000000 0.961321 1.000000 1.000000 1.000000
219.131516 0.000000 3292.214844 0.000000 0.390927 0.000000 0.920422 0.000000 0.000000 0.000000
196.755356 0.000000 3303.966309 0.000000 0.637530 0.000000 0.770426 1.000000 1.000000 1.000000
192.894745 0.000000 3306.393799 0.000000 0.443080 0.000000 0.896482 1.000000 1.000000 1.000000
312.550995 0.000000 3252.468506 0.000000 0.441735 0.000000 0.897146 0.000000 0.000000 0.000000
311.107971 0.000000 3264.810791 0.000000 0.265123 0.000000 0.964215 0.000000 0.000000 0.000000
270.953278 0.000000 3273.581055 0.000000 0.053649 0.000000 0.998560 0.000000 0.000000 0.000000
304.648071 0.000000 3260.085205 0.000000 0.517452 0.000000 0.855712 1.000000 1.000000 1.000000
292.620575 0.000000 3266.317871 0.000000 0.238496 0.000000 0.971143 1.000000 1.000000 1.000000
313.910492 0.000000 3267.560303 0.000000 0.397867 0.000000 0.917443 1.000000 1.000000 1.000000
300.376709 0.000000 3265.876953 0.000000 0.085720 0.000000 0.996319 1.000000 1.000000 1.000000
274.579102 0.000000 3274.798340 0.000000 0.087178 0.000000 0.996193 0.000000 0.000000 0.000000
307.759064 0.000000 3250.974121 0.000000 0.450660 0.000000 0.892696 1.000000 1.000000 1.000000
301.516541 0.000000 3290.827148 0.000000 0.489999 0.000000 0.871723 0.000000 0.000000 0.000000
305.519043 0.000000 3282.423340 0.000000 0.145150 0.000000 0.989410 0.000000 0.000000 0.000000
287.825958 0.000000 3284.216064 0.000000 0.184160 0.000000 0.982896 0.000000 0.000000 0.000000
318.624451 0.000000 3284.913818 0.000000 0.542300 0.000000 0.840185 1.000000 1.000000 1.000000
288.618011 0.000000 3279.459473 0.000000 0.214217 0.000000 0.976786 1.000000 1.000000 1.000000
296.974640 0.000000 3287.615234 0.000000 0.191166 0.000000 0.981558 1.000000 1.000000 1.000000
304.918732 0.000000 3291.079834 0.000000 0.289150 0.000000 0.957284 1.000000 1.000000 1.000000
286.961884 0.000000 3277.055176 0.000000 0.248543 0.000000 0.968621 1.000000 1.000000 1.000000
326.330475 0.000000 3288.190674 0.000000 0.484726 0.000000 0.874666 1.000000 1.000000 1.000000
330.351440 0.000000 3296.972656 0.000000 0.277064 0.000000 0.960851 0.000000 0.000000 0.000000
325.119202 0.000000 3292.528076 0.000000 0.024225 0.000000 0.999707 0.000000 0.000000 0.000000
321.451508 0.000000 3285.486084 0.000000 0.500995 0.000000 0.865450 1.000000 1.000000 1.000000
314.368286 0.000000 3384.504150 0.000000 0.079859 0.000000 0.996806 1.000000 1.000000 1.000000
318.419189 0.000000 3374.725342 0.000000 0.599395 0.000000 0.800454 0.000000 0.000000 0.000000
342.477814 0.000000 3367.471436 0.000000 0.263397 0.000000 0.964687 1.000000 1.000000 1.000000
327.979950 0.000000 3374.713379 0.000000 0.041899 0.000000 0.999122 0.000000 0.000000 0.000000
323.505249 0.000000 3376.004395 0.000000 0.178424 0.000000 0.983954 0.000000 0.000000 0.000000
338.817444 0.000000 3363.021973 0.000000 0.488469 0.000000 0.872581 0.000000 0.000000 0.000000
342.628387 0.000000 3362.605225 0.000000 0.099652 0.000000 0.995022 1.000000 1.000000 1.000000
0.098706 0.000000 3396.011475 0.000000 0.277480 0.000000 0.960731 0.000000 0.000000 0.000000
4.948599 0.000000 3389.177490 0.000000 0.059489 0.000000 0.998229 0.000000 0.000000 0.000000
346.122345 0.000000 3399.870850 0.000000 0.269848 0.000000 0.962903 1.000000 1.000000 1.000000
351.825958 0.000000 3397.184814 0.000000 0.390104 0.000000 0.920771 1.000000 1.000000 1.000000
337.664764 0.000000 3395.718506 0.000000 0.200559 0.000000 0.979682 0.000000 0.000000 0.000000
"}
object={
	name="european_dynamic_farmland_objects_generator_1_1"
	clamp_to_water_level=no
	render_under_water=no
	generated_content=yes
	layer="farms_dynamic"
	pdxmesh="european_province_farm_02_mesh"
	count=180
	transform="4.458565 0.000000 3274.075439 0.000000 0.826960 0.000000 0.562261 0.000000 0.000000 0.000000
48.024090 0.000000 3272.144287 0.000000 0.731592 0.000000 0.681742 1.000000 1.000000 1.000000
45.386604 0.000000 3274.316406 0.000000 0.960536 0.000000 0.278157 0.000000 0.000000 0.000000
3.510957 0.000000 3266.537354 0.000000 0.982746 0.000000 0.184959 1.000000 1.000000 1.000000
125.658844 0.000000 3254.925049 0.000000 0.822755 0.000000 0.568397 0.000000 0.000000 0.000000
109.433884 0.000000 3249.338623 0.000000 0.984913 0.000000 0.173049 0.000000 0.000000 0.000000
80.971893 0.000000 3268.786377 0.000000 0.980836 0.000000 0.194836 0.000000 0.000000 0.000000
101.098610 0.000000 3262.480469 0.000000 0.962978 0.000000 0.269579 1.000000 1.000000 1.000000
64.156715 0.000000 3274.509521 0.000000 0.929805 0.000000 0.368052 1.000000 1.000000 1.000000
112.648071 0.000000 3260.085205 0.000000 0.690892 0.000000 0.722958 1.000000 1.000000 1.000000
117.013474 0.000000 3254.255615 0.000000 0.889442 0.000000 0.457049 0.000000 0.000000 0.000000
105.967705 0.000000 3249.427246 0.000000 0.862973 0.000000 0.505250 0.000000 0.000000 0.000000
81.722641 0.000000 3271.786621 0.000000 0.987683 0.000000 0.156467 0.000000 0.000000 0.000000
122.631775 0.000000 3254.745850 0.000000 0.854056 0.000000 0.520181 0.000000 0.000000 0.000000
122.504356 0.000000 3243.368164 0.000000 0.855099 0.000000 0.518464 1.000000 1.000000 1.000000
71.437279 0.000000 3274.653076 0.000000 0.761014 0.000000 0.648735 1.000000 1.000000 1.000000
165.982437 0.000000 3269.871094 0.000000 0.715456 0.000000 0.698658 0.000000 0.000000 0.000000
161.210297 0.000000 3264.482666 0.000000 0.855704 0.000000 0.517466 0.000000 0.000000 0.000000
158.530106 0.000000 3243.069336 0.000000 0.735649 0.000000 0.677363 1.000000 1.000000 1.000000
137.203842 0.000000 3255.310059 0.000000 0.861878 0.000000 0.507116 0.000000 0.000000 0.000000
134.215332 0.000000 3268.547119 0.000000 0.978385 0.000000 0.206791 1.000000 1.000000 1.000000
129.017609 0.000000 3246.302490 0.000000 0.981230 0.000000 0.192839 0.000000 0.000000 0.000000
154.074066 0.000000 3250.125732 0.000000 0.777112 0.000000 0.629362 1.000000 1.000000 1.000000
164.276184 0.000000 3252.856201 0.000000 0.983460 0.000000 0.181123 1.000000 1.000000 1.000000
149.208267 0.000000 3259.488525 0.000000 0.935147 0.000000 0.354260 0.000000 0.000000 0.000000
170.009567 0.000000 3274.546143 0.000000 0.987500 0.000000 0.157617 1.000000 1.000000 1.000000
149.668732 0.000000 3229.398193 0.000000 0.988627 0.000000 0.150389 0.000000 0.000000 0.000000
182.864243 0.000000 3274.607910 0.000000 0.772470 0.000000 0.635051 0.000000 0.000000 0.000000
160.426636 0.000000 3232.047119 0.000000 0.932196 0.000000 0.361955 1.000000 1.000000 1.000000
155.131516 0.000000 3235.730469 0.000000 0.900890 0.000000 0.434047 0.000000 0.000000 0.000000
155.932800 0.000000 3239.878906 0.000000 0.989030 0.000000 0.147718 1.000000 1.000000 1.000000
149.503159 0.000000 3267.928467 0.000000 0.673058 0.000000 0.739589 1.000000 1.000000 1.000000
157.530350 0.000000 3246.901855 0.000000 0.790337 0.000000 0.612673 1.000000 1.000000 1.000000
169.204681 0.000000 3256.170654 0.000000 0.723597 0.000000 0.690223 0.000000 0.000000 0.000000
166.346771 0.000000 3273.866943 0.000000 0.986795 0.000000 0.161971 0.000000 0.000000 0.000000
157.020523 0.000000 3232.439697 0.000000 0.981490 0.000000 0.191514 0.000000 0.000000 0.000000
169.065125 0.000000 3271.314941 0.000000 0.942424 0.000000 0.334421 1.000000 1.000000 1.000000
137.278107 0.000000 3269.692871 0.000000 0.988938 0.000000 0.148328 1.000000 1.000000 1.000000
163.200424 0.000000 3232.406250 0.000000 0.718255 0.000000 0.695780 1.000000 1.000000 1.000000
153.706726 0.000000 3233.248779 0.000000 0.739626 0.000000 0.673018 1.000000 1.000000 1.000000
7.671620 0.000000 3300.950195 0.000000 0.837512 0.000000 0.546419 1.000000 1.000000 1.000000
58.368271 0.000000 3328.019775 0.000000 0.931640 0.000000 0.363382 0.000000 0.000000 0.000000
22.477802 0.000000 3310.987061 0.000000 0.732531 0.000000 0.680734 0.000000 0.000000 0.000000
23.890739 0.000000 3295.151367 0.000000 0.782076 0.000000 0.623183 0.000000 0.000000 0.000000
34.900955 0.000000 3276.158447 0.000000 0.882160 0.000000 0.470950 0.000000 0.000000 0.000000
31.825958 0.000000 3284.216064 0.000000 0.721003 0.000000 0.692932 1.000000 1.000000 1.000000
14.953268 0.000000 3330.065430 0.000000 0.765190 0.000000 0.643805 1.000000 1.000000 1.000000
1.017608 0.000000 3302.786865 0.000000 0.751401 0.000000 0.659846 0.000000 0.000000 0.000000
50.585175 0.000000 3303.988037 0.000000 0.684899 0.000000 0.728638 0.000000 0.000000 0.000000
14.875725 0.000000 3320.855713 0.000000 0.793439 0.000000 0.608650 0.000000 0.000000 0.000000
19.771839 0.000000 3298.719238 0.000000 0.724957 0.000000 0.688794 0.000000 0.000000 0.000000
3.837209 0.000000 3299.655762 0.000000 0.873066 0.000000 0.487602 1.000000 1.000000 1.000000
8.908510 0.000000 3321.993652 0.000000 0.988990 0.000000 0.147982 0.000000 0.000000 0.000000
41.065128 0.000000 3327.799316 0.000000 0.915214 0.000000 0.402968 1.000000 1.000000 1.000000
45.386604 0.000000 3330.800781 0.000000 0.966738 0.000000 0.255769 0.000000 0.000000 0.000000
53.861061 0.000000 3324.160156 0.000000 0.926739 0.000000 0.375707 1.000000 1.000000 1.000000
0.042355 0.000000 3276.101074 0.000000 0.813790 0.000000 0.581159 0.000000 0.000000 0.000000
33.448902 0.000000 3299.390625 0.000000 0.954989 0.000000 0.296642 1.000000 1.000000 1.000000
23.192017 0.000000 3321.984375 0.000000 0.862866 0.000000 0.505432 1.000000 1.000000 1.000000
53.519070 0.000000 3302.719238 0.000000 0.929881 0.000000 0.367860 1.000000 1.000000 1.000000
16.244335 0.000000 3305.291504 0.000000 0.767832 0.000000 0.640651 1.000000 1.000000 1.000000
7.213538 0.000000 3314.293701 0.000000 0.689436 0.000000 0.724347 1.000000 1.000000 1.000000
29.958828 0.000000 3286.294189 0.000000 0.923650 0.000000 0.383238 1.000000 1.000000 1.000000
79.130928 0.000000 3315.465576 0.000000 0.674574 0.000000 0.738207 0.000000 0.000000 0.000000
111.722519 0.000000 3320.413330 0.000000 0.954203 0.000000 0.299160 1.000000 1.000000 1.000000
66.396606 0.000000 3277.955811 0.000000 0.956666 0.000000 0.291187 1.000000 1.000000 1.000000
125.512291 0.000000 3276.119873 0.000000 0.756278 0.000000 0.654251 0.000000 0.000000 0.000000
71.914795 0.000000 3277.930664 0.000000 0.678434 0.000000 0.734662 1.000000 1.000000 1.000000
109.433884 0.000000 3305.822998 0.000000 0.749832 0.000000 0.661628 1.000000 1.000000 1.000000
90.364723 0.000000 3301.655029 0.000000 0.966194 0.000000 0.257815 1.000000 1.000000 1.000000
82.817444 0.000000 3306.537598 0.000000 0.773339 0.000000 0.633992 0.000000 0.000000 0.000000
118.173813 0.000000 3282.278076 0.000000 0.853565 0.000000 0.520986 0.000000 0.000000 0.000000
117.993912 0.000000 3297.379883 0.000000 0.881388 0.000000 0.472392 0.000000 0.000000 0.000000
102.535759 0.000000 3305.601807 0.000000 0.925384 0.000000 0.379031 0.000000 0.000000 0.000000
97.947800 0.000000 3325.567383 0.000000 0.855602 0.000000 0.517635 1.000000 1.000000 1.000000
109.311035 0.000000 3310.443604 0.000000 0.971540 0.000000 0.236875 1.000000 1.000000 1.000000
81.939384 0.000000 3317.889404 0.000000 0.789374 0.000000 0.613912 1.000000 1.000000 1.000000
93.530350 0.000000 3303.386230 0.000000 0.981380 0.000000 0.192076 1.000000 1.000000 1.000000
111.917358 0.000000 3312.875732 0.000000 0.980009 0.000000 0.198954 0.000000 0.000000 0.000000
116.014603 0.000000 3284.937012 0.000000 0.946582 0.000000 0.322463 1.000000 1.000000 1.000000
98.857529 0.000000 3305.222656 0.000000 0.919596 0.000000 0.392866 1.000000 1.000000 1.000000
88.572311 0.000000 3315.558105 0.000000 0.717751 0.000000 0.696300 0.000000 0.000000 0.000000
97.099709 0.000000 3310.043457 0.000000 0.937124 0.000000 0.348996 1.000000 1.000000 1.000000
123.100800 0.000000 3286.186523 0.000000 0.825179 0.000000 0.564872 1.000000 1.000000 1.000000
83.991608 0.000000 3309.321289 0.000000 0.884095 0.000000 0.467307 1.000000 1.000000 1.000000
125.032837 0.000000 3298.281738 0.000000 0.912824 0.000000 0.408352 1.000000 1.000000 1.000000
64.042358 0.000000 3276.101074 0.000000 0.975915 0.000000 0.218151 1.000000 1.000000 1.000000
85.934502 0.000000 3330.905762 0.000000 0.869681 0.000000 0.493614 0.000000 0.000000 0.000000
20.968512 0.000000 3384.703125 0.000000 0.673251 0.000000 0.739414 1.000000 1.000000 1.000000
28.793758 0.000000 3335.419922 0.000000 0.924671 0.000000 0.380768 0.000000 0.000000 0.000000
58.807110 0.000000 3339.232666 0.000000 0.839989 0.000000 0.542603 0.000000 0.000000 0.000000
31.453520 0.000000 3349.308350 0.000000 0.880080 0.000000 0.474826 0.000000 0.000000 0.000000
41.563477 0.000000 3359.069092 0.000000 0.667020 0.000000 0.745040 0.000000 0.000000 0.000000
20.569408 0.000000 3337.964600 0.000000 0.944932 0.000000 0.327266 0.000000 0.000000 0.000000
23.890739 0.000000 3351.635742 0.000000 0.908600 0.000000 0.417668 0.000000 0.000000 0.000000
14.873105 0.000000 3340.625244 0.000000 0.856984 0.000000 0.515344 0.000000 0.000000 0.000000
50.789413 0.000000 3344.665527 0.000000 0.903121 0.000000 0.429386 0.000000 0.000000 0.000000
61.658844 0.000000 3367.893799 0.000000 0.936728 0.000000 0.350058 1.000000 1.000000 1.000000
10.351432 0.000000 3353.457031 0.000000 0.713465 0.000000 0.700691 0.000000 0.000000 0.000000
35.991211 0.000000 3348.304688 0.000000 0.674538 0.000000 0.738240 1.000000 1.000000 1.000000
25.237591 0.000000 3338.737061 0.000000 0.722909 0.000000 0.690943 0.000000 0.000000 0.000000
59.211338 0.000000 3362.196289 0.000000 0.942378 0.000000 0.334550 1.000000 1.000000 1.000000
33.947796 0.000000 3382.051758 0.000000 0.770476 0.000000 0.637470 1.000000 1.000000 1.000000
54.382050 0.000000 3361.905762 0.000000 0.984130 0.000000 0.177447 0.000000 0.000000 0.000000
62.624443 0.000000 3341.398193 0.000000 0.904404 0.000000 0.426678 0.000000 0.000000 0.000000
0.156715 0.000000 3387.478271 0.000000 0.783830 0.000000 0.620976 0.000000 0.000000 0.000000
36.620575 0.000000 3379.286621 0.000000 0.960084 0.000000 0.279713 1.000000 1.000000 1.000000
23.371170 0.000000 3375.592041 0.000000 0.710051 0.000000 0.704150 0.000000 0.000000 0.000000
29.392126 0.000000 3377.251465 0.000000 0.838303 0.000000 0.545204 0.000000 0.000000 0.000000
35.667015 0.000000 3369.064453 0.000000 0.940862 0.000000 0.338790 1.000000 1.000000 1.000000
12.457558 0.000000 3384.354004 0.000000 0.836955 0.000000 0.547271 0.000000 0.000000 0.000000
25.661161 0.000000 3335.644287 0.000000 0.704532 0.000000 0.709672 1.000000 1.000000 1.000000
9.084748 0.000000 3343.395996 0.000000 0.904810 0.000000 0.425816 1.000000 1.000000 1.000000
58.504356 0.000000 3356.336914 0.000000 0.741958 0.000000 0.670447 1.000000 1.000000 1.000000
23.192017 0.000000 3378.468750 0.000000 0.977517 0.000000 0.210858 1.000000 1.000000 1.000000
85.705017 0.000000 3359.445801 0.000000 0.754215 0.000000 0.656628 0.000000 0.000000 0.000000
71.671623 0.000000 3357.434570 0.000000 0.889844 0.000000 0.456265 1.000000 1.000000 1.000000
95.453522 0.000000 3349.308350 0.000000 0.905068 0.000000 0.425267 1.000000 1.000000 1.000000
82.127716 0.000000 3345.854248 0.000000 0.760002 0.000000 0.649921 0.000000 0.000000 0.000000
90.122345 0.000000 3343.386475 0.000000 0.802476 0.000000 0.596684 0.000000 0.000000 0.000000
78.873108 0.000000 3340.625244 0.000000 0.983612 0.000000 0.180301 0.000000 0.000000 0.000000
65.017609 0.000000 3359.271240 0.000000 0.750517 0.000000 0.660851 1.000000 1.000000 1.000000
109.943581 0.000000 3334.933105 0.000000 0.975298 0.000000 0.220894 1.000000 1.000000 1.000000
75.929558 0.000000 3344.583984 0.000000 0.846329 0.000000 0.532661 0.000000 0.000000 0.000000
68.755348 0.000000 3360.450684 0.000000 0.882728 0.000000 0.469884 0.000000 0.000000 0.000000
79.197052 0.000000 3344.210938 0.000000 0.942898 0.000000 0.333081 1.000000 1.000000 1.000000
75.486984 0.000000 3341.137695 0.000000 0.910403 0.000000 0.413723 1.000000 1.000000 1.000000
76.526733 0.000000 3355.624023 0.000000 0.909127 0.000000 0.416518 1.000000 1.000000 1.000000
80.186287 0.000000 3351.729492 0.000000 0.724696 0.000000 0.689069 1.000000 1.000000 1.000000
89.283905 0.000000 3354.195801 0.000000 0.847578 0.000000 0.530672 1.000000 1.000000 1.000000
78.979874 0.000000 3357.418213 0.000000 0.986250 0.000000 0.165261 1.000000 1.000000 1.000000
85.235626 0.000000 3352.439209 0.000000 0.962755 0.000000 0.270376 1.000000 1.000000 1.000000
143.130920 0.000000 3315.465576 0.000000 0.969841 0.000000 0.243739 1.000000 1.000000 1.000000
136.407578 0.000000 3283.906006 0.000000 0.900381 0.000000 0.435102 0.000000 0.000000 0.000000
154.122345 0.000000 3286.902100 0.000000 0.877441 0.000000 0.479685 0.000000 0.000000 0.000000
184.550995 0.000000 3308.952881 0.000000 0.823442 0.000000 0.567401 1.000000 1.000000 1.000000
161.210297 0.000000 3320.967041 0.000000 0.967228 0.000000 0.253909 1.000000 1.000000 1.000000
172.760437 0.000000 3314.598877 0.000000 0.950074 0.000000 0.312025 1.000000 1.000000 1.000000
128.098709 0.000000 3283.042725 0.000000 0.687689 0.000000 0.726005 1.000000 1.000000 1.000000
178.842560 0.000000 3293.963623 0.000000 0.895822 0.000000 0.444414 0.000000 0.000000 0.000000
134.424667 0.000000 3296.453857 0.000000 0.681469 0.000000 0.731847 0.000000 0.000000 0.000000
139.941940 0.000000 3317.897705 0.000000 0.728308 0.000000 0.685250 1.000000 1.000000 1.000000
157.392120 0.000000 3320.767090 0.000000 0.961558 0.000000 0.274601 1.000000 1.000000 1.000000
146.230423 0.000000 3314.129395 0.000000 0.826360 0.000000 0.563142 0.000000 0.000000 0.000000
183.819290 0.000000 3294.924561 0.000000 0.872485 0.000000 0.488641 1.000000 1.000000 1.000000
137.604477 0.000000 3303.548096 0.000000 0.912923 0.000000 0.408132 1.000000 1.000000 1.000000
186.631775 0.000000 3311.230225 0.000000 0.986039 0.000000 0.166517 1.000000 1.000000 1.000000
128.936142 0.000000 3298.703369 0.000000 0.756724 0.000000 0.653734 1.000000 1.000000 1.000000
142.604950 0.000000 3323.670654 0.000000 0.985080 0.000000 0.172094 1.000000 1.000000 1.000000
142.979874 0.000000 3300.933838 0.000000 0.946080 0.000000 0.323932 1.000000 1.000000 1.000000
223.453522 0.000000 3292.823975 0.000000 0.670939 0.000000 0.741513 0.000000 0.000000 0.000000
215.890747 0.000000 3295.151367 0.000000 0.955846 0.000000 0.293867 0.000000 0.000000 0.000000
206.873108 0.000000 3284.140869 0.000000 0.833894 0.000000 0.551924 1.000000 1.000000 1.000000
200.667557 0.000000 3280.873047 0.000000 0.982830 0.000000 0.184513 1.000000 1.000000 1.000000
303.722504 0.000000 3263.928955 0.000000 0.760976 0.000000 0.648780 1.000000 1.000000 1.000000
305.272949 0.000000 3253.234375 0.000000 0.911829 0.000000 0.410571 1.000000 1.000000 1.000000
286.236908 0.000000 3272.139160 0.000000 0.831889 0.000000 0.554943 0.000000 0.000000 0.000000
300.412659 0.000000 3261.883057 0.000000 0.872686 0.000000 0.488281 1.000000 1.000000 1.000000
307.634186 0.000000 3262.337158 0.000000 0.703510 0.000000 0.710685 1.000000 1.000000 1.000000
293.432404 0.000000 3287.120850 0.000000 0.711630 0.000000 0.702555 0.000000 0.000000 0.000000
317.292694 0.000000 3288.652832 0.000000 0.809744 0.000000 0.586783 0.000000 0.000000 0.000000
300.063141 0.000000 3285.082764 0.000000 0.831904 0.000000 0.554919 1.000000 1.000000 1.000000
306.789429 0.000000 3288.181152 0.000000 0.824176 0.000000 0.566334 1.000000 1.000000 1.000000
310.173798 0.000000 3282.278076 0.000000 0.987229 0.000000 0.159311 1.000000 1.000000 1.000000
314.028473 0.000000 3289.192383 0.000000 0.927469 0.000000 0.373900 0.000000 0.000000 0.000000
315.100800 0.000000 3286.186523 0.000000 0.813245 0.000000 0.581921 1.000000 1.000000 1.000000
323.820892 0.000000 3289.899170 0.000000 0.772444 0.000000 0.635083 1.000000 1.000000 1.000000
310.864227 0.000000 3387.576660 0.000000 0.765403 0.000000 0.643551 0.000000 0.000000 0.000000
331.941925 0.000000 3374.382080 0.000000 0.848227 0.000000 0.529633 0.000000 0.000000 0.000000
345.680969 0.000000 3366.355713 0.000000 0.757177 0.000000 0.653210 1.000000 1.000000 1.000000
339.991608 0.000000 3365.805664 0.000000 0.736401 0.000000 0.676545 1.000000 1.000000 1.000000
18.283546 0.000000 3390.195312 0.000000 0.903262 0.000000 0.429089 0.000000 0.000000 0.000000
11.786283 0.000000 3394.115479 0.000000 0.826518 0.000000 0.562910 0.000000 0.000000 0.000000
5.464827 0.000000 3393.844482 0.000000 0.908086 0.000000 0.418784 1.000000 1.000000 1.000000
340.569397 0.000000 3394.448975 0.000000 0.862603 0.000000 0.505881 1.000000 1.000000 1.000000
352.426636 0.000000 3401.500244 0.000000 0.933025 0.000000 0.359812 1.000000 1.000000 1.000000
325.464813 0.000000 3393.844482 0.000000 0.943866 0.000000 0.330329 0.000000 0.000000 0.000000
338.190613 0.000000 3398.584717 0.000000 0.713022 0.000000 0.701141 0.000000 0.000000 0.000000
349.020508 0.000000 3401.892822 0.000000 0.970213 0.000000 0.242255 1.000000 1.000000 1.000000
355.200439 0.000000 3401.859375 0.000000 0.771519 0.000000 0.636207 1.000000 1.000000 1.000000
"}
object={
	name="european_dynamic_farmland_objects_generator_1_2"
	clamp_to_water_level=no
	render_under_water=no
	generated_content=yes
	layer="farms_dynamic"
	pdxmesh="european_province_subfarm_01_mesh"
	count=171
	transform="1.319075 0.000000 3258.497803 0.000000 0.954899 0.000000 -0.296931 0.000000 0.000000 0.000000
58.368271 0.000000 3271.535400 0.000000 0.995765 0.000000 -0.091935 1.000000 1.000000 1.000000
0.255028 0.000000 3266.750244 0.000000 0.942520 0.000000 -0.334148 0.000000 0.000000 0.000000
6.215335 0.000000 3268.547119 0.000000 0.943611 0.000000 -0.331057 0.000000 0.000000 0.000000
0.163141 0.000000 3254.355957 0.000000 0.897476 0.000000 -0.441063 0.000000 0.000000 0.000000
0.894741 0.000000 3249.909424 0.000000 0.938256 0.000000 -0.345941 1.000000 1.000000 1.000000
122.544518 0.000000 3260.032471 0.000000 0.999535 0.000000 -0.030499 0.000000 0.000000 0.000000
95.758545 0.000000 3249.769043 0.000000 0.984354 0.000000 -0.176201 0.000000 0.000000 0.000000
112.542023 0.000000 3242.194580 0.000000 0.972362 0.000000 -0.233479 1.000000 1.000000 1.000000
97.210304 0.000000 3264.482666 0.000000 0.994864 0.000000 -0.101222 0.000000 0.000000 0.000000
125.212860 0.000000 3245.001221 0.000000 0.998338 0.000000 0.057633 1.000000 1.000000 1.000000
102.535759 0.000000 3249.117432 0.000000 0.955909 0.000000 -0.293664 1.000000 1.000000 1.000000
102.889183 0.000000 3243.049072 0.000000 0.973452 0.000000 -0.228891 1.000000 1.000000 1.000000
85.503159 0.000000 3267.928467 0.000000 0.868205 0.000000 -0.496205 1.000000 1.000000 1.000000
115.863510 0.000000 3243.982178 0.000000 0.966063 0.000000 -0.258308 1.000000 1.000000 1.000000
115.634178 0.000000 3262.337158 0.000000 0.909488 0.000000 -0.415730 1.000000 1.000000 1.000000
117.519073 0.000000 3246.234863 0.000000 0.896720 0.000000 -0.442598 1.000000 1.000000 1.000000
102.469559 0.000000 3246.203369 0.000000 0.965093 0.000000 -0.261907 1.000000 1.000000 1.000000
166.231171 0.000000 3258.138428 0.000000 0.849290 0.000000 -0.527926 1.000000 1.000000 1.000000
132.458557 0.000000 3274.075439 0.000000 0.997348 0.000000 -0.072781 1.000000 1.000000 1.000000
186.368271 0.000000 3271.535400 0.000000 0.918666 0.000000 -0.395034 1.000000 1.000000 1.000000
139.929565 0.000000 3231.615234 0.000000 0.986485 0.000000 -0.163853 1.000000 1.000000 1.000000
147.007538 0.000000 3237.687744 0.000000 0.945555 0.000000 -0.325461 0.000000 0.000000 0.000000
163.991211 0.000000 3235.335938 0.000000 0.851183 0.000000 -0.524870 0.000000 0.000000 0.000000
165.098602 0.000000 3262.480469 0.000000 0.893535 0.000000 -0.448994 1.000000 1.000000 1.000000
175.868622 0.000000 3268.020264 0.000000 0.938959 0.000000 -0.344030 0.000000 0.000000 0.000000
172.376724 0.000000 3265.876953 0.000000 0.999920 0.000000 -0.012658 1.000000 1.000000 1.000000
187.981644 0.000000 3274.828613 0.000000 0.851400 0.000000 -0.524517 0.000000 0.000000 0.000000
166.581116 0.000000 3254.733887 0.000000 0.908972 0.000000 -0.416858 1.000000 1.000000 1.000000
140.112305 0.000000 3234.516113 0.000000 0.998269 0.000000 -0.058807 1.000000 1.000000 1.000000
161.448898 0.000000 3242.906250 0.000000 0.998721 0.000000 -0.050559 0.000000 0.000000 0.000000
28.793758 0.000000 3278.935547 0.000000 0.856813 0.000000 -0.515628 0.000000 0.000000 0.000000
56.065750 0.000000 3301.456299 0.000000 0.920606 0.000000 -0.390494 0.000000 0.000000 0.000000
30.530104 0.000000 3299.553711 0.000000 0.967239 0.000000 -0.253867 1.000000 1.000000 1.000000
44.662395 0.000000 3326.673828 0.000000 0.999384 0.000000 -0.035085 0.000000 0.000000 0.000000
61.248260 0.000000 3322.095703 0.000000 0.993498 0.000000 -0.113853 0.000000 0.000000 0.000000
58.511623 0.000000 3296.603760 0.000000 0.866702 0.000000 -0.498827 0.000000 0.000000 0.000000
12.552631 0.000000 3302.287842 0.000000 0.957238 0.000000 -0.289301 1.000000 1.000000 1.000000
18.817440 0.000000 3306.537598 0.000000 0.947758 0.000000 -0.318991 1.000000 1.000000 1.000000
62.419197 0.000000 3318.240967 0.000000 0.984331 0.000000 -0.176330 0.000000 0.000000 0.000000
13.506982 0.000000 3311.908203 0.000000 0.925671 0.000000 -0.378329 0.000000 0.000000 0.000000
48.648071 0.000000 3316.569580 0.000000 0.996857 0.000000 0.079222 1.000000 1.000000 1.000000
23.371170 0.000000 3319.107666 0.000000 0.926854 0.000000 -0.375422 0.000000 0.000000 0.000000
44.376724 0.000000 3322.361328 0.000000 0.910383 0.000000 -0.413767 0.000000 0.000000 0.000000
51.863510 0.000000 3300.466553 0.000000 0.999894 0.000000 -0.014552 0.000000 0.000000 0.000000
51.634178 0.000000 3318.821533 0.000000 0.996952 0.000000 -0.078019 1.000000 1.000000 1.000000
35.104145 0.000000 3284.635742 0.000000 0.952355 0.000000 -0.304993 1.000000 1.000000 1.000000
22.628391 0.000000 3306.120850 0.000000 0.893803 0.000000 -0.448461 1.000000 1.000000 1.000000
23.836504 0.000000 3326.706543 0.000000 0.875323 0.000000 -0.483538 0.000000 0.000000 0.000000
32.448994 0.000000 3302.089111 0.000000 0.898042 0.000000 -0.439909 1.000000 1.000000 1.000000
19.991604 0.000000 3309.321289 0.000000 0.879751 0.000000 -0.475435 1.000000 1.000000 1.000000
17.360935 0.000000 3322.254150 0.000000 0.967187 0.000000 -0.254066 1.000000 1.000000 1.000000
28.380161 0.000000 3330.944092 0.000000 0.991275 0.000000 -0.131808 1.000000 1.000000 1.000000
92.793762 0.000000 3278.935547 0.000000 0.999276 0.000000 0.038034 1.000000 1.000000 1.000000
95.453522 0.000000 3292.823975 0.000000 0.936838 0.000000 -0.349765 1.000000 1.000000 1.000000
101.982437 0.000000 3326.355469 0.000000 0.880188 0.000000 -0.474624 0.000000 0.000000 0.000000
66.500519 0.000000 3295.837891 0.000000 0.938040 0.000000 -0.346528 0.000000 0.000000 0.000000
108.760445 0.000000 3314.598877 0.000000 0.999754 0.000000 -0.022170 1.000000 1.000000 1.000000
96.032196 0.000000 3313.031738 0.000000 0.988946 0.000000 -0.148277 1.000000 1.000000 1.000000
105.385597 0.000000 3309.011963 0.000000 0.931689 0.000000 -0.363257 1.000000 1.000000 1.000000
119.531326 0.000000 3286.697510 0.000000 0.998992 0.000000 -0.044887 0.000000 0.000000 0.000000
90.709892 0.000000 3313.133789 0.000000 0.841783 0.000000 -0.539817 0.000000 0.000000 0.000000
89.237595 0.000000 3282.252686 0.000000 0.989205 0.000000 -0.146538 1.000000 1.000000 1.000000
105.322739 0.000000 3324.369385 0.000000 0.991119 0.000000 -0.132981 0.000000 0.000000 0.000000
85.503159 0.000000 3324.412842 0.000000 0.999892 0.000000 0.014727 1.000000 1.000000 1.000000
115.759064 0.000000 3307.458496 0.000000 0.900416 0.000000 -0.435029 1.000000 1.000000 1.000000
105.065125 0.000000 3327.799316 0.000000 0.973837 0.000000 -0.227248 1.000000 1.000000 1.000000
111.537231 0.000000 3303.222168 0.000000 0.981225 0.000000 -0.192868 0.000000 0.000000 0.000000
68.948601 0.000000 3276.208740 0.000000 0.946636 0.000000 -0.322304 1.000000 1.000000 1.000000
92.380157 0.000000 3330.944092 0.000000 0.995149 0.000000 -0.098381 1.000000 1.000000 1.000000
78.604950 0.000000 3323.670654 0.000000 0.874214 0.000000 -0.485540 0.000000 0.000000 0.000000
117.519073 0.000000 3302.719238 0.000000 0.842855 0.000000 -0.538141 1.000000 1.000000 1.000000
91.635559 0.000000 3299.144043 0.000000 0.999674 0.000000 0.025533 1.000000 1.000000 1.000000
92.947960 0.000000 3306.165527 0.000000 0.969456 0.000000 -0.245266 1.000000 1.000000 1.000000
102.469559 0.000000 3302.687744 0.000000 0.999618 0.000000 -0.027620 1.000000 1.000000 1.000000
47.722515 0.000000 3376.897705 0.000000 0.974131 0.000000 -0.225985 0.000000 0.000000 0.000000
14.007314 0.000000 3363.468262 0.000000 0.922805 0.000000 -0.385267 0.000000 0.000000 0.000000
2.500517 0.000000 3352.322266 0.000000 0.865167 0.000000 -0.501483 0.000000 0.000000 0.000000
25.621531 0.000000 3380.452881 0.000000 0.999675 0.000000 0.025482 1.000000 1.000000 1.000000
7.914793 0.000000 3334.415039 0.000000 0.892160 0.000000 -0.451720 0.000000 0.000000 0.000000
12.552631 0.000000 3358.772217 0.000000 0.995316 0.000000 -0.096670 0.000000 0.000000 0.000000
6.330485 0.000000 3344.675049 0.000000 0.993726 0.000000 0.111839 1.000000 1.000000 1.000000
53.013477 0.000000 3367.224365 0.000000 0.962866 0.000000 -0.269979 1.000000 1.000000 1.000000
51.759064 0.000000 3363.942871 0.000000 0.959291 0.000000 -0.282420 1.000000 1.000000 1.000000
22.628391 0.000000 3362.605225 0.000000 0.982164 0.000000 -0.188028 1.000000 1.000000 1.000000
15.197054 0.000000 3344.210938 0.000000 0.990808 0.000000 -0.135275 1.000000 1.000000 1.000000
24.572311 0.000000 3372.042480 0.000000 0.985306 0.000000 -0.170800 1.000000 1.000000 1.000000
47.537228 0.000000 3359.706543 0.000000 0.891658 0.000000 -0.452709 0.000000 0.000000 0.000000
21.934502 0.000000 3387.390137 0.000000 1.000000 0.000000 0.000488 0.000000 0.000000 0.000000
72.407578 0.000000 3340.390381 0.000000 0.981513 0.000000 -0.191397 0.000000 0.000000 0.000000
66.500519 0.000000 3352.322266 0.000000 0.854590 0.000000 -0.519303 0.000000 0.000000 0.000000
95.825958 0.000000 3340.700439 0.000000 0.901671 0.000000 -0.432422 1.000000 1.000000 1.000000
87.491867 0.000000 3333.209717 0.000000 0.843389 0.000000 -0.537304 1.000000 1.000000 1.000000
83.771835 0.000000 3355.203613 0.000000 0.992161 0.000000 0.124969 1.000000 1.000000 1.000000
91.932800 0.000000 3352.847656 0.000000 0.981267 0.000000 -0.192654 1.000000 1.000000 1.000000
99.104141 0.000000 3341.120117 0.000000 0.999701 0.000000 0.024436 1.000000 1.000000 1.000000
64.936134 0.000000 3355.187744 0.000000 0.998003 0.000000 0.063158 0.000000 0.000000 0.000000
149.705017 0.000000 3302.961426 0.000000 0.993858 0.000000 -0.110660 1.000000 1.000000 1.000000
135.671616 0.000000 3300.950195 0.000000 0.934523 0.000000 -0.355903 1.000000 1.000000 1.000000
154.979828 0.000000 3317.926514 0.000000 0.962649 0.000000 -0.270751 0.000000 0.000000 0.000000
168.832367 0.000000 3279.594971 0.000000 0.999998 0.000000 0.002113 0.000000 0.000000 0.000000
150.477798 0.000000 3310.987061 0.000000 0.995919 0.000000 -0.090255 0.000000 0.000000 0.000000
148.089462 0.000000 3320.910645 0.000000 0.995972 0.000000 -0.089663 1.000000 1.000000 1.000000
169.260620 0.000000 3320.315918 0.000000 0.977241 0.000000 -0.212133 0.000000 0.000000 0.000000
182.816757 0.000000 3277.344482 0.000000 0.999999 0.000000 0.001049 1.000000 1.000000 1.000000
129.017609 0.000000 3302.786865 0.000000 0.868016 0.000000 -0.496536 1.000000 1.000000 1.000000
189.658844 0.000000 3311.409424 0.000000 0.999397 0.000000 -0.034721 1.000000 1.000000 1.000000
154.364716 0.000000 3301.655029 0.000000 0.994267 0.000000 -0.106922 1.000000 1.000000 1.000000
184.315582 0.000000 3313.102783 0.000000 0.924310 0.000000 -0.381641 1.000000 1.000000 1.000000
151.371170 0.000000 3319.107666 0.000000 0.844456 0.000000 -0.535625 1.000000 1.000000 1.000000
151.293594 0.000000 3299.658447 0.000000 0.841477 0.000000 -0.540292 0.000000 0.000000 0.000000
170.673431 0.000000 3276.237549 0.000000 0.843277 0.000000 -0.537479 0.000000 0.000000 0.000000
157.530350 0.000000 3303.386230 0.000000 0.998221 0.000000 -0.059631 1.000000 1.000000 1.000000
139.406174 0.000000 3309.164551 0.000000 0.948706 0.000000 -0.316160 1.000000 1.000000 1.000000
134.724258 0.000000 3309.601318 0.000000 0.999414 0.000000 -0.034224 1.000000 1.000000 1.000000
180.463928 0.000000 3291.175537 0.000000 0.991804 0.000000 0.127769 1.000000 1.000000 1.000000
153.917191 0.000000 3320.859863 0.000000 0.945868 0.000000 -0.324551 1.000000 1.000000 1.000000
145.664764 0.000000 3282.749756 0.000000 0.955603 0.000000 -0.294657 1.000000 1.000000 1.000000
145.360931 0.000000 3322.254150 0.000000 0.999922 0.000000 0.012530 1.000000 1.000000 1.000000
129.451508 0.000000 3285.486084 0.000000 0.934230 0.000000 -0.356671 1.000000 1.000000 1.000000
149.235626 0.000000 3295.954834 0.000000 0.916377 0.000000 -0.400316 1.000000 1.000000 1.000000
200.407578 0.000000 3283.906006 0.000000 0.972664 0.000000 -0.232218 0.000000 0.000000 0.000000
207.273132 0.000000 3298.012207 0.000000 0.997983 0.000000 0.063485 1.000000 1.000000 1.000000
196.032562 0.000000 3307.705322 0.000000 0.986377 0.000000 -0.164503 0.000000 0.000000 0.000000
193.017609 0.000000 3302.786865 0.000000 0.935344 0.000000 -0.353740 1.000000 1.000000 1.000000
203.929565 0.000000 3288.099609 0.000000 0.999353 0.000000 -0.035963 0.000000 0.000000 0.000000
202.351425 0.000000 3296.972656 0.000000 0.885087 0.000000 -0.465425 1.000000 1.000000 1.000000
195.837204 0.000000 3299.655762 0.000000 0.999634 0.000000 0.027068 0.000000 0.000000 0.000000
207.831329 0.000000 3280.265625 0.000000 0.853957 0.000000 -0.520344 1.000000 1.000000 1.000000
207.197052 0.000000 3287.726562 0.000000 0.998252 0.000000 0.059101 1.000000 1.000000 1.000000
203.486984 0.000000 3284.653320 0.000000 0.977294 0.000000 -0.211886 1.000000 1.000000 1.000000
204.112305 0.000000 3291.000488 0.000000 0.947223 0.000000 -0.320576 0.000000 0.000000 0.000000
208.186279 0.000000 3295.245117 0.000000 0.970226 0.000000 -0.242203 1.000000 1.000000 1.000000
276.968506 0.000000 3271.734375 0.000000 0.994750 0.000000 -0.102339 1.000000 1.000000 1.000000
314.544525 0.000000 3260.032471 0.000000 0.955396 0.000000 -0.295329 0.000000 0.000000 0.000000
314.368286 0.000000 3271.535400 0.000000 0.992330 0.000000 -0.123614 0.000000 0.000000 0.000000
300.760437 0.000000 3258.114502 0.000000 0.973462 0.000000 -0.228851 0.000000 0.000000 0.000000
308.365417 0.000000 3258.875732 0.000000 0.866837 0.000000 -0.498592 1.000000 1.000000 1.000000
286.953552 0.000000 3275.861816 0.000000 0.998471 0.000000 -0.055277 1.000000 1.000000 1.000000
304.580475 0.000000 3250.050049 0.000000 0.999713 0.000000 0.023938 1.000000 1.000000 1.000000
309.519073 0.000000 3246.234863 0.000000 0.891002 0.000000 -0.454000 0.000000 0.000000 0.000000
284.793762 0.000000 3278.935547 0.000000 0.855485 0.000000 -0.517828 1.000000 1.000000 1.000000
314.807098 0.000000 3282.748291 0.000000 0.969786 0.000000 -0.243957 1.000000 1.000000 1.000000
296.832367 0.000000 3279.594971 0.000000 0.995919 0.000000 -0.090248 0.000000 0.000000 0.000000
306.842560 0.000000 3293.963623 0.000000 0.913488 0.000000 -0.406866 0.000000 0.000000 0.000000
292.045868 0.000000 3281.368652 0.000000 0.992592 0.000000 0.121492 1.000000 1.000000 1.000000
311.531342 0.000000 3286.697510 0.000000 0.974372 0.000000 -0.224942 1.000000 1.000000 1.000000
296.015656 0.000000 3283.722412 0.000000 0.864583 0.000000 -0.502489 1.000000 1.000000 1.000000
284.431702 0.000000 3283.601562 0.000000 0.942076 0.000000 -0.335399 0.000000 0.000000 0.000000
291.104156 0.000000 3284.635742 0.000000 0.898289 0.000000 -0.439405 0.000000 0.000000 0.000000
282.987274 0.000000 3276.182617 0.000000 0.964465 0.000000 -0.264211 1.000000 1.000000 1.000000
308.463928 0.000000 3291.175537 0.000000 0.994858 0.000000 -0.101277 0.000000 0.000000 0.000000
298.835907 0.000000 3282.100098 0.000000 0.977134 0.000000 -0.212626 1.000000 1.000000 1.000000
292.575256 0.000000 3278.482666 0.000000 0.987972 0.000000 -0.154631 1.000000 1.000000 1.000000
327.671631 0.000000 3300.950195 0.000000 0.844352 0.000000 -0.535789 0.000000 0.000000 0.000000
320.098694 0.000000 3283.042725 0.000000 0.952631 0.000000 -0.304130 1.000000 1.000000 1.000000
324.048035 0.000000 3284.443848 0.000000 0.998683 0.000000 0.051312 1.000000 1.000000 1.000000
323.837219 0.000000 3299.655762 0.000000 0.999807 0.000000 0.019636 0.000000 0.000000 0.000000
326.424652 0.000000 3296.453857 0.000000 0.955962 0.000000 -0.293490 1.000000 1.000000 1.000000
322.356842 0.000000 3280.991943 0.000000 0.997810 0.000000 -0.066143 0.000000 0.000000 0.000000
320.936127 0.000000 3298.703369 0.000000 0.935270 0.000000 -0.353935 1.000000 1.000000 1.000000
311.107971 0.000000 3377.779541 0.000000 0.931602 0.000000 -0.363480 0.000000 0.000000 0.000000
321.319061 0.000000 3371.466553 0.000000 0.994596 0.000000 0.103825 0.000000 0.000000 0.000000
329.203827 0.000000 3368.278809 0.000000 0.993843 0.000000 -0.110798 1.000000 1.000000 1.000000
337.256927 0.000000 3367.292969 0.000000 0.964623 0.000000 -0.263632 1.000000 1.000000 1.000000
338.230438 0.000000 3370.613770 0.000000 0.880276 0.000000 -0.474461 0.000000 0.000000 0.000000
7.914793 0.000000 3390.899414 0.000000 0.997442 0.000000 0.071477 1.000000 1.000000 1.000000
322.396606 0.000000 3390.924561 0.000000 0.884077 0.000000 -0.467341 0.000000 0.000000 0.000000
357.432404 0.000000 3400.089600 0.000000 0.975303 0.000000 -0.220873 0.000000 0.000000 0.000000
345.237579 0.000000 3395.221436 0.000000 0.903185 0.000000 -0.429251 1.000000 1.000000 1.000000
348.431702 0.000000 3396.570312 0.000000 0.963354 0.000000 -0.268232 1.000000 1.000000 1.000000
"}
object={
	name="european_dynamic_farmland_objects_generator_1_3"
	clamp_to_water_level=no
	render_under_water=no
	generated_content=yes
	layer="farms_dynamic"
	pdxmesh="european_province_subfarm_02_mesh"
	count=179
	transform="44.662395 0.000000 3270.189453 0.000000 0.492927 0.000000 -0.870071 0.000000 0.000000 0.000000
1.884608 0.000000 3270.661865 0.000000 0.354500 0.000000 -0.935056 0.000000 0.000000 0.000000
51.402554 0.000000 3273.576660 0.000000 0.450373 0.000000 -0.892841 1.000000 1.000000 1.000000
84.089462 0.000000 3264.426270 0.000000 0.809656 0.000000 -0.586905 1.000000 1.000000 1.000000
96.032196 0.000000 3256.547363 0.000000 0.669422 0.000000 -0.742882 1.000000 1.000000 1.000000
116.365425 0.000000 3258.875732 0.000000 0.763066 0.000000 -0.646321 0.000000 0.000000 0.000000
89.621529 0.000000 3267.484131 0.000000 0.515849 0.000000 -0.856680 1.000000 1.000000 1.000000
90.709892 0.000000 3256.649414 0.000000 0.821160 0.000000 -0.570699 0.000000 0.000000 0.000000
89.505737 0.000000 3273.381104 0.000000 0.704735 0.000000 -0.709471 0.000000 0.000000 0.000000
117.993912 0.000000 3240.895508 0.000000 0.669547 0.000000 -0.742770 0.000000 0.000000 0.000000
95.334412 0.000000 3260.594727 0.000000 0.822829 0.000000 -0.568290 1.000000 1.000000 1.000000
109.374916 0.000000 3244.531006 0.000000 0.628355 0.000000 -0.777927 1.000000 1.000000 1.000000
125.507988 0.000000 3269.386230 0.000000 0.746751 0.000000 -0.665104 0.000000 0.000000 0.000000
87.371170 0.000000 3262.623291 0.000000 0.416143 0.000000 -0.909299 0.000000 0.000000 0.000000
106.288345 0.000000 3242.757080 0.000000 0.471732 0.000000 -0.881742 1.000000 1.000000 1.000000
97.099709 0.000000 3253.559082 0.000000 0.654867 0.000000 -0.755744 1.000000 1.000000 1.000000
89.917198 0.000000 3264.375488 0.000000 0.295728 0.000000 -0.955272 1.000000 1.000000 1.000000
74.072250 0.000000 3275.781494 0.000000 0.416899 0.000000 -0.908953 1.000000 1.000000 1.000000
85.934502 0.000000 3274.421387 0.000000 0.792874 0.000000 -0.609385 1.000000 1.000000 1.000000
87.192017 0.000000 3265.500000 0.000000 0.446496 0.000000 -0.894786 1.000000 1.000000 1.000000
176.205399 0.000000 3276.068115 0.000000 0.759654 0.000000 -0.650327 1.000000 1.000000 1.000000
135.671616 0.000000 3244.465820 0.000000 0.759485 0.000000 -0.650525 0.000000 0.000000 0.000000
159.453522 0.000000 3236.339600 0.000000 0.729101 0.000000 -0.684406 0.000000 0.000000 0.000000
143.273132 0.000000 3241.527832 0.000000 0.817576 0.000000 -0.575820 0.000000 0.000000 0.000000
154.122345 0.000000 3230.417725 0.000000 0.318307 0.000000 -0.947988 0.000000 0.000000 0.000000
148.089462 0.000000 3264.426270 0.000000 0.762646 0.000000 -0.646816 0.000000 0.000000 0.000000
130.500519 0.000000 3239.353516 0.000000 0.570506 0.000000 -0.821294 1.000000 1.000000 1.000000
160.032196 0.000000 3256.547363 0.000000 0.613954 0.000000 -0.789341 0.000000 0.000000 0.000000
169.260620 0.000000 3263.831543 0.000000 0.337765 0.000000 -0.941231 0.000000 0.000000 0.000000
169.385590 0.000000 3252.527588 0.000000 0.693990 0.000000 -0.719985 0.000000 0.000000 0.000000
163.764938 0.000000 3245.456543 0.000000 0.649463 0.000000 -0.760393 0.000000 0.000000 0.000000
142.220581 0.000000 3236.690186 0.000000 0.622206 0.000000 -0.782854 0.000000 0.000000 0.000000
138.351425 0.000000 3240.488281 0.000000 0.536074 0.000000 -0.844171 1.000000 1.000000 1.000000
150.937180 0.000000 3234.036621 0.000000 0.417912 0.000000 -0.908487 1.000000 1.000000 1.000000
153.505737 0.000000 3273.381104 0.000000 0.747378 0.000000 -0.664399 0.000000 0.000000 0.000000
154.364716 0.000000 3245.170654 0.000000 0.783360 0.000000 -0.621569 1.000000 1.000000 1.000000
159.334412 0.000000 3260.594727 0.000000 0.580837 0.000000 -0.814020 0.000000 0.000000 0.000000
176.024094 0.000000 3272.144287 0.000000 0.346634 0.000000 -0.938000 1.000000 1.000000 1.000000
132.755356 0.000000 3247.481934 0.000000 0.450414 0.000000 -0.892820 0.000000 0.000000 0.000000
162.735794 0.000000 3259.262451 0.000000 0.495469 0.000000 -0.868625 1.000000 1.000000 1.000000
179.402557 0.000000 3273.576660 0.000000 0.305451 0.000000 -0.952208 1.000000 1.000000 1.000000
169.656021 0.000000 3259.719238 0.000000 0.600941 0.000000 -0.799294 0.000000 0.000000 0.000000
140.526733 0.000000 3242.655273 0.000000 0.782357 0.000000 -0.622830 1.000000 1.000000 1.000000
2.396606 0.000000 3277.955811 0.000000 0.479718 0.000000 -0.877423 1.000000 1.000000 1.000000
11.959483 0.000000 3324.584717 0.000000 0.291012 0.000000 -0.956719 0.000000 0.000000 0.000000
63.957878 0.000000 3296.992676 0.000000 0.482826 0.000000 -0.875716 0.000000 0.000000 0.000000
38.893517 0.000000 3295.541016 0.000000 0.693038 0.000000 -0.720901 1.000000 1.000000 1.000000
20.089460 0.000000 3320.910645 0.000000 0.661382 0.000000 -0.750049 1.000000 1.000000 1.000000
52.365425 0.000000 3315.360107 0.000000 0.794681 0.000000 -0.607027 0.000000 0.000000 0.000000
63.586391 0.000000 3329.528320 0.000000 0.557431 0.000000 -0.830224 0.000000 0.000000 0.000000
36.045864 0.000000 3281.368652 0.000000 0.528522 0.000000 -0.848920 1.000000 1.000000 1.000000
4.755349 0.000000 3303.966309 0.000000 0.642305 0.000000 -0.766449 1.000000 1.000000 1.000000
23.293589 0.000000 3299.658447 0.000000 0.423341 0.000000 -0.905971 1.000000 1.000000 1.000000
4.957437 0.000000 3315.940918 0.000000 0.294533 0.000000 -0.955641 1.000000 1.000000 1.000000
29.530346 0.000000 3303.386230 0.000000 0.688147 0.000000 -0.725571 1.000000 1.000000 1.000000
55.060726 0.000000 3317.693359 0.000000 0.786643 0.000000 -0.617408 1.000000 1.000000 1.000000
28.431702 0.000000 3283.601562 0.000000 0.821296 0.000000 -0.570502 1.000000 1.000000 1.000000
47.537228 0.000000 3303.222168 0.000000 0.588114 0.000000 -0.808778 1.000000 1.000000 1.000000
2.356853 0.000000 3280.991943 0.000000 0.375740 0.000000 -0.926725 0.000000 0.000000 0.000000
9.604484 0.000000 3303.548096 0.000000 0.836797 0.000000 -0.547513 1.000000 1.000000 1.000000
30.608797 0.000000 3281.633301 0.000000 0.529733 0.000000 -0.848165 1.000000 1.000000 1.000000
36.575264 0.000000 3278.482666 0.000000 0.507507 0.000000 -0.861648 1.000000 1.000000 1.000000
113.272934 0.000000 3309.718750 0.000000 0.668591 0.000000 -0.743630 1.000000 1.000000 1.000000
97.210304 0.000000 3320.967041 0.000000 0.577970 0.000000 -0.816058 1.000000 1.000000 1.000000
118.816757 0.000000 3277.344482 0.000000 0.351676 0.000000 -0.936122 0.000000 0.000000 0.000000
114.585175 0.000000 3303.988037 0.000000 0.508897 0.000000 -0.860827 1.000000 1.000000 1.000000
106.009567 0.000000 3331.030518 0.000000 0.307192 0.000000 -0.951647 1.000000 1.000000 1.000000
108.083351 0.000000 3296.154785 0.000000 0.546713 0.000000 -0.837320 0.000000 0.000000 0.000000
93.237434 0.000000 3309.615967 0.000000 0.660955 0.000000 -0.750426 1.000000 1.000000 1.000000
91.932800 0.000000 3296.363281 0.000000 0.395171 0.000000 -0.918608 1.000000 1.000000 1.000000
118.382050 0.000000 3305.421387 0.000000 0.369194 0.000000 -0.929352 1.000000 1.000000 1.000000
108.376724 0.000000 3322.361328 0.000000 0.348539 0.000000 -0.937294 1.000000 1.000000 1.000000
115.863510 0.000000 3300.466553 0.000000 0.766935 0.000000 -0.641724 1.000000 1.000000 1.000000
82.579117 0.000000 3331.282715 0.000000 0.422158 0.000000 -0.906522 0.000000 0.000000 0.000000
111.145569 0.000000 3294.241699 0.000000 0.635062 0.000000 -0.772461 1.000000 1.000000 1.000000
105.204681 0.000000 3312.655029 0.000000 0.585262 0.000000 -0.810845 0.000000 0.000000 0.000000
93.392128 0.000000 3320.767090 0.000000 0.463564 0.000000 -0.886063 1.000000 1.000000 1.000000
102.346771 0.000000 3330.351318 0.000000 0.345983 0.000000 -0.938241 1.000000 1.000000 1.000000
75.406174 0.000000 3309.164551 0.000000 0.724481 0.000000 -0.689295 0.000000 0.000000 0.000000
122.028488 0.000000 3289.192383 0.000000 0.417907 0.000000 -0.908490 0.000000 0.000000 0.000000
99.667015 0.000000 3312.580078 0.000000 0.345880 0.000000 -0.938279 1.000000 1.000000 1.000000
81.722641 0.000000 3328.270996 0.000000 0.757145 0.000000 -0.653247 1.000000 1.000000 1.000000
93.423065 0.000000 3314.645508 0.000000 0.549049 0.000000 -0.835790 1.000000 1.000000 1.000000
102.581123 0.000000 3311.218262 0.000000 0.734870 0.000000 -0.678208 0.000000 0.000000 0.000000
122.504356 0.000000 3299.852539 0.000000 0.409005 0.000000 -0.912532 1.000000 1.000000 1.000000
97.448898 0.000000 3299.390625 0.000000 0.695053 0.000000 -0.718959 0.000000 0.000000 0.000000
88.795364 0.000000 3304.005859 0.000000 0.322044 0.000000 -0.946725 0.000000 0.000000 0.000000
94.952560 0.000000 3295.605957 0.000000 0.732616 0.000000 -0.680642 1.000000 1.000000 1.000000
37.982437 0.000000 3382.839844 0.000000 0.536354 0.000000 -0.843993 0.000000 0.000000 0.000000
26.122341 0.000000 3343.386475 0.000000 0.288340 0.000000 -0.957528 0.000000 0.000000 0.000000
20.089460 0.000000 3377.395020 0.000000 0.730580 0.000000 -0.682827 0.000000 0.000000 0.000000
33.210304 0.000000 3377.451416 0.000000 0.660763 0.000000 -0.750595 1.000000 1.000000 1.000000
14.953268 0.000000 3386.549805 0.000000 0.580374 0.000000 -0.814350 1.000000 1.000000 1.000000
50.585175 0.000000 3360.472412 0.000000 0.781589 0.000000 -0.623794 0.000000 0.000000 0.000000
23.491865 0.000000 3333.209717 0.000000 0.734936 0.000000 -0.678136 0.000000 0.000000 0.000000
22.937183 0.000000 3347.005371 0.000000 0.281828 0.000000 -0.959465 0.000000 0.000000 0.000000
32.426636 0.000000 3345.015869 0.000000 0.754474 0.000000 -0.656330 1.000000 1.000000 1.000000
48.648071 0.000000 3373.053955 0.000000 0.474057 0.000000 -0.880494 1.000000 1.000000 1.000000
41.656025 0.000000 3372.687988 0.000000 0.770311 0.000000 -0.637668 1.000000 1.000000 1.000000
18.230425 0.000000 3370.613770 0.000000 0.838577 0.000000 -0.544783 1.000000 1.000000 1.000000
35.104145 0.000000 3341.120117 0.000000 0.527892 0.000000 -0.849311 0.000000 0.000000 0.000000
26.987261 0.000000 3332.666992 0.000000 0.834691 0.000000 -0.550719 0.000000 0.000000 0.000000
23.836504 0.000000 3383.190918 0.000000 0.801094 0.000000 -0.598539 1.000000 1.000000 1.000000
11.486983 0.000000 3341.137695 0.000000 0.708304 0.000000 -0.705907 0.000000 0.000000 0.000000
19.991604 0.000000 3365.805664 0.000000 0.393832 0.000000 -0.919183 1.000000 1.000000 1.000000
58.631771 0.000000 3367.714600 0.000000 0.670238 0.000000 -0.742146 1.000000 1.000000 1.000000
30.608797 0.000000 3338.117676 0.000000 0.833266 0.000000 -0.552872 1.000000 1.000000 1.000000
104.832367 0.000000 3336.079346 0.000000 0.452782 0.000000 -0.891621 1.000000 1.000000 1.000000
79.273125 0.000000 3354.496582 0.000000 0.432801 0.000000 -0.901489 1.000000 1.000000 1.000000
98.900955 0.000000 3332.642822 0.000000 0.574102 0.000000 -0.818784 1.000000 1.000000 1.000000
74.351433 0.000000 3353.457031 0.000000 0.474521 0.000000 -0.880244 0.000000 0.000000 0.000000
91.131508 0.000000 3348.699219 0.000000 0.750530 0.000000 -0.660837 1.000000 1.000000 1.000000
67.837212 0.000000 3356.140137 0.000000 0.411654 0.000000 -0.911340 1.000000 1.000000 1.000000
70.424667 0.000000 3352.938232 0.000000 0.317963 0.000000 -0.948103 0.000000 0.000000 0.000000
102.686340 0.000000 3332.883789 0.000000 0.647123 0.000000 -0.762385 0.000000 0.000000 0.000000
87.293587 0.000000 3356.142822 0.000000 0.508940 0.000000 -0.860802 1.000000 1.000000 1.000000
106.673431 0.000000 3332.721924 0.000000 0.814541 0.000000 -0.580106 1.000000 1.000000 1.000000
92.431702 0.000000 3340.085938 0.000000 0.803601 0.000000 -0.595168 0.000000 0.000000 0.000000
64.894737 0.000000 3362.878174 0.000000 0.592237 0.000000 -0.805763 1.000000 1.000000 1.000000
94.961891 0.000000 3333.539551 0.000000 0.646786 0.000000 -0.762672 1.000000 1.000000 1.000000
99.200424 0.000000 3345.375000 0.000000 0.429482 0.000000 -0.903075 1.000000 1.000000 1.000000
166.231171 0.000000 3314.622803 0.000000 0.701048 0.000000 -0.713115 0.000000 0.000000 0.000000
159.758545 0.000000 3306.253418 0.000000 0.690540 0.000000 -0.723294 0.000000 0.000000 0.000000
130.396606 0.000000 3277.955811 0.000000 0.829400 0.000000 -0.558656 0.000000 0.000000 0.000000
191.487244 0.000000 3306.321533 0.000000 0.584111 0.000000 -0.811674 0.000000 0.000000 0.000000
132.032562 0.000000 3307.705322 0.000000 0.516651 0.000000 -0.856196 1.000000 1.000000 1.000000
189.512299 0.000000 3276.119873 0.000000 0.315475 0.000000 -0.948934 0.000000 0.000000 0.000000
180.365417 0.000000 3315.360107 0.000000 0.816765 0.000000 -0.576970 1.000000 1.000000 1.000000
173.943573 0.000000 3278.448730 0.000000 0.608795 0.000000 -0.793328 0.000000 0.000000 0.000000
140.552628 0.000000 3302.287842 0.000000 0.736669 0.000000 -0.676254 1.000000 1.000000 1.000000
181.993912 0.000000 3297.379883 0.000000 0.810163 0.000000 -0.586204 1.000000 1.000000 1.000000
139.786285 0.000000 3281.146729 0.000000 0.618773 0.000000 -0.785570 1.000000 1.000000 1.000000
143.831329 0.000000 3280.265625 0.000000 0.457339 0.000000 -0.889293 1.000000 1.000000 1.000000
136.908508 0.000000 3321.993652 0.000000 0.358808 0.000000 -0.933411 1.000000 1.000000 1.000000
176.648071 0.000000 3316.569580 0.000000 0.346301 0.000000 -0.938124 0.000000 0.000000 0.000000
181.013474 0.000000 3310.739990 0.000000 0.510550 0.000000 -0.859848 1.000000 1.000000 1.000000
186.385132 0.000000 3278.685791 0.000000 0.413467 0.000000 -0.910519 0.000000 0.000000 0.000000
137.866180 0.000000 3315.166016 0.000000 0.737298 0.000000 -0.675567 0.000000 0.000000 0.000000
153.680984 0.000000 3309.871338 0.000000 0.742415 0.000000 -0.669940 0.000000 0.000000 0.000000
152.572311 0.000000 3315.558105 0.000000 0.668653 0.000000 -0.743574 0.000000 0.000000 0.000000
136.667557 0.000000 3280.873047 0.000000 0.391174 0.000000 -0.920317 1.000000 1.000000 1.000000
140.526733 0.000000 3299.139648 0.000000 0.824900 0.000000 -0.565279 0.000000 0.000000 0.000000
178.798111 0.000000 3312.774902 0.000000 0.349171 0.000000 -0.937059 1.000000 1.000000 1.000000
131.820877 0.000000 3289.899170 0.000000 0.572526 0.000000 -0.819887 1.000000 1.000000 1.000000
151.192017 0.000000 3321.984375 0.000000 0.461674 0.000000 -0.887049 1.000000 1.000000 1.000000
144.244339 0.000000 3305.291504 0.000000 0.633415 0.000000 -0.773812 1.000000 1.000000 1.000000
144.186279 0.000000 3295.245117 0.000000 0.775985 0.000000 -0.630751 1.000000 1.000000 1.000000
210.127716 0.000000 3289.369873 0.000000 0.834030 0.000000 -0.551719 0.000000 0.000000 0.000000
199.914795 0.000000 3277.930664 0.000000 0.286882 0.000000 -0.957966 0.000000 0.000000 0.000000
204.552628 0.000000 3302.287842 0.000000 0.565776 0.000000 -0.824559 0.000000 0.000000 0.000000
211.007538 0.000000 3294.172119 0.000000 0.645071 0.000000 -0.764123 1.000000 1.000000 1.000000
203.786285 0.000000 3281.146729 0.000000 0.619793 0.000000 -0.784765 1.000000 1.000000 1.000000
204.526733 0.000000 3299.139648 0.000000 0.473298 0.000000 -0.880903 1.000000 1.000000 1.000000
212.094955 0.000000 3291.494629 0.000000 0.827122 0.000000 -0.562022 1.000000 1.000000 1.000000
293.982422 0.000000 3269.871094 0.000000 0.673187 0.000000 -0.739472 0.000000 0.000000 0.000000
310.382050 0.000000 3248.937012 0.000000 0.617266 0.000000 -0.786755 1.000000 1.000000 1.000000
307.214050 0.000000 3265.866699 0.000000 0.670815 0.000000 -0.741625 0.000000 0.000000 0.000000
297.322723 0.000000 3267.885010 0.000000 0.614549 0.000000 -0.788879 1.000000 1.000000 1.000000
311.060730 0.000000 3261.208984 0.000000 0.810600 0.000000 -0.585600 0.000000 0.000000 0.000000
277.934509 0.000000 3274.421387 0.000000 0.810183 0.000000 -0.586177 1.000000 1.000000 1.000000
303.663208 0.000000 3286.105713 0.000000 0.469651 0.000000 -0.882852 1.000000 1.000000 1.000000
300.194824 0.000000 3288.171143 0.000000 0.448761 0.000000 -0.893652 1.000000 1.000000 1.000000
286.608795 0.000000 3281.633301 0.000000 0.283530 0.000000 -0.958963 1.000000 1.000000 1.000000
321.451385 0.000000 3288.269287 0.000000 0.521967 0.000000 -0.852966 1.000000 1.000000 1.000000
329.400879 0.000000 3292.212891 0.000000 0.347332 0.000000 -0.937742 0.000000 0.000000 0.000000
314.544525 0.000000 3373.001221 0.000000 0.457027 0.000000 -0.889453 0.000000 0.000000 0.000000
317.507996 0.000000 3382.354980 0.000000 0.722732 0.000000 -0.691129 1.000000 1.000000 1.000000
314.305237 0.000000 3376.559570 0.000000 0.505437 0.000000 -0.862864 0.000000 0.000000 0.000000
335.130920 0.000000 3371.949951 0.000000 0.627291 0.000000 -0.778785 1.000000 1.000000 1.000000
324.763550 0.000000 3368.770264 0.000000 0.758133 0.000000 -0.652099 1.000000 1.000000 1.000000
333.506989 0.000000 3368.392578 0.000000 0.508303 0.000000 -0.861178 1.000000 1.000000 1.000000
1.451387 0.000000 3401.238037 0.000000 0.526150 0.000000 -0.850392 0.000000 0.000000 0.000000
2.396606 0.000000 3390.924561 0.000000 0.444819 0.000000 -0.895620 1.000000 1.000000 1.000000
2.356853 0.000000 3393.960693 0.000000 0.614564 0.000000 -0.788867 1.000000 1.000000 1.000000
8.667559 0.000000 3393.841797 0.000000 0.644078 0.000000 -0.764960 1.000000 1.000000 1.000000
334.873108 0.000000 3397.109619 0.000000 0.476068 0.000000 -0.879409 0.000000 0.000000 0.000000
341.668732 0.000000 3398.851318 0.000000 0.773705 0.000000 -0.633546 0.000000 0.000000 0.000000
335.831329 0.000000 3393.234375 0.000000 0.445234 0.000000 -0.895414 1.000000 1.000000 1.000000
355.104156 0.000000 3397.604492 0.000000 0.625334 0.000000 -0.780357 0.000000 0.000000 0.000000
"}
object={
	name="european_dynamic_farmland_objects_generator_1_4"
	clamp_to_water_level=no
	render_under_water=no
	generated_content=yes
	layer="farms_dynamic"
	pdxmesh="windmill_01_mesh"
	count=90
	transform="48.205395 0.000000 3276.068115 0.000000 0.269272 0.000000 -0.963064 0.000000 0.000000 0.000000
3.505235 0.000000 3263.035645 0.000000 0.128831 0.000000 -0.991667 0.000000 0.000000 0.000000
68.458565 0.000000 3274.075439 0.000000 0.110938 0.000000 -0.993827 1.000000 1.000000 1.000000
99.764938 0.000000 3245.456543 0.000000 0.040167 0.000000 -0.999193 0.000000 0.000000 0.000000
73.640953 0.000000 3272.797119 0.000000 0.027525 0.000000 -0.999621 0.000000 0.000000 0.000000
118.864243 0.000000 3274.607910 0.000000 0.108653 0.000000 -0.994080 0.000000 0.000000 0.000000
99.667015 0.000000 3256.095703 0.000000 0.215036 0.000000 -0.976606 0.000000 0.000000 0.000000
159.758545 0.000000 3249.769043 0.000000 0.225978 0.000000 -0.974132 1.000000 1.000000 1.000000
191.586395 0.000000 3273.043945 0.000000 0.185718 0.000000 -0.982603 1.000000 1.000000 1.000000
151.836502 0.000000 3270.222168 0.000000 0.176234 0.000000 -0.984348 1.000000 1.000000 1.000000
160.448990 0.000000 3245.604736 0.000000 0.067155 0.000000 -0.997743 1.000000 1.000000 1.000000
158.952560 0.000000 3239.121582 0.000000 0.266898 0.000000 -0.963725 1.000000 1.000000 1.000000
156.947968 0.000000 3249.681152 0.000000 0.105618 0.000000 -0.994407 1.000000 1.000000 1.000000
1.451387 0.000000 3288.269287 0.000000 0.273518 0.000000 -0.961867 0.000000 0.000000 0.000000
54.816753 0.000000 3277.344482 0.000000 0.120644 0.000000 -0.992696 0.000000 0.000000 0.000000
35.764935 0.000000 3301.940918 0.000000 0.014578 0.000000 -0.999894 1.000000 1.000000 1.000000
17.256926 0.000000 3310.808594 0.000000 0.043568 0.000000 -0.999050 0.000000 0.000000 0.000000
16.971889 0.000000 3325.270752 0.000000 0.143816 0.000000 -0.989604 1.000000 1.000000 1.000000
9.063750 0.000000 3306.555664 0.000000 0.111031 0.000000 -0.993817 1.000000 1.000000 1.000000
54.382050 0.000000 3305.421387 0.000000 0.074099 0.000000 -0.997251 1.000000 1.000000 1.000000
57.910496 0.000000 3324.044678 0.000000 0.212780 0.000000 -0.977100 1.000000 1.000000 1.000000
32.618023 0.000000 3279.459473 0.000000 0.184650 0.000000 -0.982804 1.000000 1.000000 1.000000
47.145573 0.000000 3294.241699 0.000000 0.254986 0.000000 -0.966945 0.000000 0.000000 0.000000
0.936135 0.000000 3298.703369 0.000000 0.091177 0.000000 -0.995835 0.000000 0.000000 0.000000
38.337952 0.000000 3289.829834 0.000000 0.196731 0.000000 -0.980458 1.000000 1.000000 1.000000
94.236908 0.000000 3328.623535 0.000000 0.151075 0.000000 -0.988522 1.000000 1.000000 1.000000
90.122345 0.000000 3286.902100 0.000000 0.052928 0.000000 -0.998598 0.000000 0.000000 0.000000
108.662399 0.000000 3326.673828 0.000000 0.170921 0.000000 -0.985285 1.000000 1.000000 1.000000
125.212860 0.000000 3301.485596 0.000000 0.272494 0.000000 -0.962158 1.000000 1.000000 1.000000
98.015045 0.000000 3296.589355 0.000000 0.099675 0.000000 -0.995020 0.000000 0.000000 0.000000
111.868622 0.000000 3324.504639 0.000000 0.168661 0.000000 -0.985674 0.000000 0.000000 0.000000
100.620575 0.000000 3322.802246 0.000000 0.033945 0.000000 -0.999424 0.000000 0.000000 0.000000
108.412643 0.000000 3318.367432 0.000000 0.259483 0.000000 -0.965748 1.000000 1.000000 1.000000
87.293587 0.000000 3299.658447 0.000000 0.240373 0.000000 -0.970681 0.000000 0.000000 0.000000
105.656021 0.000000 3316.203613 0.000000 0.194900 0.000000 -0.980823 0.000000 0.000000 0.000000
91.595108 0.000000 3326.617432 0.000000 0.212040 0.000000 -0.977261 1.000000 1.000000 1.000000
81.360931 0.000000 3322.254150 0.000000 0.248491 0.000000 -0.968634 1.000000 1.000000 1.000000
94.961891 0.000000 3277.055176 0.000000 0.036286 0.000000 -0.999341 1.000000 1.000000 1.000000
4.458565 0.000000 3387.044189 0.000000 0.111618 0.000000 -0.993751 0.000000 0.000000 0.000000
32.032192 0.000000 3369.516113 0.000000 0.068328 0.000000 -0.997663 0.000000 0.000000 0.000000
41.260620 0.000000 3376.800293 0.000000 0.140246 0.000000 -0.990117 1.000000 1.000000 1.000000
16.971889 0.000000 3381.755127 0.000000 0.112832 0.000000 -0.993614 0.000000 0.000000 0.000000
18.817440 0.000000 3363.021973 0.000000 0.119163 0.000000 -0.992875 1.000000 1.000000 1.000000
61.524185 0.000000 3349.647949 0.000000 0.099640 0.000000 -0.995024 0.000000 0.000000 0.000000
30.060635 0.000000 3380.732910 0.000000 0.184350 0.000000 -0.982861 1.000000 1.000000 1.000000
45.311031 0.000000 3366.927979 0.000000 0.013972 0.000000 -0.999902 1.000000 1.000000 1.000000
44.412647 0.000000 3374.851807 0.000000 0.116891 0.000000 -0.993145 1.000000 1.000000 1.000000
18.190605 0.000000 3342.100342 0.000000 0.274578 0.000000 -0.961565 1.000000 1.000000 1.000000
50.798107 0.000000 3369.259277 0.000000 0.010507 0.000000 -0.999945 1.000000 1.000000 1.000000
14.979876 0.000000 3357.418213 0.000000 0.133249 0.000000 -0.991083 1.000000 1.000000 1.000000
65.451385 0.000000 3344.753662 0.000000 0.030804 0.000000 -0.999525 0.000000 0.000000 0.000000
108.063141 0.000000 3341.567139 0.000000 0.181335 0.000000 -0.983421 0.000000 0.000000 0.000000
79.831329 0.000000 3336.750000 0.000000 0.199113 0.000000 -0.979976 1.000000 1.000000 1.000000
82.190605 0.000000 3342.100342 0.000000 0.041309 0.000000 -0.999146 0.000000 0.000000 0.000000
89.661163 0.000000 3335.644287 0.000000 0.098277 0.000000 -0.995159 1.000000 1.000000 1.000000
81.664764 0.000000 3339.234131 0.000000 0.239912 0.000000 -0.970795 1.000000 1.000000 1.000000
146.127716 0.000000 3289.369873 0.000000 0.130470 0.000000 -0.991452 0.000000 0.000000 0.000000
139.959488 0.000000 3324.584717 0.000000 0.103063 0.000000 -0.994675 1.000000 1.000000 1.000000
183.637939 0.000000 3291.837158 0.000000 0.041010 0.000000 -0.999159 1.000000 1.000000 1.000000
135.979950 0.000000 3318.229004 0.000000 0.188329 0.000000 -0.982106 0.000000 0.000000 0.000000
158.530106 0.000000 3299.553711 0.000000 0.036280 0.000000 -0.999342 0.000000 0.000000 0.000000
144.971893 0.000000 3325.270752 0.000000 0.097613 0.000000 -0.995224 0.000000 0.000000 0.000000
142.875732 0.000000 3320.855713 0.000000 0.207513 0.000000 -0.978232 1.000000 1.000000 1.000000
138.351425 0.000000 3296.972656 0.000000 0.043580 0.000000 -0.999050 0.000000 0.000000 0.000000
178.318436 0.000000 3276.299561 0.000000 0.152446 0.000000 -0.988312 1.000000 1.000000 1.000000
149.668732 0.000000 3285.882568 0.000000 0.158894 0.000000 -0.987296 1.000000 1.000000 1.000000
133.119217 0.000000 3292.528076 0.000000 0.045676 0.000000 -0.998956 0.000000 0.000000 0.000000
132.755356 0.000000 3303.966309 0.000000 0.273562 0.000000 -0.961854 1.000000 1.000000 1.000000
172.412643 0.000000 3318.367432 0.000000 0.243975 0.000000 -0.969782 1.000000 1.000000 1.000000
156.431702 0.000000 3283.601562 0.000000 0.105772 0.000000 -0.994390 1.000000 1.000000 1.000000
160.448990 0.000000 3302.089111 0.000000 0.092139 0.000000 -0.995746 1.000000 1.000000 1.000000
188.832733 0.000000 3308.415527 0.000000 0.072353 0.000000 -0.997379 0.000000 0.000000 0.000000
198.424667 0.000000 3296.453857 0.000000 0.224100 0.000000 -0.974566 0.000000 0.000000 0.000000
201.604477 0.000000 3303.548096 0.000000 0.145478 0.000000 -0.989361 1.000000 1.000000 1.000000
209.664764 0.000000 3282.749756 0.000000 0.112460 0.000000 -0.993656 0.000000 0.000000 0.000000
205.099625 0.000000 3295.870361 0.000000 0.242836 0.000000 -0.970068 0.000000 0.000000 0.000000
208.939682 0.000000 3292.022461 0.000000 0.225480 0.000000 -0.974248 1.000000 1.000000 1.000000
309.013489 0.000000 3254.255615 0.000000 0.029936 0.000000 -0.999552 1.000000 1.000000 1.000000
306.798096 0.000000 3256.290527 0.000000 0.023553 0.000000 -0.999723 1.000000 1.000000 1.000000
284.380157 0.000000 3274.459717 0.000000 0.124947 0.000000 -0.992163 1.000000 1.000000 1.000000
290.900940 0.000000 3276.158447 0.000000 0.239235 0.000000 -0.970962 0.000000 0.000000 0.000000
318.270142 0.000000 3280.525146 0.000000 0.249857 0.000000 -0.968283 1.000000 1.000000 1.000000
308.014618 0.000000 3284.937012 0.000000 0.150983 0.000000 -0.988536 1.000000 1.000000 1.000000
313.910492 0.000000 3380.529053 0.000000 0.241423 0.000000 -0.970420 0.000000 0.000000 0.000000
315.981628 0.000000 3387.797363 0.000000 0.072548 0.000000 -0.997365 1.000000 1.000000 1.000000
4.048032 0.000000 3397.412598 0.000000 0.196563 0.000000 -0.980491 1.000000 1.000000 1.000000
332.978485 0.000000 3389.798584 0.000000 0.182158 0.000000 -0.983269 0.000000 0.000000 0.000000
338.283539 0.000000 3390.195312 0.000000 0.012082 0.000000 -0.999927 0.000000 0.000000 0.000000
345.661163 0.000000 3392.128662 0.000000 0.252475 0.000000 -0.967603 0.000000 0.000000 0.000000
349.958832 0.000000 3399.262939 0.000000 0.232132 0.000000 -0.972684 1.000000 1.000000 1.000000
"}
