object={
	name="iceberg_generator_1_0"
	clamp_to_water_level=yes
	render_under_water=yes
	generated_content=yes
	layer="semidynamic"
	pdxmesh="iceberg_01_mesh"
	count=19
	transform="3273.400879 0.000000 129.087875 0.000000 0.942796 0.000000 0.333371 1.000000 1.000000 1.000000
3268.048096 0.000000 121.318817 0.000000 0.434600 0.000000 0.900623 1.000000 1.000000 1.000000
3267.837158 0.000000 136.530838 0.000000 0.692164 0.000000 0.721740 1.000000 1.000000 1.000000
798.953552 0.000000 3445.314941 0.000000 0.313392 0.000000 0.949624 1.000000 1.000000 1.000000
791.491882 0.000000 3446.178467 0.000000 0.699074 0.000000 0.715050 1.000000 1.000000 1.000000
3574.173828 0.000000 3451.731201 0.000000 0.196266 0.000000 0.980551 1.000000 1.000000 1.000000
3474.127686 0.000000 3515.307373 0.000000 0.217011 0.000000 0.976169 1.000000 1.000000 1.000000
3464.407471 0.000000 3509.843506 0.000000 0.312243 0.000000 0.950002 1.000000 1.000000 1.000000
3510.816650 0.000000 3503.281982 0.000000 0.791784 0.000000 0.610801 1.000000 1.000000 1.000000
3470.873047 0.000000 3510.078369 0.000000 0.068668 0.000000 0.997640 1.000000 1.000000 1.000000
3477.668701 0.000000 3511.820068 0.000000 0.057787 0.000000 0.998329 1.000000 1.000000 1.000000
3522.396484 0.000000 3560.377686 0.000000 0.769955 0.000000 0.638098 1.000000 1.000000 1.000000
3527.914795 0.000000 3560.352539 0.000000 0.921612 0.000000 0.388112 1.000000 1.000000 1.000000
3586.396484 0.000000 3503.893311 0.000000 0.936566 0.000000 0.350492 1.000000 1.000000 1.000000
3592.407471 0.000000 3509.843506 0.000000 0.636993 0.000000 0.770870 1.000000 1.000000 1.000000
4713.563477 0.000000 3472.037842 0.000000 0.433471 0.000000 0.901168 1.000000 1.000000 1.000000
4743.671387 0.000000 3470.403320 0.000000 0.834838 0.000000 0.550495 1.000000 1.000000 1.000000
4740.032715 0.000000 3477.158447 0.000000 0.643010 0.000000 0.765858 1.000000 1.000000 1.000000
4745.203613 0.000000 3481.247559 0.000000 0.801639 0.000000 0.597809 1.000000 1.000000 1.000000
"}
object={
	name="iceberg_generator_1_1"
	clamp_to_water_level=yes
	render_under_water=yes
	generated_content=yes
	layer="semidynamic"
	pdxmesh="iceberg_02_mesh"
	count=8
	transform="3275.786377 0.000000 118.021675 0.000000 0.990721 0.000000 0.135911 1.000000 1.000000 1.000000
3583.487305 0.000000 3475.774658 0.000000 0.855963 0.000000 -0.517038 1.000000 1.000000 1.000000
3556.045898 0.000000 3450.821777 0.000000 0.907162 0.000000 -0.420781 1.000000 1.000000 1.000000
3526.424561 0.000000 3465.906982 0.000000 0.980594 0.000000 -0.196047 1.000000 1.000000 1.000000
3481.237549 0.000000 3508.190186 0.000000 0.990293 0.000000 0.138995 1.000000 1.000000 1.000000
3476.569336 0.000000 3563.902100 0.000000 0.859760 0.000000 -0.510699 1.000000 1.000000 1.000000
3479.491943 0.000000 3559.147217 0.000000 0.862549 0.000000 -0.505973 1.000000 1.000000 1.000000
3602.283447 0.000000 3503.164062 0.000000 0.974828 0.000000 0.222960 1.000000 1.000000 1.000000
"}
object={
	name="iceberg_generator_1_2"
	clamp_to_water_level=yes
	render_under_water=yes
	generated_content=yes
	layer="semidynamic"
	pdxmesh="iceberg_03_mesh"
	count=13
	transform="3265.451416 0.000000 125.144379 0.000000 0.362971 0.000000 -0.931800 1.000000 1.000000 1.000000
3560.015625 0.000000 3453.175537 0.000000 0.801184 0.000000 -0.598418 1.000000 1.000000 1.000000
3520.513916 0.000000 3461.627686 0.000000 0.097253 0.000000 -0.995260 1.000000 1.000000 1.000000
3567.663086 0.000000 3455.558838 0.000000 0.362817 0.000000 -0.931861 1.000000 1.000000 1.000000
3566.042969 0.000000 3451.401611 0.000000 0.191833 0.000000 -0.981428 1.000000 1.000000 1.000000
3465.400879 0.000000 3518.150391 0.000000 0.548922 0.000000 -0.835874 1.000000 1.000000 1.000000
3460.048096 0.000000 3510.381348 0.000000 0.738197 0.000000 -0.674586 1.000000 1.000000 1.000000
3461.119141 0.000000 3518.465576 0.000000 0.731986 0.000000 -0.681320 1.000000 1.000000 1.000000
3585.884521 0.000000 3496.599365 0.000000 0.076074 0.000000 -0.997102 1.000000 1.000000 1.000000
4703.453613 0.000000 3462.277100 0.000000 0.785693 0.000000 -0.618617 1.000000 1.000000 1.000000
4703.758301 0.000000 3475.706543 0.000000 0.597652 0.000000 -0.801755 1.000000 1.000000 1.000000
4706.015137 0.000000 3466.042480 0.000000 0.055154 0.000000 -0.998478 1.000000 1.000000 1.000000
4738.500488 0.000000 3465.291016 0.000000 0.107488 0.000000 -0.994206 1.000000 1.000000 1.000000
"}
