object={
	name="latin_dynamic_mining_objects_generator_1_0"
	clamp_to_water_level=no
	render_under_water=no
	generated_content=yes
	layer="mines_dynamic"
	pdxmesh="latin_mining_coaldepo_01_mesh"
	count=140
	transform="1658.544556 0.000000 2073.860596 0.000000 0.806999 0.000000 0.590553 0.000000 0.000000 0.000000
1648.205444 0.000000 2089.896240 0.000000 0.898321 0.000000 0.439340 1.000000 1.000000 1.000000
1654.864258 0.000000 2088.436035 0.000000 0.313976 0.000000 0.949431 0.000000 0.000000 0.000000
1647.868652 0.000000 2081.848389 0.000000 0.631105 0.000000 0.775697 0.000000 0.000000 0.000000
1657.910522 0.000000 2081.388428 0.000000 0.874430 0.000000 0.485151 1.000000 1.000000 1.000000
1655.060669 0.000000 2075.037109 0.000000 0.098840 0.000000 0.995103 0.000000 0.000000 0.000000
1651.402588 0.000000 2087.404785 0.000000 0.432959 0.000000 0.901414 1.000000 1.000000 1.000000
1651.634155 0.000000 2076.165283 0.000000 0.381243 0.000000 0.924475 0.000000 0.000000 0.000000
1644.063110 0.000000 2098.910889 0.000000 0.746573 0.000000 0.665303 0.000000 0.000000 0.000000
1638.686279 0.000000 2090.227539 0.000000 0.489675 0.000000 0.871905 0.000000 0.000000 0.000000
1647.663208 0.000000 2099.933838 0.000000 0.003047 0.000000 0.999995 0.000000 0.000000 0.000000
1642.835938 0.000000 2095.928223 0.000000 0.670245 0.000000 0.742140 1.000000 1.000000 1.000000
1644.194824 0.000000 2101.999268 0.000000 0.560929 0.000000 0.827864 0.000000 0.000000 0.000000
1648.746582 0.000000 2093.159424 0.000000 0.101772 0.000000 0.994808 1.000000 1.000000 1.000000
1638.824463 0.000000 2095.159668 0.000000 0.657780 0.000000 0.753210 0.000000 0.000000 0.000000
1643.690186 0.000000 2093.485840 0.000000 0.682111 0.000000 0.731249 1.000000 1.000000 1.000000
1647.339233 0.000000 2090.167969 0.000000 0.371676 0.000000 0.928362 1.000000 1.000000 1.000000
1759.758545 0.000000 2063.597168 0.000000 0.879352 0.000000 0.476172 1.000000 1.000000 1.000000
1766.893555 0.000000 2052.884766 0.000000 0.639667 0.000000 0.768652 0.000000 0.000000 0.000000
1769.385620 0.000000 2066.355713 0.000000 0.458663 0.000000 0.888610 0.000000 0.000000 0.000000
1754.074097 0.000000 2063.953857 0.000000 0.774561 0.000000 0.632499 1.000000 1.000000 1.000000
1763.991211 0.000000 2049.164062 0.000000 0.348624 0.000000 0.937263 0.000000 0.000000 0.000000
1746.817383 0.000000 2063.881348 0.000000 0.916161 0.000000 0.400811 0.000000 0.000000 0.000000
1747.771851 0.000000 2056.062988 0.000000 0.337444 0.000000 0.941345 0.000000 0.000000 0.000000
1760.426636 0.000000 2045.875366 0.000000 0.790143 0.000000 0.612922 0.000000 0.000000 0.000000
1745.260132 0.000000 2059.894531 0.000000 0.901622 0.000000 0.432526 0.000000 0.000000 0.000000
1741.506958 0.000000 2069.251953 0.000000 0.740482 0.000000 0.672076 0.000000 0.000000 0.000000
1751.293579 0.000000 2057.002197 0.000000 0.283121 0.000000 0.959084 0.000000 0.000000 0.000000
1758.952515 0.000000 2052.949707 0.000000 0.443319 0.000000 0.896364 1.000000 1.000000 1.000000
1764.029297 0.000000 2051.990234 0.000000 0.291303 0.000000 0.956631 0.000000 0.000000 0.000000
1761.411987 0.000000 2048.394531 0.000000 0.867387 0.000000 0.497634 0.000000 0.000000 0.000000
1747.640503 0.000000 2058.749268 0.000000 0.085946 0.000000 0.996300 1.000000 1.000000 1.000000
1747.362793 0.000000 2061.425293 0.000000 0.922393 0.000000 0.386253 1.000000 1.000000 1.000000
1761.641846 0.000000 2051.516113 0.000000 0.065292 0.000000 0.997866 0.000000 0.000000 0.000000
1702.231201 0.000000 2128.450928 0.000000 0.247100 0.000000 0.968990 0.000000 0.000000 0.000000
1727.487305 0.000000 2120.149658 0.000000 0.087544 0.000000 0.996161 0.000000 0.000000 0.000000
1697.210327 0.000000 2134.795166 0.000000 0.283822 0.000000 0.958877 0.000000 0.000000 0.000000
1698.932617 0.000000 2143.998779 0.000000 0.929640 0.000000 0.368470 0.000000 0.000000 0.000000
1701.098633 0.000000 2132.792969 0.000000 0.111044 0.000000 0.993815 1.000000 1.000000 1.000000
1693.237427 0.000000 2123.444092 0.000000 0.062464 0.000000 0.998047 0.000000 0.000000 0.000000
1697.947754 0.000000 2139.395508 0.000000 0.708380 0.000000 0.705832 0.000000 0.000000 0.000000
1720.315552 0.000000 2126.930908 0.000000 0.873401 0.000000 0.487001 0.000000 0.000000 0.000000
1712.024048 0.000000 2142.456787 0.000000 0.551440 0.000000 0.834215 0.000000 0.000000 0.000000
1705.322754 0.000000 2138.197510 0.000000 0.655748 0.000000 0.754980 0.000000 0.000000 0.000000
1708.412598 0.000000 2132.195557 0.000000 0.407723 0.000000 0.913106 1.000000 1.000000 1.000000
1698.735840 0.000000 2129.574951 0.000000 0.242102 0.000000 0.970251 0.000000 0.000000 0.000000
1708.376709 0.000000 2136.189453 0.000000 0.456998 0.000000 0.889468 1.000000 1.000000 1.000000
1705.204712 0.000000 2126.483154 0.000000 0.812634 0.000000 0.582775 0.000000 0.000000 0.000000
1702.581177 0.000000 2125.046387 0.000000 0.151882 0.000000 0.988399 1.000000 1.000000 1.000000
1703.299927 0.000000 2136.301270 0.000000 0.590843 0.000000 0.806786 1.000000 1.000000 1.000000
1703.591431 0.000000 2131.757812 0.000000 0.815983 0.000000 0.578075 1.000000 1.000000 1.000000
1697.910522 0.000000 2132.244629 0.000000 0.450100 0.000000 0.892978 0.000000 0.000000 0.000000
1759.453491 0.000000 2106.652100 0.000000 0.707216 0.000000 0.706998 0.000000 0.000000 0.000000
1746.127686 0.000000 2103.197998 0.000000 0.494058 0.000000 0.869429 0.000000 0.000000 0.000000
1766.893555 0.000000 2109.369141 0.000000 0.858417 0.000000 0.512953 0.000000 0.000000 0.000000
1758.530151 0.000000 2113.381836 0.000000 0.290117 0.000000 0.956991 0.000000 0.000000 0.000000
1763.764893 0.000000 2115.769043 0.000000 0.681010 0.000000 0.732274 0.000000 0.000000 0.000000
1742.220581 0.000000 2107.002686 0.000000 0.387702 0.000000 0.921785 0.000000 0.000000 0.000000
1754.364746 0.000000 2115.483154 0.000000 0.448033 0.000000 0.894017 0.000000 0.000000 0.000000
1762.015015 0.000000 2110.417480 0.000000 0.809680 0.000000 0.586871 0.000000 0.000000 0.000000
1760.426636 0.000000 2102.359619 0.000000 0.066268 0.000000 0.997802 0.000000 0.000000 0.000000
1755.131470 0.000000 2106.042969 0.000000 0.815970 0.000000 0.578094 0.000000 0.000000 0.000000
1728.163086 0.000000 2124.668457 0.000000 0.848169 0.000000 0.529726 0.000000 0.000000 0.000000
1755.932739 0.000000 2110.191406 0.000000 0.241044 0.000000 0.970514 0.000000 0.000000 0.000000
1734.424683 0.000000 2110.281982 0.000000 0.214442 0.000000 0.976737 0.000000 0.000000 0.000000
1732.755371 0.000000 2117.794434 0.000000 0.512417 0.000000 0.858737 0.000000 0.000000 0.000000
1751.293579 0.000000 2113.486572 0.000000 0.909248 0.000000 0.416254 0.000000 0.000000 0.000000
1757.530396 0.000000 2117.214355 0.000000 0.266056 0.000000 0.963958 1.000000 1.000000 1.000000
1757.020508 0.000000 2102.752197 0.000000 0.714599 0.000000 0.699534 0.000000 0.000000 0.000000
1744.939697 0.000000 2105.850586 0.000000 0.010068 0.000000 0.999949 0.000000 0.000000 0.000000
1755.635498 0.000000 2112.972168 0.000000 0.583545 0.000000 0.812081 0.000000 0.000000 0.000000
1756.947998 0.000000 2119.993652 0.000000 0.689724 0.000000 0.724073 0.000000 0.000000 0.000000
1730.822754 0.000000 2123.889893 0.000000 0.903382 0.000000 0.428837 0.000000 0.000000 0.000000
1736.173828 0.000000 2112.188232 0.000000 0.493443 0.000000 0.869778 1.000000 1.000000 1.000000
1739.442871 0.000000 2107.730469 0.000000 0.889625 0.000000 0.456693 0.000000 0.000000 0.000000
1756.928345 0.000000 2107.802002 0.000000 0.660287 0.000000 0.751013 1.000000 1.000000 1.000000
1557.705078 0.000000 2229.758301 0.000000 0.181060 0.000000 0.983472 0.000000 0.000000 0.000000
1551.130981 0.000000 2242.262451 0.000000 0.364176 0.000000 0.931330 1.000000 1.000000 1.000000
1583.722534 0.000000 2247.210205 0.000000 0.517707 0.000000 0.855558 0.000000 0.000000 0.000000
1550.007324 0.000000 2233.780762 0.000000 0.334798 0.000000 0.942290 0.000000 0.000000 0.000000
1558.477783 0.000000 2237.783936 0.000000 0.416932 0.000000 0.908938 0.000000 0.000000 0.000000
1540.032593 0.000000 2234.502197 0.000000 0.424216 0.000000 0.905561 0.000000 0.000000 0.000000
1588.365479 0.000000 2242.156982 0.000000 0.785575 0.000000 0.618767 0.000000 0.000000 0.000000
1562.074097 0.000000 2233.406982 0.000000 0.586184 0.000000 0.810178 0.000000 0.000000 0.000000
1540.763550 0.000000 2239.082764 0.000000 0.097021 0.000000 0.995282 0.000000 0.000000 0.000000
1565.237427 0.000000 2236.412842 0.000000 0.844783 0.000000 0.535109 0.000000 0.000000 0.000000
1547.941895 0.000000 2244.694580 0.000000 0.625808 0.000000 0.779977 0.000000 0.000000 0.000000
1549.506958 0.000000 2238.705078 0.000000 0.277967 0.000000 0.960591 0.000000 0.000000 0.000000
1584.648071 0.000000 2243.366455 0.000000 0.303805 0.000000 0.952734 0.000000 0.000000 0.000000
1587.634155 0.000000 2245.618408 0.000000 0.187172 0.000000 0.982327 0.000000 0.000000 0.000000
1547.406128 0.000000 2235.961426 0.000000 0.012853 0.000000 0.999917 0.000000 0.000000 0.000000
1558.628418 0.000000 2232.917725 0.000000 0.708890 0.000000 0.705319 1.000000 1.000000 1.000000
1552.244385 0.000000 2232.088379 0.000000 0.761627 0.000000 0.648015 0.000000 0.000000 0.000000
1548.721313 0.000000 2241.215576 0.000000 0.447711 0.000000 0.894179 0.000000 0.000000 0.000000
1550.389282 0.000000 2236.275391 0.000000 0.254765 0.000000 0.967003 0.000000 0.000000 0.000000
1692.793701 0.000000 2149.248047 0.000000 0.198631 0.000000 0.980074 0.000000 0.000000 0.000000
1698.901001 0.000000 2146.470947 0.000000 0.925153 0.000000 0.379595 1.000000 1.000000 1.000000
1700.045898 0.000000 2151.681152 0.000000 0.922457 0.000000 0.386100 1.000000 1.000000 1.000000
1696.618042 0.000000 2149.771973 0.000000 0.245986 0.000000 0.969273 1.000000 1.000000 1.000000
1700.575317 0.000000 2148.795166 0.000000 0.487620 0.000000 0.873056 1.000000 1.000000 1.000000
1457.272949 0.000000 2293.000000 0.000000 0.582202 0.000000 0.813044 0.000000 0.000000 0.000000
1471.957886 0.000000 2280.273926 0.000000 0.933612 0.000000 0.358287 1.000000 1.000000 1.000000
1464.551025 0.000000 2292.234131 0.000000 0.742912 0.000000 0.669389 0.000000 0.000000 0.000000
1458.585205 0.000000 2287.269287 0.000000 0.530616 0.000000 0.847612 0.000000 0.000000 0.000000
1452.083374 0.000000 2279.436035 0.000000 0.603307 0.000000 0.797509 0.000000 0.000000 0.000000
1461.993896 0.000000 2280.661133 0.000000 0.061911 0.000000 0.998082 1.000000 1.000000 1.000000
1469.524170 0.000000 2276.444824 0.000000 0.648067 0.000000 0.761583 0.000000 0.000000 0.000000
1461.013428 0.000000 2294.021240 0.000000 0.776668 0.000000 0.629910 0.000000 0.000000 0.000000
1455.145630 0.000000 2277.522949 0.000000 0.002094 0.000000 0.999998 0.000000 0.000000 0.000000
1455.537231 0.000000 2286.503418 0.000000 0.157262 0.000000 0.987557 0.000000 0.000000 0.000000
1468.832764 0.000000 2291.696777 0.000000 0.513675 0.000000 0.857985 0.000000 0.000000 0.000000
1467.100830 0.000000 2269.467773 0.000000 0.696592 0.000000 0.717467 0.000000 0.000000 0.000000
1459.016113 0.000000 2280.226074 0.000000 0.398778 0.000000 0.917047 1.000000 1.000000 1.000000
1466.637329 0.000000 2286.308594 0.000000 0.070641 0.000000 0.997502 1.000000 1.000000 1.000000
1457.393921 0.000000 2284.704834 0.000000 0.327581 0.000000 0.944823 1.000000 1.000000 1.000000
1474.500488 0.000000 2279.119141 0.000000 0.915910 0.000000 0.401384 1.000000 1.000000 1.000000
1473.017578 0.000000 2286.068115 0.000000 0.806438 0.000000 0.591319 0.000000 0.000000 0.000000
1477.119263 0.000000 2275.809326 0.000000 0.688857 0.000000 0.724898 0.000000 0.000000 0.000000
1472.514038 0.000000 2275.455811 0.000000 0.000095 0.000000 1.000000 1.000000 1.000000 1.000000
1472.894775 0.000000 2289.675049 0.000000 0.459852 0.000000 0.887995 0.000000 0.000000 0.000000
1472.936157 0.000000 2281.984619 0.000000 0.604658 0.000000 0.796485 1.000000 1.000000 1.000000
1551.130981 0.000000 2298.746826 0.000000 0.180791 0.000000 0.983522 1.000000 1.000000 1.000000
1543.979980 0.000000 2301.510254 0.000000 0.286302 0.000000 0.958139 0.000000 0.000000 0.000000
1568.032227 0.000000 2296.312988 0.000000 0.446798 0.000000 0.894635 0.000000 0.000000 0.000000
1537.017578 0.000000 2286.068115 0.000000 0.729089 0.000000 0.684419 0.000000 0.000000 0.000000
1553.256958 0.000000 2294.089844 0.000000 0.916414 0.000000 0.400232 1.000000 1.000000 1.000000
1557.208252 0.000000 2299.254150 0.000000 0.905044 0.000000 0.425318 1.000000 1.000000 1.000000
1536.163086 0.000000 2294.121582 0.000000 0.153798 0.000000 0.988102 0.000000 0.000000 0.000000
1539.837158 0.000000 2282.937012 0.000000 0.250719 0.000000 0.968060 0.000000 0.000000 0.000000
1542.424683 0.000000 2279.735107 0.000000 0.892371 0.000000 0.451302 0.000000 0.000000 0.000000
1547.941895 0.000000 2301.178955 0.000000 0.912482 0.000000 0.409117 0.000000 0.000000 0.000000
1549.506958 0.000000 2295.189453 0.000000 0.778095 0.000000 0.628147 0.000000 0.000000 0.000000
1553.939331 0.000000 2301.170654 0.000000 0.850316 0.000000 0.526273 0.000000 0.000000 0.000000
1540.957397 0.000000 2299.222168 0.000000 0.379764 0.000000 0.925083 0.000000 0.000000 0.000000
1560.572266 0.000000 2298.839355 0.000000 0.654350 0.000000 0.756192 0.000000 0.000000 0.000000
1555.991577 0.000000 2292.602539 0.000000 0.710798 0.000000 0.703396 0.000000 0.000000 0.000000
1550.979858 0.000000 2284.215088 0.000000 0.818007 0.000000 0.575208 1.000000 1.000000 1.000000
1556.984863 0.000000 2296.572998 0.000000 0.537131 0.000000 0.843499 1.000000 1.000000 1.000000
1548.721313 0.000000 2297.699951 0.000000 0.318377 0.000000 0.947964 1.000000 1.000000 1.000000
1553.436646 0.000000 2283.244141 0.000000 0.757850 0.000000 0.652429 1.000000 1.000000 1.000000
"}
object={
	name="latin_dynamic_mining_objects_generator_1_1"
	clamp_to_water_level=no
	render_under_water=no
	generated_content=yes
	layer="mines_dynamic"
	pdxmesh="generic_rural_mining_coaldepo_02_mesh"
	count=99
	transform="1644.662354 0.000000 2084.017578 0.000000 0.930276 0.000000 -0.366860 0.000000 0.000000 0.000000
1655.107910 0.000000 2078.638916 0.000000 0.992803 0.000000 0.119757 0.000000 0.000000 0.000000
1648.024048 0.000000 2085.972412 0.000000 0.975584 0.000000 0.219628 0.000000 0.000000 0.000000
1661.507935 0.000000 2083.214355 0.000000 0.983597 0.000000 -0.180382 0.000000 0.000000 0.000000
1653.861084 0.000000 2081.503906 0.000000 0.932891 0.000000 -0.360159 1.000000 1.000000 1.000000
1640.832397 0.000000 2093.423096 0.000000 0.997941 0.000000 0.064138 0.000000 0.000000 0.000000
1649.519043 0.000000 2096.251465 0.000000 0.925443 0.000000 -0.378887 1.000000 1.000000 1.000000
1645.943604 0.000000 2092.276855 0.000000 0.896001 0.000000 -0.444051 1.000000 1.000000 1.000000
1636.045898 0.000000 2095.196777 0.000000 0.977400 0.000000 -0.211396 0.000000 0.000000 0.000000
1654.173828 0.000000 2096.106201 0.000000 0.999918 0.000000 -0.012813 0.000000 0.000000 0.000000
1650.318481 0.000000 2090.127686 0.000000 0.939476 0.000000 0.342614 1.000000 1.000000 1.000000
1642.673462 0.000000 2090.065674 0.000000 0.976867 0.000000 0.213849 0.000000 0.000000 0.000000
1640.974609 0.000000 2101.443359 0.000000 0.945029 0.000000 0.326988 0.000000 0.000000 0.000000
1646.043091 0.000000 2095.776611 0.000000 0.946152 0.000000 0.323723 1.000000 1.000000 1.000000
1652.014648 0.000000 2098.765137 0.000000 0.948870 0.000000 0.315668 0.000000 0.000000 0.000000
1749.705078 0.000000 2060.305176 0.000000 0.957585 0.000000 -0.288151 1.000000 1.000000 1.000000
1766.231201 0.000000 2071.966553 0.000000 0.968292 0.000000 -0.249820 0.000000 0.000000 0.000000
1759.453491 0.000000 2050.167725 0.000000 0.990521 0.000000 0.137363 1.000000 1.000000 1.000000
1742.007324 0.000000 2064.327637 0.000000 0.875027 0.000000 -0.484075 0.000000 0.000000 0.000000
1758.530151 0.000000 2056.897461 0.000000 0.892532 0.000000 -0.450984 1.000000 1.000000 1.000000
1763.764893 0.000000 2059.284668 0.000000 0.954928 0.000000 0.296838 0.000000 0.000000 0.000000
1745.256958 0.000000 2068.152344 0.000000 0.996678 0.000000 0.081448 0.000000 0.000000 0.000000
1740.552612 0.000000 2059.631592 0.000000 0.967378 0.000000 -0.253339 0.000000 0.000000 0.000000
1754.364746 0.000000 2058.998779 0.000000 0.979116 0.000000 0.203302 1.000000 1.000000 1.000000
1762.015015 0.000000 2053.933105 0.000000 0.997379 0.000000 -0.072358 1.000000 1.000000 1.000000
1755.932739 0.000000 2053.707031 0.000000 0.977703 0.000000 0.209995 0.000000 0.000000 0.000000
1757.020508 0.000000 2046.267822 0.000000 0.843084 0.000000 -0.537782 0.000000 0.000000 0.000000
1747.991577 0.000000 2066.665039 0.000000 0.980104 0.000000 -0.198485 0.000000 0.000000 0.000000
1752.795410 0.000000 2061.349609 0.000000 0.998760 0.000000 0.049791 1.000000 1.000000 1.000000
1753.283936 0.000000 2055.055176 0.000000 0.882045 0.000000 -0.471165 0.000000 0.000000 0.000000
1766.646362 0.000000 2065.594727 0.000000 0.944602 0.000000 -0.328219 1.000000 1.000000 1.000000
1756.928345 0.000000 2051.317627 0.000000 0.988460 0.000000 0.151483 1.000000 1.000000 1.000000
1755.190674 0.000000 2061.746826 0.000000 0.909565 0.000000 -0.415561 1.000000 1.000000 1.000000
1701.982422 0.000000 2140.183594 0.000000 0.995497 0.000000 -0.094797 0.000000 0.000000 0.000000
1694.236938 0.000000 2142.451660 0.000000 0.999986 0.000000 0.005277 0.000000 0.000000 0.000000
1708.662354 0.000000 2140.501953 0.000000 0.980004 0.000000 0.198976 0.000000 0.000000 0.000000
1708.760498 0.000000 2128.427002 0.000000 0.904843 0.000000 -0.425744 1.000000 1.000000 1.000000
1696.032227 0.000000 2126.859863 0.000000 0.995325 0.000000 -0.096582 1.000000 1.000000 1.000000
1705.385620 0.000000 2122.840088 0.000000 0.956647 0.000000 0.291251 0.000000 0.000000 0.000000
1716.365479 0.000000 2129.188232 0.000000 0.932173 0.000000 -0.362014 0.000000 0.000000 0.000000
1700.276123 0.000000 2123.168701 0.000000 0.997981 0.000000 0.063508 0.000000 0.000000 0.000000
1690.709839 0.000000 2126.961914 0.000000 0.995678 0.000000 0.092868 0.000000 0.000000 0.000000
1709.311035 0.000000 2124.271729 0.000000 0.947908 0.000000 0.318544 0.000000 0.000000 0.000000
1717.013428 0.000000 2124.568115 0.000000 0.999657 0.000000 -0.026196 0.000000 0.000000 0.000000
1700.620605 0.000000 2136.630371 0.000000 0.957139 0.000000 0.289629 1.000000 1.000000 1.000000
1694.953613 0.000000 2146.174316 0.000000 0.828900 0.000000 -0.559397 0.000000 0.000000 0.000000
1719.060669 0.000000 2131.521484 0.000000 0.836791 0.000000 -0.547523 0.000000 0.000000 0.000000
1705.656006 0.000000 2130.031738 0.000000 0.825341 0.000000 -0.564634 1.000000 1.000000 1.000000
1711.917358 0.000000 2126.703857 0.000000 0.937299 0.000000 0.348527 1.000000 1.000000 1.000000
1698.111450 0.000000 2121.537109 0.000000 0.971773 0.000000 -0.235918 0.000000 0.000000 0.000000
1717.633789 0.000000 2126.979004 0.000000 0.991208 0.000000 -0.132310 0.000000 0.000000 0.000000
1707.659790 0.000000 2126.101562 0.000000 0.937198 0.000000 0.348797 1.000000 1.000000 1.000000
1754.122314 0.000000 2100.730225 0.000000 0.952737 0.000000 0.303797 0.000000 0.000000 0.000000
1747.007568 0.000000 2108.000244 0.000000 0.989523 0.000000 0.144374 0.000000 0.000000 0.000000
1728.894775 0.000000 2120.221924 0.000000 0.952425 0.000000 0.304772 0.000000 0.000000 0.000000
1750.628418 0.000000 2119.948975 0.000000 0.980837 0.000000 0.194828 0.000000 0.000000 0.000000
1728.936157 0.000000 2112.531494 0.000000 0.864791 0.000000 -0.502132 0.000000 0.000000 0.000000
1752.795410 0.000000 2117.833984 0.000000 0.958045 0.000000 0.286619 0.000000 0.000000 0.000000
1749.235596 0.000000 2109.782959 0.000000 0.875047 0.000000 -0.484038 0.000000 0.000000 0.000000
1739.616333 0.000000 2119.262939 0.000000 0.915138 0.000000 -0.403141 0.000000 0.000000 0.000000
1750.077637 0.000000 2107.096436 0.000000 0.965166 0.000000 0.261640 1.000000 1.000000 1.000000
1747.640503 0.000000 2115.233643 0.000000 0.999686 0.000000 -0.025038 0.000000 0.000000 0.000000
1755.190674 0.000000 2118.231201 0.000000 0.942472 0.000000 -0.334287 1.000000 1.000000 1.000000
1543.979980 0.000000 2245.025879 0.000000 0.878266 0.000000 -0.478173 0.000000 0.000000 0.000000
1545.203857 0.000000 2238.591309 0.000000 0.856362 0.000000 -0.516375 0.000000 0.000000 0.000000
1553.256958 0.000000 2237.605469 0.000000 0.993801 0.000000 -0.111172 1.000000 1.000000 1.000000
1550.875732 0.000000 2247.652588 0.000000 0.939102 0.000000 -0.343639 1.000000 1.000000 1.000000
1587.213989 0.000000 2249.147949 0.000000 0.995860 0.000000 -0.090905 0.000000 0.000000 0.000000
1545.866211 0.000000 2241.962891 0.000000 0.930005 0.000000 -0.367547 0.000000 0.000000 0.000000
1552.716919 0.000000 2234.988525 0.000000 0.942547 0.000000 -0.334075 0.000000 0.000000 0.000000
1551.869995 0.000000 2239.713379 0.000000 0.978346 0.000000 0.206975 0.000000 0.000000 0.000000
1559.339966 0.000000 2235.298096 0.000000 0.909176 0.000000 -0.416413 1.000000 1.000000 1.000000
1704.832397 0.000000 2149.907471 0.000000 0.975033 0.000000 -0.222059 0.000000 0.000000 0.000000
1702.686279 0.000000 2146.711914 0.000000 0.999926 0.000000 0.012192 0.000000 0.000000 0.000000
1702.824463 0.000000 2151.644043 0.000000 0.999966 0.000000 0.008280 1.000000 1.000000 1.000000
1466.807129 0.000000 2266.029541 0.000000 0.999986 0.000000 0.005260 0.000000 0.000000 0.000000
1471.487305 0.000000 2289.602783 0.000000 0.921548 0.000000 -0.388265 0.000000 0.000000 0.000000
1456.541992 0.000000 2281.960205 0.000000 0.981619 0.000000 -0.190851 1.000000 1.000000 1.000000
1469.292725 0.000000 2271.934082 0.000000 0.941490 0.000000 0.337042 0.000000 0.000000 0.000000
1463.531372 0.000000 2269.978760 0.000000 0.999925 0.000000 -0.012266 0.000000 0.000000 0.000000
1462.382080 0.000000 2288.702637 0.000000 0.990657 0.000000 0.136374 0.000000 0.000000 0.000000
1453.374878 0.000000 2284.296631 0.000000 0.831629 0.000000 -0.555332 0.000000 0.000000 0.000000
1459.863525 0.000000 2283.747803 0.000000 0.958421 0.000000 0.285359 1.000000 1.000000 1.000000
1459.759033 0.000000 2290.739746 0.000000 0.853672 0.000000 -0.520811 0.000000 0.000000 0.000000
1456.580444 0.000000 2289.815674 0.000000 0.827388 0.000000 -0.561630 0.000000 0.000000 0.000000
1469.638184 0.000000 2279.098145 0.000000 0.981309 0.000000 0.192438 0.000000 0.000000 0.000000
1470.581909 0.000000 2274.242188 0.000000 0.922765 0.000000 -0.385364 1.000000 1.000000 1.000000
1471.814697 0.000000 2277.819580 0.000000 0.993744 0.000000 0.111684 1.000000 1.000000 1.000000
1473.451416 0.000000 2271.550537 0.000000 0.984902 0.000000 0.173113 0.000000 0.000000 0.000000
1475.837158 0.000000 2282.937012 0.000000 0.984628 0.000000 0.174664 1.000000 1.000000 1.000000
1475.820923 0.000000 2273.180420 0.000000 0.882564 0.000000 -0.470193 0.000000 0.000000 0.000000
1558.477783 0.000000 2294.268311 0.000000 0.920808 0.000000 -0.390015 1.000000 1.000000 1.000000
1540.032593 0.000000 2290.986572 0.000000 0.844994 0.000000 -0.534776 0.000000 0.000000 0.000000
1562.709839 0.000000 2296.415039 0.000000 0.829475 0.000000 -0.558544 0.000000 0.000000 0.000000
1546.351440 0.000000 2280.253906 0.000000 0.999020 0.000000 0.044252 0.000000 0.000000 0.000000
1536.894775 0.000000 2289.675049 0.000000 0.914856 0.000000 -0.403779 0.000000 0.000000 0.000000
1548.526733 0.000000 2282.420898 0.000000 0.999953 0.000000 -0.009715 0.000000 0.000000 0.000000
1538.822754 0.000000 2293.343018 0.000000 0.833830 0.000000 -0.552021 0.000000 0.000000 0.000000
1555.640503 0.000000 2284.686768 0.000000 0.864414 0.000000 -0.502780 1.000000 1.000000 1.000000
"}
object={
	name="latin_dynamic_mining_objects_generator_1_2"
	clamp_to_water_level=no
	render_under_water=no
	generated_content=yes
	layer="mines_dynamic"
	pdxmesh="generic_rural_mining_pile_01_mesh"
	count=27
	transform="1651.213989 0.000000 2079.694824 0.000000 0.719822 0.000000 -0.694159 1.000000 1.000000 1.000000
1654.816772 0.000000 2091.172607 0.000000 0.769729 0.000000 -0.638371 0.000000 0.000000 0.000000
1754.122314 0.000000 2044.245850 0.000000 0.738800 0.000000 -0.673925 0.000000 0.000000 0.000000
1755.131470 0.000000 2049.558594 0.000000 0.791949 0.000000 -0.610587 0.000000 0.000000 0.000000
1762.735840 0.000000 2073.090576 0.000000 0.765932 0.000000 -0.642922 0.000000 0.000000 0.000000
1744.244385 0.000000 2062.635254 0.000000 0.804650 0.000000 -0.593750 0.000000 0.000000 0.000000
1713.272949 0.000000 2123.546875 0.000000 0.717801 0.000000 -0.696248 0.000000 0.000000 0.000000
1720.551025 0.000000 2122.781006 0.000000 0.701287 0.000000 -0.712879 0.000000 0.000000 0.000000
1723.211304 0.000000 2119.540039 0.000000 0.730591 0.000000 -0.682815 0.000000 0.000000 0.000000
1695.334473 0.000000 2130.907227 0.000000 0.723436 0.000000 -0.690392 0.000000 0.000000 0.000000
1711.868652 0.000000 2138.332764 0.000000 0.676806 0.000000 -0.736161 1.000000 1.000000 1.000000
1715.402588 0.000000 2143.889160 0.000000 0.729190 0.000000 -0.684312 0.000000 0.000000 0.000000
1735.671631 0.000000 2114.778320 0.000000 0.759302 0.000000 -0.650738 1.000000 1.000000 1.000000
1751.890747 0.000000 2108.979492 0.000000 0.738340 0.000000 -0.674429 1.000000 1.000000 1.000000
1754.074097 0.000000 2120.438232 0.000000 0.809368 0.000000 -0.587302 0.000000 0.000000 0.000000
1750.937134 0.000000 2104.349121 0.000000 0.807531 0.000000 -0.589825 1.000000 1.000000 1.000000
1737.604492 0.000000 2117.376221 0.000000 0.746544 0.000000 -0.665337 1.000000 1.000000 1.000000
1740.112305 0.000000 2104.828613 0.000000 0.801510 0.000000 -0.597982 0.000000 0.000000 0.000000
1761.448853 0.000000 2113.218750 0.000000 0.678811 0.000000 -0.734313 0.000000 0.000000 0.000000
1752.535645 0.000000 2106.276855 0.000000 0.736698 0.000000 -0.676222 0.000000 0.000000 0.000000
1470.624390 0.000000 2268.195068 0.000000 0.731136 0.000000 -0.682231 0.000000 0.000000 0.000000
1469.738403 0.000000 2287.624268 0.000000 0.747073 0.000000 -0.664743 1.000000 1.000000 1.000000
1452.051758 0.000000 2291.469238 0.000000 0.679364 0.000000 -0.733801 0.000000 0.000000 0.000000
1462.158813 0.000000 2291.434814 0.000000 0.670130 0.000000 -0.742244 0.000000 0.000000 0.000000
1478.424683 0.000000 2279.735107 0.000000 0.775466 0.000000 -0.631390 0.000000 0.000000 0.000000
1565.237427 0.000000 2292.897217 0.000000 0.807375 0.000000 -0.590039 0.000000 0.000000 0.000000
1561.681030 0.000000 2293.152588 0.000000 0.675765 0.000000 -0.737117 0.000000 0.000000 0.000000
"}
object={
	name="latin_dynamic_mining_objects_generator_1_3"
	clamp_to_water_level=no
	render_under_water=no
	generated_content=yes
	layer="mines_dynamic"
	pdxmesh="generic_rural_mining_pile_02_mesh"
	count=24
	transform="1658.368286 0.000000 2085.363525 0.000000 0.532692 0.000000 -0.846309 0.000000 0.000000 0.000000
1640.015625 0.000000 2097.550537 0.000000 0.566475 0.000000 -0.824079 0.000000 0.000000 0.000000
1652.004028 0.000000 2093.249512 0.000000 0.561239 0.000000 -0.827654 1.000000 1.000000 1.000000
1769.563477 0.000000 2059.928467 0.000000 0.586385 0.000000 -0.810033 0.000000 0.000000 0.000000
1766.889160 0.000000 2056.877197 0.000000 0.626346 0.000000 -0.779545 0.000000 0.000000 0.000000
1757.530396 0.000000 2060.729980 0.000000 0.622063 0.000000 -0.782967 1.000000 1.000000 1.000000
1750.628418 0.000000 2063.464600 0.000000 0.644013 0.000000 -0.765014 1.000000 1.000000 1.000000
1762.857544 0.000000 2062.566406 0.000000 0.618015 0.000000 -0.786166 1.000000 1.000000 1.000000
1755.635498 0.000000 2056.487793 0.000000 0.625771 0.000000 -0.780007 1.000000 1.000000 1.000000
1762.111450 0.000000 2065.052734 0.000000 0.618029 0.000000 -0.786155 1.000000 1.000000 1.000000
1705.260620 0.000000 2134.144043 0.000000 0.580368 0.000000 -0.814354 1.000000 1.000000 1.000000
1725.212891 0.000000 2115.313721 0.000000 0.524890 0.000000 -0.851170 0.000000 0.000000 0.000000
1712.648071 0.000000 2130.397705 0.000000 0.599395 0.000000 -0.800454 0.000000 0.000000 0.000000
1737.400879 0.000000 2106.041016 0.000000 0.643060 0.000000 -0.765816 0.000000 0.000000 0.000000
1753.283936 0.000000 2111.539551 0.000000 0.474167 0.000000 -0.880435 0.000000 0.000000 0.000000
1738.329468 0.000000 2114.626465 0.000000 0.586889 0.000000 -0.809668 0.000000 0.000000 0.000000
1742.686646 0.000000 2104.513428 0.000000 0.522127 0.000000 -0.852868 0.000000 0.000000 0.000000
1545.063721 0.000000 2233.352539 0.000000 0.557972 0.000000 -0.829860 0.000000 0.000000 0.000000
1554.230469 0.000000 2240.926270 0.000000 0.480463 0.000000 -0.877015 0.000000 0.000000 0.000000
1469.212891 0.000000 2284.766846 0.000000 0.614487 0.000000 -0.788927 1.000000 1.000000 1.000000
1453.433838 0.000000 2289.104248 0.000000 0.550876 0.000000 -0.834587 0.000000 0.000000 0.000000
1467.211304 0.000000 2288.993164 0.000000 0.656187 0.000000 -0.754599 0.000000 0.000000 0.000000
1554.230469 0.000000 2297.410645 0.000000 0.506812 0.000000 -0.862056 1.000000 1.000000 1.000000
1551.869995 0.000000 2296.197754 0.000000 0.615168 0.000000 -0.788396 1.000000 1.000000 1.000000
"}
object={
	name="latin_dynamic_mining_objects_generator_1_4"
	clamp_to_water_level=no
	render_under_water=no
	generated_content=yes
	layer="mines_dynamic"
	pdxmesh="generic_rural_mining_entrance_01_mesh"
	count=24
	transform="1651.455933 0.000000 2083.725830 0.000000 0.385700 0.000000 -0.922624 1.000000 1.000000 1.000000
1661.248291 0.000000 2079.439453 0.000000 0.400673 0.000000 -0.916221 0.000000 0.000000 0.000000
1645.386597 0.000000 2088.144531 0.000000 0.420099 0.000000 -0.907478 0.000000 0.000000 0.000000
1764.276123 0.000000 2066.684326 0.000000 0.422228 0.000000 -0.906490 0.000000 0.000000 0.000000
1761.448853 0.000000 2056.734375 0.000000 0.402869 0.000000 -0.915257 1.000000 1.000000 1.000000
1764.759888 0.000000 2054.813721 0.000000 0.247011 0.000000 -0.969013 1.000000 1.000000 1.000000
1756.947998 0.000000 2063.509277 0.000000 0.288388 0.000000 -0.957514 1.000000 1.000000 1.000000
1751.339966 0.000000 2065.844971 0.000000 0.457906 0.000000 -0.889001 1.000000 1.000000 1.000000
1715.455933 0.000000 2140.210205 0.000000 0.301398 0.000000 -0.953498 1.000000 1.000000 1.000000
1702.535767 0.000000 2119.429932 0.000000 0.352901 0.000000 -0.935661 0.000000 0.000000 0.000000
1698.857544 0.000000 2119.050781 0.000000 0.351861 0.000000 -0.936052 0.000000 0.000000 0.000000
1714.798096 0.000000 2126.603027 0.000000 0.361623 0.000000 -0.932324 1.000000 1.000000 1.000000
1745.260132 0.000000 2116.378906 0.000000 0.258586 0.000000 -0.965988 0.000000 0.000000 0.000000
1760.448975 0.000000 2115.917236 0.000000 0.378565 0.000000 -0.925575 0.000000 0.000000 0.000000
1748.094971 0.000000 2105.322754 0.000000 0.458043 0.000000 -0.888930 1.000000 1.000000 1.000000
1554.817383 0.000000 2233.334473 0.000000 0.249017 0.000000 -0.968499 0.000000 0.000000 0.000000
1694.961914 0.000000 2147.367676 0.000000 0.308561 0.000000 -0.951205 0.000000 0.000000 0.000000
1453.311035 0.000000 2293.724854 0.000000 0.435942 0.000000 -0.899975 0.000000 0.000000 0.000000
1469.032837 0.000000 2281.562988 0.000000 0.350228 0.000000 -0.936664 0.000000 0.000000 0.000000
1551.273071 0.000000 2281.293457 0.000000 0.284241 0.000000 -0.958753 0.000000 0.000000 0.000000
1548.552612 0.000000 2285.569092 0.000000 0.460861 0.000000 -0.887472 0.000000 0.000000 0.000000
1555.771851 0.000000 2282.000488 0.000000 0.257232 0.000000 -0.966350 0.000000 0.000000 0.000000
1545.866211 0.000000 2298.447266 0.000000 0.431141 0.000000 -0.902285 1.000000 1.000000 1.000000
1549.872192 0.000000 2287.777588 0.000000 0.461859 0.000000 -0.886953 0.000000 0.000000 0.000000
"}
object={
	name="latin_dynamic_mining_objects_generator_1_5"
	clamp_to_water_level=no
	render_under_water=no
	generated_content=yes
	layer="mines_dynamic"
	pdxmesh="generic_rural_mining_entrance_02_mesh"
	count=23
	transform="1766.535767 0.000000 2062.945557 0.000000 0.202945 0.000000 -0.979190 0.000000 0.000000 0.000000
1760.448975 0.000000 2059.432861 0.000000 0.085912 0.000000 -0.996303 1.000000 1.000000 1.000000
1711.722534 0.000000 2134.241455 0.000000 0.194803 0.000000 -0.980842 0.000000 0.000000 0.000000
1715.634155 0.000000 2132.649658 0.000000 0.196324 0.000000 -0.980539 0.000000 0.000000 0.000000
1699.666992 0.000000 2126.408203 0.000000 0.230623 0.000000 -0.973043 0.000000 0.000000 0.000000
1749.705078 0.000000 2116.789551 0.000000 0.064432 0.000000 -0.997922 1.000000 1.000000 1.000000
1729.017578 0.000000 2116.614990 0.000000 0.185902 0.000000 -0.982568 0.000000 0.000000 0.000000
1740.552612 0.000000 2116.115967 0.000000 0.181350 0.000000 -0.983419 0.000000 0.000000 0.000000
1738.351440 0.000000 2110.800781 0.000000 0.171893 0.000000 -0.985116 0.000000 0.000000 0.000000
1731.837158 0.000000 2113.483887 0.000000 0.168771 0.000000 -0.985655 1.000000 1.000000 1.000000
1741.099609 0.000000 2109.698486 0.000000 0.142324 0.000000 -0.989820 0.000000 0.000000 0.000000
1758.952515 0.000000 2109.434082 0.000000 0.115884 0.000000 -0.993263 1.000000 1.000000 1.000000
1753.706665 0.000000 2103.561279 0.000000 0.036016 0.000000 -0.999351 1.000000 1.000000 1.000000
1542.724243 0.000000 2236.398193 0.000000 0.235529 0.000000 -0.971867 0.000000 0.000000 0.000000
1555.991577 0.000000 2236.118164 0.000000 0.036452 0.000000 -0.999335 0.000000 0.000000 0.000000
1553.360962 0.000000 2249.051025 0.000000 0.219306 0.000000 -0.975656 0.000000 0.000000 0.000000
1464.065796 0.000000 2284.737549 0.000000 0.023077 0.000000 -0.999734 1.000000 1.000000 1.000000
1466.504395 0.000000 2283.133789 0.000000 0.212047 0.000000 -0.977259 1.000000 1.000000 1.000000
1461.519043 0.000000 2286.000488 0.000000 0.126382 0.000000 -0.991982 1.000000 1.000000 1.000000
1476.755371 0.000000 2287.247559 0.000000 0.158737 0.000000 -0.987321 0.000000 0.000000 0.000000
1557.705078 0.000000 2286.242676 0.000000 0.072257 0.000000 -0.997386 0.000000 0.000000 0.000000
1553.260132 0.000000 2285.832031 0.000000 0.009200 0.000000 -0.999958 1.000000 1.000000 1.000000
1559.935669 0.000000 2296.430176 0.000000 0.237012 0.000000 -0.971507 1.000000 1.000000 1.000000
"}
