object={
	name="oak_generator_3_0"
	clamp_to_water_level=no
	render_under_water=no
	generated_content=yes
	layer="semidynamic_high"
	pdxmesh="oak_tree_01_mesh"
	count=4
	transform="4578.937988 0.000000 708.317566 0.000000 0.317592 0.000000 0.948228 0.331522 0.331522 0.331522
7409.352051 0.000000 505.008667 0.000000 0.077672 0.000000 0.996979 0.327887 0.327887 0.327887
7434.378418 0.000000 463.736359 0.000000 0.047737 0.000000 0.998860 0.327509 0.327509 0.327509
7425.323730 0.000000 457.932434 0.000000 0.257228 0.000000 0.966351 0.330188 0.330188 0.330188
"}
object={
	name="oak_generator_3_1"
	clamp_to_water_level=no
	render_under_water=no
	generated_content=yes
	layer="semidynamic_high"
	pdxmesh="oak_tree_02_mesh"
	count=8
	transform="7408.351074 0.000000 517.268250 0.000000 0.745487 0.000000 0.666521 0.338589 0.338589 0.338589
7424.213379 0.000000 463.976654 0.000000 0.939659 0.000000 0.342113 0.343257 0.343257 0.343257
7429.924316 0.000000 467.514465 0.000000 0.890423 0.000000 0.455133 0.339575 0.339575 0.339575
7432.323730 0.000000 470.399506 0.000000 0.742840 0.000000 0.669469 0.337758 0.337758 0.337758
7436.654785 0.000000 455.579407 0.000000 0.928863 0.000000 0.370424 0.343319 0.343319 0.343319
7425.228027 0.000000 462.303497 0.000000 0.871271 0.000000 0.490802 0.340093 0.340093 0.340093
7426.182129 0.000000 464.550659 0.000000 0.788346 0.000000 0.615232 0.336248 0.336248 0.336248
7429.606445 0.000000 466.237244 0.000000 0.847509 0.000000 0.530781 0.337655 0.337655 0.337655
"}
object={
	name="oak_generator_3_2"
	clamp_to_water_level=no
	render_under_water=no
	generated_content=yes
	layer="semidynamic_high"
	pdxmesh="oak_tree_03_mesh"
	count=8
	transform="7410.833984 0.000000 516.939697 0.000000 0.999884 0.000000 0.015243 0.349758 0.349758 0.349758
7435.786133 0.000000 456.927917 0.000000 0.999929 0.000000 -0.011940 0.350139 0.350139 0.350139
7431.699707 0.000000 467.729889 0.000000 0.978059 0.000000 0.208330 0.347158 0.347158 0.347158
7425.626465 0.000000 506.792358 0.000000 0.986282 0.000000 -0.165066 0.352478 0.352478 0.352478
7433.453613 0.000000 464.545319 0.000000 0.990996 0.000000 0.133893 0.347829 0.347829 0.347829
7433.084473 0.000000 469.905121 0.000000 0.985659 0.000000 -0.168749 0.353408 0.353408 0.353408
7432.499023 0.000000 468.201874 0.000000 0.978300 0.000000 0.207194 0.345806 0.345806 0.345806
7454.477539 0.000000 483.893433 0.000000 0.965424 0.000000 0.260684 0.344953 0.344953 0.344953
"}
object={
	name="oak_generator_3_3"
	clamp_to_water_level=no
	render_under_water=no
	generated_content=yes
	layer="semidynamic_high"
	pdxmesh="oak_tree_04_mesh"
	count=2
	transform="7434.814941 0.000000 461.238281 0.000000 0.604640 0.000000 -0.796499 0.368801 0.368801 0.368801
7446.794922 0.000000 505.754425 0.000000 0.854720 0.000000 -0.519090 0.361875 0.361875 0.361875
"}
object={
	name="oak_generator_3_4"
	clamp_to_water_level=no
	render_under_water=no
	generated_content=yes
	layer="semidynamic_high"
	pdxmesh="oak_tree_dense_01_mesh"
	count=7
	transform="4579.506348 0.000000 709.682617 0.000000 0.065112 0.000000 -0.997878 0.372300 0.372300 0.372300
7409.096680 0.000000 516.052856 0.000000 0.557402 0.000000 -0.830243 0.365321 0.365321 0.365321
7437.322266 0.000000 456.471741 0.000000 0.218966 0.000000 -0.975733 0.370467 0.370467 0.370467
7455.121582 0.000000 483.135254 0.000000 0.211383 0.000000 -0.977403 0.375983 0.375983 0.375983
7453.536133 0.000000 482.670197 0.000000 0.210551 0.000000 -0.977583 0.380273 0.380273 0.380273
7427.781738 0.000000 464.716614 0.000000 0.148457 0.000000 -0.988919 0.379506 0.379506 0.379506
7446.503906 0.000000 504.495087 0.000000 0.210747 0.000000 -0.977541 0.379557 0.379557 0.379557
"}
