object={
	name="oak_generator_2_0"
	clamp_to_water_level=no
	render_under_water=no
	generated_content=yes
	layer="semidynamic_medium"
	pdxmesh="oak_tree_01_mesh"
	count=10
	transform="7431.408691 0.000000 469.712524 0.000000 0.209986 0.000000 0.977704 0.332422 0.332422 0.332422
7430.475098 0.000000 466.465637 0.000000 0.003259 0.000000 0.999995 0.328770 0.328770 0.328770
7455.330566 0.000000 484.296082 0.000000 0.210774 0.000000 0.977535 0.331424 0.331424 0.331424
7432.953125 0.000000 477.805695 0.000000 0.328682 0.000000 0.944441 0.331534 0.331534 0.331534
7424.369629 0.000000 462.776917 0.000000 0.525706 0.000000 0.850666 0.330356 0.330356 0.330356
7427.049316 0.000000 464.145874 0.000000 0.586633 0.000000 0.809853 0.330412 0.330412 0.330412
7428.846680 0.000000 466.782288 0.000000 0.519418 0.000000 0.854520 0.327393 0.327393 0.327393
7430.267578 0.000000 476.315063 0.000000 0.347135 0.000000 0.937815 0.330498 0.330498 0.330498
7459.658203 0.000000 492.430359 0.000000 0.404809 0.000000 0.914401 0.329177 0.329177 0.329177
7424.042480 0.000000 508.366699 0.000000 0.073623 0.000000 0.997286 0.330378 0.330378 0.330378
"}
object={
	name="oak_generator_2_1"
	clamp_to_water_level=no
	render_under_water=no
	generated_content=yes
	layer="semidynamic_medium"
	pdxmesh="oak_tree_02_mesh"
	count=6
	transform="7406.880859 0.000000 502.410583 0.000000 0.803922 0.000000 0.594735 0.341596 0.341596 0.341596
7440.278320 0.000000 472.594269 0.000000 0.856861 0.000000 0.515547 0.341646 0.341646 0.341646
7430.595703 0.000000 477.874084 0.000000 0.915788 0.000000 0.401662 0.343373 0.343373 0.343373
7454.348145 0.000000 482.213409 0.000000 0.890567 0.000000 0.454852 0.340964 0.340964 0.340964
7458.454102 0.000000 492.896240 0.000000 0.826274 0.000000 0.563269 0.339204 0.339204 0.339204
7429.575684 0.000000 473.223511 0.000000 0.657050 0.000000 0.753847 0.332951 0.332951 0.332951
"}
object={
	name="oak_generator_2_2"
	clamp_to_water_level=no
	render_under_water=no
	generated_content=yes
	layer="semidynamic_medium"
	pdxmesh="oak_tree_03_mesh"
	count=8
	transform="7408.748535 0.000000 509.771667 0.000000 0.993844 0.000000 0.110790 0.348254 0.348254 0.348254
7424.371582 0.000000 456.959839 0.000000 0.974595 0.000000 0.223974 0.346585 0.346585 0.346585
7459.619629 0.000000 493.781860 0.000000 0.957453 0.000000 -0.288588 0.355282 0.355282 0.355282
7440.985352 0.000000 474.050842 0.000000 0.975249 0.000000 0.221108 0.346162 0.346162 0.346162
7427.094727 0.000000 506.659180 0.000000 0.999219 0.000000 -0.039504 0.350710 0.350710 0.350710
7425.219727 0.000000 459.893585 0.000000 0.981281 0.000000 0.192584 0.346495 0.346495 0.346495
7426.597656 0.000000 465.340027 0.000000 0.977501 0.000000 -0.210929 0.354410 0.354410 0.354410
7452.419922 0.000000 483.417877 0.000000 0.963363 0.000000 0.268201 0.343950 0.343950 0.343950
"}
object={
	name="oak_generator_2_3"
	clamp_to_water_level=no
	render_under_water=no
	generated_content=yes
	layer="semidynamic_medium"
	pdxmesh="oak_tree_04_mesh"
	count=4
	transform="7452.947754 0.000000 481.946838 0.000000 0.608740 0.000000 -0.793369 0.361370 0.361370 0.361370
7435.084961 0.000000 462.253662 0.000000 0.801366 0.000000 -0.598174 0.359469 0.359469 0.359469
7424.233887 0.000000 465.318237 0.000000 0.817831 0.000000 -0.575459 0.359430 0.359430 0.359430
7432.616211 0.000000 469.118652 0.000000 0.675508 0.000000 -0.737352 0.366663 0.366663 0.366663
"}
object={
	name="oak_generator_2_4"
	clamp_to_water_level=no
	render_under_water=no
	generated_content=yes
	layer="semidynamic_medium"
	pdxmesh="oak_tree_dense_01_mesh"
	count=10
	transform="7409.129395 0.000000 502.280914 0.000000 0.478103 0.000000 -0.878304 0.364617 0.364617 0.364617
7427.913086 0.000000 462.811523 0.000000 0.398440 0.000000 -0.917195 0.364963 0.364963 0.364963
7433.693359 0.000000 460.937744 0.000000 0.340175 0.000000 -0.940362 0.370476 0.370476 0.370476
7453.614258 0.000000 483.602936 0.000000 0.348591 0.000000 -0.937275 0.377066 0.377066 0.377066
7436.241699 0.000000 454.139832 0.000000 0.560155 0.000000 -0.828388 0.367188 0.367188 0.367188
7432.131348 0.000000 461.262756 0.000000 0.061660 0.000000 -0.998097 0.375252 0.375252 0.375252
7433.923828 0.000000 469.469452 0.000000 0.529576 0.000000 -0.848263 0.370352 0.370352 0.370352
7432.161133 0.000000 463.996399 0.000000 0.347575 0.000000 -0.937652 0.368963 0.368963 0.368963
7433.676758 0.000000 466.551514 0.000000 0.138074 0.000000 -0.990422 0.381413 0.381413 0.381413
7432.409180 0.000000 466.694489 0.000000 0.195455 0.000000 -0.980713 0.380136 0.380136 0.380136
"}
