object={
	name="palm_dense_generator_1_0"
	clamp_to_water_level=no
	render_under_water=no
	generated_content=yes
	layer="semidynamic"
	pdxmesh="tree_palm_01_mesh"
	count=153
	transform="510.419189 0.000000 776.444153 0.000000 0.243639 0.000000 0.969866 0.292147 0.292147 0.292147
496.648071 0.000000 774.772644 0.000000 0.105779 0.000000 0.994390 0.241634 0.241634 0.241634
459.486969 0.000000 742.856506 0.000000 0.511680 0.000000 0.859176 0.607220 0.607220 0.607220
461.487946 0.000000 744.313538 0.000000 0.856575 0.000000 0.516023 0.965482 0.965482 0.965482
378.561462 0.000000 822.540527 0.000000 0.739115 0.000000 0.673580 0.952951 0.952951 0.952951
380.180450 0.000000 824.883789 0.000000 0.091305 0.000000 0.995823 0.709503 0.709503 0.709503
459.486969 0.000000 799.340881 0.000000 0.004930 0.000000 0.999988 0.278422 0.278422 0.278422
461.704803 0.000000 803.607849 0.000000 0.150350 0.000000 0.988633 0.909608 0.909608 0.909608
621.433899 0.000000 707.541748 0.000000 0.471789 0.000000 0.881711 0.856897 0.856897 0.856897
578.268860 0.000000 731.246338 0.000000 0.847641 0.000000 0.530571 0.954342 0.954342 0.954342
653.506958 0.000000 713.626953 0.000000 0.284940 0.000000 0.958545 0.918395 0.918395 0.918395
656.244324 0.000000 707.010315 0.000000 0.767525 0.000000 0.641019 0.442869 0.442869 0.442869
654.389343 0.000000 711.197205 0.000000 0.601271 0.000000 0.799045 0.394654 0.394654 0.394654
736.618042 0.000000 681.178101 0.000000 0.766598 0.000000 0.642128 0.937855 0.937855 0.937855
578.199280 0.000000 854.377930 0.000000 0.525427 0.000000 0.850839 0.935219 0.935219 0.935219
633.360474 0.000000 858.522278 0.000000 0.026669 0.000000 0.999644 0.901698 0.901698 0.901698
695.107971 0.000000 835.982544 0.000000 0.169779 0.000000 0.985482 0.247789 0.247789 0.247789
699.001160 0.000000 828.582336 0.000000 0.341141 0.000000 0.940012 0.446338 0.446338 0.446338
673.910461 0.000000 833.104126 0.000000 0.585772 0.000000 0.810476 0.616551 0.616551 0.616551
689.315125 0.000000 833.479492 0.000000 0.728022 0.000000 0.685554 0.941729 0.941729 0.941729
689.424500 0.000000 829.197815 0.000000 0.719727 0.000000 0.694258 0.951147 0.951147 0.951147
696.471802 0.000000 831.237366 0.000000 0.627722 0.000000 0.778438 0.943202 0.943202 0.943202
650.565063 0.000000 849.814575 0.000000 0.861561 0.000000 0.507654 0.966103 0.966103 0.966103
650.166626 0.000000 853.779236 0.000000 0.426546 0.000000 0.904466 0.928054 0.928054 0.928054
760.065735 0.000000 872.628235 0.000000 0.426442 0.000000 0.904515 0.260861 0.260861 0.260861
737.210327 0.000000 892.138977 0.000000 0.365335 0.000000 0.930876 0.274565 0.274565 0.274565
748.760437 0.000000 885.770752 0.000000 0.802411 0.000000 0.596772 0.373799 0.373799 0.373799
738.735779 0.000000 886.918701 0.000000 0.045692 0.000000 0.998956 0.902910 0.902910 0.902910
737.910461 0.000000 889.588501 0.000000 0.188263 0.000000 0.982119 0.701402 0.701402 0.701402
740.952637 0.000000 887.742554 0.000000 0.702454 0.000000 0.711730 0.596824 0.596824 0.596824
767.163391 0.000000 879.940186 0.000000 0.330302 0.000000 0.943875 0.875213 0.875213 0.875213
739.523132 0.000000 891.911560 0.000000 0.109000 0.000000 0.994042 0.627774 0.627774 0.627774
735.373413 0.000000 890.698730 0.000000 0.750118 0.000000 0.661304 0.954001 0.954001 0.954001
744.284058 0.000000 885.732178 0.000000 0.040338 0.000000 0.999186 0.826916 0.826916 0.826916
895.586365 0.000000 731.247070 0.000000 0.548921 0.000000 0.835874 0.300228 0.300228 0.300228
798.924683 0.000000 773.601685 0.000000 0.068440 0.000000 0.997655 0.904360 0.904360 0.904360
940.760437 0.000000 716.317627 0.000000 0.030760 0.000000 0.999527 0.901959 0.901959 0.901959
902.215332 0.000000 783.234497 0.000000 0.733166 0.000000 0.680050 0.364176 0.364176 0.364176
904.908508 0.000000 780.196899 0.000000 0.327280 0.000000 0.944927 0.569190 0.569190 0.569190
902.056946 0.000000 779.234619 0.000000 0.423596 0.000000 0.905851 0.927846 0.927846 0.927846
904.076843 0.000000 778.350281 0.000000 0.287636 0.000000 0.957740 0.918574 0.918574 0.918574
1013.097351 0.000000 736.082214 0.000000 0.073808 0.000000 0.997272 0.904703 0.904703 0.904703
813.747009 0.000000 839.472839 0.000000 0.433543 0.000000 0.901133 0.729848 0.729848 0.729848
869.432373 0.000000 801.808289 0.000000 0.332477 0.000000 0.943111 0.921577 0.921577 0.921577
893.658813 0.000000 826.096985 0.000000 0.332654 0.000000 0.943049 0.252313 0.252313 0.252313
894.270142 0.000000 795.212646 0.000000 0.849853 0.000000 0.527020 0.939717 0.939717 0.939717
876.412659 0.000000 833.054993 0.000000 0.815218 0.000000 0.579154 0.600774 0.600774 0.600774
884.004028 0.000000 794.108826 0.000000 0.801110 0.000000 0.598517 0.391151 0.391151 0.391151
832.009766 0.000000 832.973755 0.000000 0.326658 0.000000 0.945143 0.579223 0.579223 0.579223
854.628418 0.000000 820.808472 0.000000 0.835322 0.000000 0.549761 0.962944 0.962944 0.962944
880.580505 0.000000 821.221985 0.000000 0.790034 0.000000 0.613064 0.925366 0.925366 0.925366
874.835876 0.000000 796.787537 0.000000 0.858213 0.000000 0.513294 0.965685 0.965685 0.965685
838.508057 0.000000 842.872375 0.000000 0.568571 0.000000 0.822634 0.938501 0.938501 0.938501
839.437256 0.000000 845.824890 0.000000 0.684998 0.000000 0.728545 0.948039 0.948039 0.948039
855.192017 0.000000 836.671875 0.000000 0.005421 0.000000 0.999985 0.347661 0.347661 0.347661
893.638245 0.000000 810.504456 0.000000 0.662127 0.000000 0.749392 0.946069 0.946069 0.946069
859.190735 0.000000 819.090637 0.000000 0.375037 0.000000 0.927010 0.924474 0.924474 0.924474
888.096619 0.000000 818.425171 0.000000 0.811384 0.000000 0.584514 0.769878 0.769878 0.769878
871.465637 0.000000 800.666931 0.000000 0.466953 0.000000 0.884282 0.913053 0.913053 0.913053
850.979797 0.000000 830.795044 0.000000 0.562138 0.000000 0.827044 0.606863 0.606863 0.606863
842.234924 0.000000 838.227173 0.000000 0.710090 0.000000 0.704110 0.950269 0.950269 0.950269
868.748962 0.000000 800.150757 0.000000 0.664104 0.000000 0.747641 0.946237 0.946237 0.946237
839.784241 0.000000 844.097656 0.000000 0.067012 0.000000 0.997752 0.904269 0.904269 0.904269
892.313171 0.000000 814.536133 0.000000 0.774776 0.000000 0.632235 0.956428 0.956428 0.956428
843.049316 0.000000 840.662170 0.000000 0.222076 0.000000 0.975029 0.914257 0.914257 0.914257
799.453491 0.000000 863.995728 0.000000 0.848304 0.000000 0.529509 0.391127 0.391127 0.391127
786.127686 0.000000 860.541687 0.000000 0.043950 0.000000 0.999034 0.873067 0.873067 0.873067
809.563477 0.000000 873.756653 0.000000 0.631557 0.000000 0.775330 0.836703 0.836703 0.836703
812.063171 0.000000 856.254761 0.000000 0.840203 0.000000 0.542272 0.923162 0.923162 0.923162
789.668762 0.000000 857.054504 0.000000 0.075615 0.000000 0.997137 0.411773 0.411773 0.411773
830.270142 0.000000 851.697021 0.000000 0.384747 0.000000 0.923022 0.925142 0.925142 0.925142
808.974609 0.000000 858.787170 0.000000 0.156544 0.000000 0.987671 0.246432 0.246432 0.246432
820.014587 0.000000 856.108948 0.000000 0.824041 0.000000 0.566531 0.550445 0.550445 0.550445
784.244324 0.000000 876.463440 0.000000 0.212845 0.000000 0.977086 0.457261 0.457261 0.457261
788.832764 0.000000 859.845276 0.000000 0.406482 0.000000 0.913659 0.623859 0.623859 0.623859
824.639099 0.000000 852.237976 0.000000 0.569859 0.000000 0.821742 0.588476 0.588476 0.588476
791.068298 0.000000 851.776794 0.000000 0.292857 0.000000 0.956156 0.302072 0.302072 0.302072
782.686707 0.000000 861.857117 0.000000 0.383393 0.000000 0.923585 0.925049 0.925049 0.925049
813.143188 0.000000 847.567932 0.000000 0.627334 0.000000 0.778751 0.830385 0.830385 0.830385
804.915894 0.000000 875.328064 0.000000 0.552224 0.000000 0.833696 0.937244 0.937244 0.937244
801.049316 0.000000 848.515930 0.000000 0.202281 0.000000 0.979327 0.837197 0.837197 0.837197
793.618530 0.000000 898.942871 0.000000 0.362844 0.000000 0.931850 0.923639 0.923639 0.923639
787.237000 0.000000 858.588684 0.000000 0.704716 0.000000 0.709489 0.949785 0.949785 0.949785
793.304749 0.000000 848.259338 0.000000 0.699950 0.000000 0.714192 0.949359 0.949359 0.949359
802.937195 0.000000 849.050354 0.000000 0.394629 0.000000 0.918840 0.906627 0.906627 0.906627
805.967468 0.000000 872.162964 0.000000 0.671011 0.000000 0.741448 0.901788 0.901788 0.901788
787.704041 0.000000 861.029846 0.000000 0.101169 0.000000 0.994869 0.877837 0.877837 0.877837
799.967712 0.000000 865.465332 0.000000 0.291092 0.000000 0.956695 0.918804 0.918804 0.918804
823.353271 0.000000 854.409424 0.000000 0.061825 0.000000 0.998087 0.903938 0.903938 0.903938
854.937195 0.000000 861.692993 0.000000 0.417922 0.000000 0.908483 0.811462 0.811462 0.811462
859.932800 0.000000 867.535278 0.000000 0.411236 0.000000 0.911529 0.283089 0.283089 0.283089
849.664795 0.000000 853.921631 0.000000 0.419611 0.000000 0.907704 0.432602 0.432602 0.432602
857.706726 0.000000 860.904968 0.000000 0.512879 0.000000 0.858461 0.934284 0.934284 0.934284
857.283936 0.000000 868.883362 0.000000 0.586956 0.000000 0.809619 0.354784 0.354784 0.354784
840.614319 0.000000 860.794495 0.000000 0.006060 0.000000 0.999982 0.900386 0.900386 0.900386
838.474854 0.000000 861.856262 0.000000 0.391343 0.000000 0.920245 0.925598 0.925598 0.925598
836.035400 0.000000 853.485352 0.000000 0.295165 0.000000 0.955446 0.919075 0.919075 0.919075
839.699585 0.000000 863.120483 0.000000 0.282071 0.000000 0.959393 0.848919 0.848919 0.848919
857.349731 0.000000 867.216309 0.000000 0.564424 0.000000 0.825485 0.938180 0.938180 0.938180
951.107971 0.000000 835.982544 0.000000 0.277166 0.000000 0.960822 0.486930 0.486930 0.486930
901.119202 0.000000 807.215454 0.000000 0.561282 0.000000 0.827624 0.413493 0.413493 0.413493
898.356873 0.000000 795.679443 0.000000 0.821146 0.000000 0.570719 0.741762 0.741762 0.741762
896.090149 0.000000 794.076843 0.000000 0.285519 0.000000 0.958373 0.414351 0.414351 0.414351
898.575745 0.000000 831.908325 0.000000 0.080293 0.000000 0.996771 0.804653 0.804653 0.804653
929.641785 0.000000 808.859863 0.000000 0.662937 0.000000 0.748675 0.750960 0.750960 0.750960
995.991211 0.000000 806.507751 0.000000 0.290319 0.000000 0.956930 0.583271 0.583271 0.583271
979.771851 0.000000 813.406677 0.000000 0.208062 0.000000 0.978116 0.544076 0.544076 0.544076
939.596497 0.000000 895.807129 0.000000 0.262948 0.000000 0.964810 0.362659 0.362659 0.362659
1028.756714 0.000000 696.605713 0.000000 0.553879 0.000000 0.832597 0.937371 0.937371 0.937371
11.616361 0.000000 1046.059937 0.000000 0.111131 0.000000 0.993806 0.907089 0.907089 0.907089
11.461287 0.000000 1044.313232 0.000000 0.113090 0.000000 0.993585 0.907215 0.907215 0.907215
119.637939 0.000000 1032.462158 0.000000 0.750733 0.000000 0.660606 0.356505 0.356505 0.356505
114.789413 0.000000 1028.806030 0.000000 0.499890 0.000000 0.866089 0.300368 0.300368 0.300368
105.676895 0.000000 1034.785767 0.000000 0.830633 0.000000 0.556821 0.921712 0.921712 0.921712
104.256470 0.000000 1033.566528 0.000000 0.276382 0.000000 0.961048 0.813280 0.813280 0.813280
18.817440 0.000000 1103.646973 0.000000 0.344484 0.000000 0.938792 0.270363 0.270363 0.270363
20.841717 0.000000 1107.769287 0.000000 0.750308 0.000000 0.661089 0.954019 0.954019 0.954019
122.028488 0.000000 1086.301758 0.000000 0.231648 0.000000 0.972800 0.884841 0.884841 0.884841
128.098709 0.000000 1023.667725 0.000000 0.751833 0.000000 0.659354 0.354679 0.354679 0.354679
134.330490 0.000000 1085.299927 0.000000 0.850556 0.000000 0.525885 0.417259 0.417259 0.417259
136.614334 0.000000 1086.731934 0.000000 0.564782 0.000000 0.825240 0.491360 0.491360 0.491360
334.873108 0.000000 968.281433 0.000000 0.187689 0.000000 0.982229 0.385137 0.385137 0.385137
387.597260 0.000000 928.856567 0.000000 0.632446 0.000000 0.774605 0.943590 0.943590 0.943590
434.908417 0.000000 999.000244 0.000000 0.578444 0.000000 0.815722 0.939268 0.939268 0.939268
105.260620 0.000000 1173.909668 0.000000 0.170480 0.000000 0.985361 0.910906 0.910906 0.910906
98.111412 0.000000 1161.302734 0.000000 0.513296 0.000000 0.858211 0.934315 0.934315 0.934315
100.550415 0.000000 1160.481567 0.000000 0.850947 0.000000 0.525252 0.699977 0.699977 0.699977
88.795364 0.000000 1214.084106 0.000000 0.064868 0.000000 0.997894 0.904133 0.904133 0.904133
191.957886 0.000000 1207.070923 0.000000 0.749159 0.000000 0.662390 0.353320 0.353320 0.353320
137.203842 0.000000 1221.872681 0.000000 0.444820 0.000000 0.895620 0.282636 0.282636 0.282636
140.552628 0.000000 1212.365967 0.000000 0.466773 0.000000 0.884377 0.314288 0.314288 0.314288
212.569412 0.000000 1191.558350 0.000000 0.855119 0.000000 0.518432 0.636943 0.636943 0.636943
237.943573 0.000000 1188.526855 0.000000 0.858069 0.000000 0.513535 0.657520 0.657520 0.657520
230.337952 0.000000 1199.908081 0.000000 0.801589 0.000000 0.597875 0.931364 0.931364 0.931364
210.498642 0.000000 1189.989868 0.000000 0.431431 0.000000 0.902146 0.528167 0.528167 0.528167
231.104736 0.000000 1198.065430 0.000000 0.304613 0.000000 0.952476 0.864916 0.864916 0.864916
203.786285 0.000000 1304.193604 0.000000 0.405171 0.000000 0.914241 0.926558 0.926558 0.926558
203.486984 0.000000 1307.700195 0.000000 0.738606 0.000000 0.674137 0.931848 0.931848 0.931848
471.293579 0.000000 1322.705444 0.000000 0.852209 0.000000 0.523201 0.923709 0.923709 0.923709
226.934753 0.000000 1359.194214 0.000000 0.103188 0.000000 0.994662 0.906581 0.906581 0.906581
496.580475 0.000000 2007.393921 0.000000 0.855071 0.000000 0.518511 0.965297 0.965297 0.965297
463.800018 0.000000 2020.016968 0.000000 0.235648 0.000000 0.971839 0.915144 0.915144 0.915144
498.395050 0.000000 2006.969727 0.000000 0.604549 0.000000 0.796568 0.941329 0.941329 0.941329
496.395569 0.000000 2009.284180 0.000000 0.817315 0.000000 0.576191 0.960908 0.960908 0.960908
545.210327 0.000000 1965.342041 0.000000 0.781617 0.000000 0.623758 0.867769 0.867769 0.867769
556.662415 0.000000 1971.048950 0.000000 0.826926 0.000000 0.562311 0.405403 0.405403 0.405403
560.648071 0.000000 1960.944458 0.000000 0.495653 0.000000 0.868520 0.933014 0.933014 0.933014
546.735779 0.000000 1960.121826 0.000000 0.589134 0.000000 0.808036 0.322785 0.322785 0.322785
556.376709 0.000000 1966.736450 0.000000 0.809330 0.000000 0.587354 0.929001 0.929001 0.929001
550.581116 0.000000 1955.593140 0.000000 0.603312 0.000000 0.797506 0.339940 0.339940 0.339940
545.910461 0.000000 1962.791626 0.000000 0.631523 0.000000 0.775357 0.360114 0.360114 0.360114
550.819946 0.000000 1972.720459 0.000000 0.000860 0.000000 1.000000 0.627343 0.627343 0.627343
522.704590 0.000000 1999.695679 0.000000 0.216469 0.000000 0.976289 0.739997 0.739997 0.739997
"}
object={
	name="palm_dense_generator_1_1"
	clamp_to_water_level=no
	render_under_water=no
	generated_content=yes
	layer="semidynamic"
	pdxmesh="tree_palm_02_mesh"
	count=155
	transform="482.932587 0.000000 788.373779 0.000000 0.996646 0.000000 0.081833 0.486839 0.486839 0.486839
457.084747 0.000000 745.114746 0.000000 0.970389 0.000000 -0.241547 0.991687 0.991687 0.991687
511.374634 0.000000 774.392395 0.000000 0.978624 0.000000 -0.205660 1.013187 1.013187 1.013187
461.189148 0.000000 742.551514 0.000000 0.998153 0.000000 0.060754 0.994491 0.994491 0.994491
376.550995 0.000000 823.640442 0.000000 0.901889 0.000000 0.431967 0.859213 0.859213 0.859213
482.900940 0.000000 790.845947 0.000000 0.898231 0.000000 -0.439523 0.572767 0.572767 0.572767
461.487946 0.000000 800.797913 0.000000 0.999619 0.000000 0.027599 0.998243 0.998243 0.998243
517.832764 0.000000 766.162537 0.000000 0.996277 0.000000 0.086210 0.992048 0.992048 0.992048
583.671631 0.000000 872.122192 0.000000 0.985843 0.000000 0.167674 0.474070 0.474070 0.474070
596.804932 0.000000 847.333130 0.000000 0.903700 0.000000 -0.428166 0.932220 0.932220 0.932220
698.544495 0.000000 831.204346 0.000000 0.986316 0.000000 -0.164864 0.668682 0.668682 0.668682
694.864258 0.000000 845.779907 0.000000 0.930424 0.000000 -0.366484 1.040750 1.040750 1.040750
671.334412 0.000000 831.766663 0.000000 0.972002 0.000000 0.234972 0.984900 0.984900 0.984900
696.315552 0.000000 827.790222 0.000000 0.993850 0.000000 0.110739 0.507901 0.507901 0.507901
691.634155 0.000000 833.509094 0.000000 0.957750 0.000000 0.287600 0.928388 0.928388 0.928388
695.044800 0.000000 829.869568 0.000000 0.876228 0.000000 -0.481896 1.032010 1.032010 1.032010
697.129456 0.000000 829.599854 0.000000 0.992669 0.000000 -0.120869 1.007714 1.007714 1.007714
670.924683 0.000000 830.086060 0.000000 0.870881 0.000000 -0.491494 1.032710 1.032710 1.032710
726.628418 0.000000 820.808472 0.000000 0.883794 0.000000 0.467876 0.540393 0.540393 0.540393
651.786255 0.000000 852.318542 0.000000 0.967329 0.000000 -0.253525 1.016318 1.016318 1.016318
645.119202 0.000000 863.699829 0.000000 0.990582 0.000000 -0.136918 0.526180 0.526180 0.526180
715.959473 0.000000 895.756470 0.000000 0.992210 0.000000 -0.124574 0.637465 0.637465 0.637465
735.334412 0.000000 888.251038 0.000000 0.993330 0.000000 0.115303 0.992643 0.992643 0.992643
766.390747 0.000000 903.026184 0.000000 0.965483 0.000000 -0.260465 0.841438 0.841438 0.841438
733.290894 0.000000 889.608154 0.000000 0.974014 0.000000 -0.226487 1.023785 1.023785 1.023785
746.678162 0.000000 885.440674 0.000000 0.991669 0.000000 0.128813 0.862293 0.862293 0.862293
725.917603 0.000000 891.527893 0.000000 0.995065 0.000000 0.099228 0.989057 0.989057 0.989057
739.619446 0.000000 889.172485 0.000000 0.869494 0.000000 0.493943 0.967111 0.967111 0.967111
884.706360 0.000000 790.612244 0.000000 0.999947 0.000000 -0.010343 0.795785 0.795785 0.795785
897.884583 0.000000 728.865051 0.000000 0.903269 0.000000 0.429075 0.971768 0.971768 0.971768
1012.706360 0.000000 734.127869 0.000000 0.998962 0.000000 0.045541 0.997100 0.997100 0.997100
903.260437 0.000000 780.901306 0.000000 0.999971 0.000000 -0.007601 1.000484 1.000484 1.000484
1010.318420 0.000000 734.502747 0.000000 0.992705 0.000000 -0.120566 1.007694 1.007694 1.007694
1012.004028 0.000000 737.624451 0.000000 0.935410 0.000000 0.353564 0.976994 0.976994 0.976994
1012.657654 0.000000 734.332947 0.000000 0.997867 0.000000 0.065287 0.995841 0.995841 0.995841
986.957520 0.000000 740.923706 0.000000 0.934312 0.000000 0.356456 0.938569 0.938569 0.938569
1011.663757 0.000000 735.465271 0.000000 0.942589 0.000000 -0.333955 1.021677 1.021677 1.021677
801.679993 0.000000 846.609009 0.000000 0.999898 0.000000 0.014259 0.909593 0.909593 0.909593
836.458557 0.000000 845.247192 0.000000 0.996209 0.000000 0.086989 0.994455 0.994455 0.994455
843.959473 0.000000 839.272095 0.000000 0.982353 0.000000 0.187036 0.988022 0.988022 0.988022
895.957886 0.000000 811.680237 0.000000 0.867266 0.000000 0.497846 0.796287 0.796287 0.796287
841.203857 0.000000 826.482056 0.000000 0.875858 0.000000 0.482568 0.845447 0.845447 0.845447
886.816772 0.000000 792.032043 0.000000 0.876384 0.000000 0.481614 0.407606 0.407606 0.407606
858.074097 0.000000 821.297668 0.000000 0.901189 0.000000 0.433427 0.971461 0.971461 0.971461
841.640930 0.000000 843.969116 0.000000 0.996844 0.000000 0.079383 0.994941 0.994941 0.994941
890.511597 0.000000 811.291260 0.000000 0.986755 0.000000 -0.162215 1.022332 1.022332 1.022332
877.433899 0.000000 820.510498 0.000000 0.999378 0.000000 -0.035261 0.505640 0.505640 0.505640
882.318420 0.000000 790.987122 0.000000 0.991371 0.000000 -0.131085 0.628611 0.628611 0.628611
853.503174 0.000000 839.100464 0.000000 0.986010 0.000000 -0.166687 0.526277 0.526277 0.526277
890.504333 0.000000 814.540100 0.000000 0.895466 0.000000 -0.445130 1.029369 1.029369 1.029369
885.519043 0.000000 817.406677 0.000000 0.984709 0.000000 0.174209 0.472132 0.472132 0.472132
890.637390 0.000000 817.714966 0.000000 0.994880 0.000000 -0.101066 0.936872 0.936872 0.936872
888.346497 0.000000 812.982117 0.000000 0.965072 0.000000 0.261984 0.983125 0.983125 0.983125
895.814636 0.000000 809.225952 0.000000 0.972444 0.000000 0.233137 0.985020 0.985020 0.985020
894.948242 0.000000 792.935364 0.000000 0.874730 0.000000 0.484610 0.570686 0.570686 0.570686
886.180481 0.000000 814.631470 0.000000 0.982929 0.000000 -0.183987 1.011780 1.011780 1.011780
873.650879 0.000000 800.067993 0.000000 0.976641 0.000000 -0.214876 1.027087 1.027087 1.027087
884.657654 0.000000 790.817322 0.000000 0.978178 0.000000 0.207770 0.760383 0.760383 0.760383
843.263184 0.000000 827.343567 0.000000 0.982083 0.000000 0.188447 0.573063 0.573063 0.573063
877.465576 0.000000 835.077209 0.000000 0.981723 0.000000 0.190316 0.987810 0.987810 0.987810
884.316956 0.000000 819.907166 0.000000 0.999373 0.000000 -0.035398 1.002254 1.002254 1.002254
894.970947 0.000000 813.437256 0.000000 0.971280 0.000000 0.237938 0.972110 0.972110 0.972110
853.101562 0.000000 837.232300 0.000000 0.866562 0.000000 0.499069 0.961256 0.961256 0.961256
856.422180 0.000000 820.481506 0.000000 0.999492 0.000000 0.031876 0.997970 0.997970 0.997970
891.429382 0.000000 816.093872 0.000000 0.999842 0.000000 -0.017787 0.924257 0.924257 0.924257
880.891357 0.000000 819.155334 0.000000 0.930346 0.000000 0.366684 0.960352 0.960352 0.960352
840.280029 0.000000 825.012207 0.000000 0.986535 0.000000 -0.163551 1.019318 1.019318 1.019318
840.564453 0.000000 842.512329 0.000000 0.997540 0.000000 -0.070095 1.004466 1.004466 1.004466
895.210632 0.000000 825.383057 0.000000 0.923330 0.000000 0.384006 0.974909 0.974909 0.974909
885.385376 0.000000 821.388489 0.000000 0.920481 0.000000 0.390788 0.964217 0.964217 0.964217
886.485352 0.000000 816.195496 0.000000 0.980605 0.000000 -0.195994 1.012559 1.012559 1.012559
878.867493 0.000000 821.240845 0.000000 0.988557 0.000000 0.150845 0.990360 0.990360 0.990360
826.807129 0.000000 853.920166 0.000000 0.955077 0.000000 -0.296357 1.019154 1.019154 1.019154
782.220581 0.000000 864.346558 0.000000 0.925301 0.000000 -0.379233 0.952195 0.952195 0.952195
787.007568 0.000000 865.343994 0.000000 0.949544 0.000000 0.313634 0.962965 0.962965 0.962965
806.535767 0.000000 876.773743 0.000000 0.994111 0.000000 -0.108363 0.518744 0.518744 0.518744
768.163147 0.000000 882.012146 0.000000 0.871974 0.000000 0.489553 0.949041 0.949041 0.949041
786.190613 0.000000 856.787781 0.000000 0.932951 0.000000 0.360003 0.432010 0.432010 0.432010
812.194824 0.000000 859.343018 0.000000 0.906694 0.000000 -0.421789 1.027719 1.027719 1.027719
795.635559 0.000000 870.315979 0.000000 0.867758 0.000000 -0.496986 0.581413 0.581413 0.581413
784.186279 0.000000 866.416870 0.000000 0.998963 0.000000 0.045523 0.493196 0.493196 0.493196
784.716858 0.000000 879.363464 0.000000 0.894020 0.000000 -0.448026 1.029575 1.029575 1.029575
801.641785 0.000000 865.344238 0.000000 0.987671 0.000000 0.156543 0.719572 0.719572 0.719572
827.739197 0.000000 851.772278 0.000000 0.999764 0.000000 -0.021706 0.591630 0.591630 0.591630
822.255737 0.000000 856.025696 0.000000 0.933579 0.000000 0.358372 0.976666 0.976666 0.976666
769.042969 0.000000 879.766724 0.000000 0.977452 0.000000 -0.211158 0.982349 0.982349 0.982349
813.585205 0.000000 857.698730 0.000000 0.976279 0.000000 -0.216515 1.029259 1.029259 1.029259
784.278564 0.000000 860.821411 0.000000 0.929532 0.000000 0.368741 0.960118 0.960118 0.960118
791.366150 0.000000 849.918335 0.000000 0.921252 0.000000 -0.388967 0.892137 0.892137 0.892137
786.462097 0.000000 863.846313 0.000000 0.986318 0.000000 0.164853 0.989457 0.989457 0.989457
841.400879 0.000000 863.384766 0.000000 0.937231 0.000000 0.348710 0.821973 0.821973 0.821973
893.212830 0.000000 872.657410 0.000000 0.938860 0.000000 0.344299 0.504833 0.504833 0.504833
843.929565 0.000000 859.271484 0.000000 0.986160 0.000000 0.165799 0.989396 0.989396 0.989396
837.119202 0.000000 863.699829 0.000000 0.880713 0.000000 0.473651 0.841799 0.841799 0.841799
856.535706 0.000000 863.620667 0.000000 0.999900 0.000000 -0.014124 1.000899 1.000899 1.000899
866.937195 0.000000 849.050354 0.000000 0.994927 0.000000 0.100599 0.993585 0.993585 0.993585
839.434631 0.000000 858.009216 0.000000 0.952880 0.000000 0.303348 0.973916 0.973916 0.973916
842.378235 0.000000 859.127014 0.000000 0.987951 0.000000 -0.154768 1.009893 1.009893 1.009893
899.820862 0.000000 804.586609 0.000000 0.928858 0.000000 0.370437 0.610299 0.610299 0.610299
899.095581 0.000000 806.231384 0.000000 0.982793 0.000000 0.184710 0.988173 0.988173 0.988173
896.525940 0.000000 828.084351 0.000000 0.927857 0.000000 0.372936 0.975670 0.975670 0.975670
991.453491 0.000000 807.511353 0.000000 0.990871 0.000000 -0.134812 0.527699 0.527699 0.527699
906.351440 0.000000 868.144592 0.000000 0.966336 0.000000 -0.257281 0.544921 0.544921 0.544921
1026.500488 0.000000 697.556580 0.000000 0.976382 0.000000 -0.216050 1.028216 1.028216 1.028216
11.406173 0.000000 1049.789551 0.000000 0.998737 0.000000 -0.050252 0.909670 0.909670 0.909670
116.463928 0.000000 1031.800537 0.000000 0.988741 0.000000 0.149635 0.928836 0.928836 0.928836
120.471802 0.000000 1057.174805 0.000000 0.992315 0.000000 -0.123737 1.007898 1.007898 1.007898
115.290939 0.000000 1027.142822 0.000000 0.918187 0.000000 0.396147 0.974069 0.974069 0.974069
123.502258 0.000000 1085.200439 0.000000 0.887426 0.000000 -0.460950 1.030498 1.030498 1.030498
130.396606 0.000000 1018.580872 0.000000 0.984637 0.000000 -0.174612 0.533323 0.533323 0.533323
131.510956 0.000000 1063.646729 0.000000 0.921203 0.000000 0.389082 0.460042 0.460042 0.460042
130.026642 0.000000 1065.344971 0.000000 0.987380 0.000000 0.158372 0.989875 0.989875 0.989875
139.442871 0.000000 1091.011719 0.000000 0.996337 0.000000 -0.085511 0.685392 0.685392 0.685392
134.474854 0.000000 1087.793823 0.000000 0.910895 0.000000 -0.412639 0.896257 0.896257 0.896257
132.484009 0.000000 1102.951782 0.000000 0.887796 0.000000 -0.460237 1.030447 1.030447 1.030447
135.699585 0.000000 1089.057983 0.000000 0.999418 0.000000 0.034112 0.997777 0.997777 0.997777
335.197052 0.000000 971.867126 0.000000 0.962532 0.000000 0.271170 0.454444 0.454444 0.454444
325.141632 0.000000 985.740601 0.000000 0.986510 0.000000 0.163701 0.596403 0.596403 0.596403
322.070068 0.000000 985.056030 0.000000 0.925634 0.000000 0.378420 0.975294 0.975294 0.975294
323.597260 0.000000 985.340942 0.000000 0.987381 0.000000 -0.158361 1.010124 1.010124 1.010124
387.099243 0.000000 930.451660 0.000000 0.997734 0.000000 0.067284 0.995713 0.995713 0.995713
506.028473 0.000000 1029.817383 0.000000 0.973340 0.000000 -0.229367 1.014733 1.014733 1.014733
500.463928 0.000000 1031.800537 0.000000 0.984466 0.000000 0.175575 0.988764 0.988764 0.988764
507.502258 0.000000 1028.716064 0.000000 0.873400 0.000000 0.487003 0.967618 0.967618 0.967618
88.422157 0.000000 1215.872070 0.000000 0.889745 0.000000 0.456457 0.969824 0.969824 0.969824
176.542023 0.000000 1208.757080 0.000000 0.970940 0.000000 -0.239325 0.547332 0.547332 0.547332
143.273132 0.000000 1208.090454 0.000000 0.898515 0.000000 -0.438942 0.578790 0.578790 0.578790
183.531326 0.000000 1196.775513 0.000000 0.910773 0.000000 0.412907 0.413129 0.413129 0.413129
137.063751 0.000000 1216.633911 0.000000 0.989435 0.000000 -0.144980 0.526643 0.526643 0.526643
172.083344 0.000000 1206.232910 0.000000 0.944454 0.000000 0.328645 0.445199 0.445199 0.445199
139.616364 0.000000 1215.513062 0.000000 0.935662 0.000000 0.352898 0.446110 0.446110 0.446110
236.194824 0.000000 1198.249268 0.000000 0.951430 0.000000 -0.307865 0.547932 0.547932 0.547932
170.288345 0.000000 1322.288452 0.000000 0.932424 0.000000 0.361365 0.976462 0.976462 0.976462
186.028488 0.000000 1312.239258 0.000000 0.973863 0.000000 0.227134 0.977175 0.977175 0.977175
188.013062 0.000000 1314.005371 0.000000 0.920907 0.000000 -0.389783 0.868291 0.868291 0.868291
183.794861 0.000000 1312.146851 0.000000 0.999709 0.000000 0.024117 0.883520 0.883520 0.883520
200.407578 0.000000 1306.953003 0.000000 0.915757 0.000000 0.401732 0.413769 0.413769 0.413769
202.166641 0.000000 1305.654297 0.000000 0.944516 0.000000 -0.328464 1.021306 1.021306 1.021306
446.419189 0.000000 1341.287964 0.000000 0.984465 0.000000 -0.175580 0.530205 0.530205 0.530205
471.885284 0.000000 1324.920776 0.000000 0.936819 0.000000 0.349815 0.972431 0.972431 0.972431
765.512268 0.000000 903.776184 0.000000 0.989482 0.000000 0.144659 0.614044 0.614044 0.614044
681.322754 0.000000 1008.510010 0.000000 0.994812 0.000000 -0.101735 0.766544 0.766544 0.766544
780.978455 0.000000 904.485962 0.000000 0.982175 0.000000 0.187970 0.470754 0.470754 0.470754
779.316467 0.000000 904.667053 0.000000 0.872837 0.000000 -0.488012 1.032456 1.032456 1.032456
462.875732 0.000000 2021.715210 0.000000 0.932525 0.000000 -0.361106 1.023520 1.023520 1.023520
494.693970 0.000000 2009.011719 0.000000 0.968362 0.000000 0.249551 0.979788 0.979788 0.979788
461.139587 0.000000 2020.497803 0.000000 0.975899 0.000000 0.218221 0.724125 0.724125 0.724125
546.932556 0.000000 1974.545654 0.000000 0.994757 0.000000 0.102267 0.911045 0.911045 0.911045
553.065125 0.000000 1972.174316 0.000000 0.917534 0.000000 -0.397657 0.955281 0.955281 0.955281
558.782471 0.000000 1962.532837 0.000000 0.960156 0.000000 -0.279464 1.018031 1.018031 1.018031
561.315125 0.000000 1963.166992 0.000000 0.952043 0.000000 0.305966 0.975080 0.975080 0.975080
561.424500 0.000000 1958.885254 0.000000 0.879562 0.000000 -0.475784 1.053107 1.053107 1.053107
552.567444 0.000000 1955.152100 0.000000 0.999845 0.000000 0.017593 0.998880 0.998880 0.998880
548.742126 0.000000 1973.673950 0.000000 0.904063 0.000000 -0.427400 0.936809 0.936809 0.936809
535.408081 0.000000 1988.791260 0.000000 0.999520 0.000000 -0.030988 0.769729 0.769729 0.769729
"}
object={
	name="palm_dense_generator_1_2"
	clamp_to_water_level=no
	render_under_water=no
	generated_content=yes
	layer="semidynamic"
	pdxmesh="tree_palm_03_mesh"
	count=161
	transform="505.072571 0.000000 727.929565 0.000000 0.050285 0.000000 -0.998735 1.118485 1.118485 1.118485
503.431946 0.000000 726.896179 0.000000 0.234979 0.000000 -0.972000 1.179100 1.179100 1.179100
462.873108 0.000000 742.343933 0.000000 0.378980 0.000000 -0.925405 0.773118 0.773118 0.773118
463.197052 0.000000 745.929626 0.000000 0.511719 0.000000 -0.859153 1.060462 1.060462 1.060462
498.798096 0.000000 770.978027 0.000000 0.784444 0.000000 -0.620200 0.906715 0.906715 0.906715
478.288147 0.000000 788.759277 0.000000 0.593923 0.000000 -0.804522 1.058512 1.058512 1.058512
459.084900 0.000000 744.675537 0.000000 0.247971 0.000000 -0.968767 1.084047 1.084047 1.084047
378.631775 0.000000 825.917664 0.000000 0.355145 0.000000 -0.934811 1.076886 1.076886 1.076886
378.249939 0.000000 824.273193 0.000000 0.775377 0.000000 -0.631498 1.043512 1.043512 1.043512
737.679993 0.000000 677.155884 0.000000 0.528491 0.000000 -0.848939 1.064552 1.064552 1.064552
620.051758 0.000000 709.906799 0.000000 0.841654 0.000000 -0.540017 1.036317 1.036317 1.036317
734.961914 0.000000 678.773804 0.000000 0.521777 0.000000 -0.853082 1.098729 1.098729 1.098729
737.049316 0.000000 679.062805 0.000000 0.081728 0.000000 -0.996655 1.094791 1.094791 1.094791
692.365417 0.000000 830.047485 0.000000 0.740812 0.000000 -0.671713 0.612256 0.612256 0.612256
688.648071 0.000000 831.257019 0.000000 0.640497 0.000000 -0.767961 1.055746 1.055746 1.055746
690.750305 0.000000 831.334534 0.000000 0.577642 0.000000 -0.816290 0.976084 0.976084 0.976084
703.210632 0.000000 825.383057 0.000000 0.815065 0.000000 -0.579369 1.039340 1.039340 1.039340
652.978455 0.000000 848.001587 0.000000 0.232903 0.000000 -0.972500 0.714590 0.714590 0.714590
660.994446 0.000000 849.818298 0.000000 0.849427 0.000000 -0.527705 0.581812 0.581812 0.581812
651.316467 0.000000 848.182678 0.000000 0.594481 0.000000 -0.804110 1.059471 1.059471 1.059471
742.231201 0.000000 885.794678 0.000000 0.031984 0.000000 -0.999488 0.990150 0.990150 0.990150
767.487244 0.000000 877.493347 0.000000 0.532638 0.000000 -0.846343 0.711237 0.711237 0.711237
724.089478 0.000000 892.082520 0.000000 0.501306 0.000000 -0.865270 0.730286 0.730286 0.730286
754.585205 0.000000 875.159851 0.000000 0.015764 0.000000 -0.999876 0.811547 0.811547 0.811547
741.098633 0.000000 890.136597 0.000000 0.507437 0.000000 -0.861689 0.672297 0.672297 0.672297
727.371155 0.000000 890.279541 0.000000 0.662698 0.000000 -0.748887 0.954070 0.954070 0.954070
723.640503 0.000000 872.577393 0.000000 0.640608 0.000000 -0.767868 0.730431 0.730431 0.730431
759.405457 0.000000 882.118713 0.000000 0.435473 0.000000 -0.900202 1.081384 1.081384 1.081384
725.422607 0.000000 871.620483 0.000000 0.841540 0.000000 -0.540195 0.905195 0.905195 0.905195
797.423035 0.000000 772.848694 0.000000 0.670752 0.000000 -0.741682 0.989372 0.989372 0.989372
842.351440 0.000000 755.175842 0.000000 0.660259 0.000000 -0.751038 0.667677 0.667677 0.667677
937.322754 0.000000 726.088135 0.000000 0.688155 0.000000 -0.725563 1.008434 1.008434 1.008434
939.596497 0.000000 726.354004 0.000000 0.749684 0.000000 -0.661795 1.075291 1.075291 1.075291
936.388245 0.000000 727.814148 0.000000 0.126098 0.000000 -0.992018 1.106662 1.106662 1.106662
979.007568 0.000000 695.890869 0.000000 0.193627 0.000000 -0.981075 1.182404 1.182404 1.182404
946.842590 0.000000 752.166809 0.000000 0.676204 0.000000 -0.736715 1.052725 1.052725 1.052725
930.932556 0.000000 788.373779 0.000000 0.466886 0.000000 -0.884317 0.698693 0.698693 0.698693
929.062500 0.000000 786.370789 0.000000 0.143895 0.000000 -0.989593 0.710994 0.710994 0.710994
946.132324 0.000000 753.718018 0.000000 0.623305 0.000000 -0.781979 1.057158 1.057158 1.057158
1014.816772 0.000000 735.547668 0.000000 0.823338 0.000000 -0.567552 0.625888 0.625888 0.625888
1010.425415 0.000000 736.451233 0.000000 0.829239 0.000000 -0.558895 1.024855 1.024855 1.024855
806.346802 0.000000 845.038940 0.000000 0.141801 0.000000 -0.989895 1.010402 1.010402 1.010402
807.778381 0.000000 846.616211 0.000000 0.521194 0.000000 -0.853438 1.065097 1.065097 1.065097
804.342041 0.000000 846.449890 0.000000 0.359467 0.000000 -0.933158 1.076592 1.076592 1.076592
888.065735 0.000000 816.143860 0.000000 0.428158 0.000000 -0.903704 1.071833 1.071833 1.071833
879.722534 0.000000 835.100891 0.000000 0.426964 0.000000 -0.904269 1.075301 1.075301 1.075301
882.585205 0.000000 818.675476 0.000000 0.758314 0.000000 -0.651890 1.045205 1.045205 1.045205
893.212830 0.000000 816.173035 0.000000 0.354081 0.000000 -0.935215 0.722292 0.722292 0.722292
853.208252 0.000000 830.660461 0.000000 0.252748 0.000000 -0.967532 0.793946 0.793946 0.793946
872.015625 0.000000 798.409851 0.000000 0.803223 0.000000 -0.595679 1.040623 1.040623 1.040623
886.382080 0.000000 820.108887 0.000000 0.192310 0.000000 -0.981334 0.750147 0.750147 0.750147
876.376709 0.000000 837.048950 0.000000 0.098833 0.000000 -0.995104 1.093698 1.093698 1.093698
841.278137 0.000000 840.864807 0.000000 0.222377 0.000000 -0.974961 1.085724 1.085724 1.085724
893.032837 0.000000 812.969299 0.000000 0.863333 0.000000 -0.504635 1.033675 1.033675 1.033675
856.795349 0.000000 818.693420 0.000000 0.019966 0.000000 -0.999801 1.163960 1.163960 1.163960
895.510010 0.000000 827.999756 0.000000 0.758213 0.000000 -0.652007 1.045215 1.045215 1.045215
872.756287 0.000000 796.247742 0.000000 0.718888 0.000000 -0.695126 0.874772 0.874772 0.874772
882.425415 0.000000 792.935608 0.000000 0.750620 0.000000 -0.660735 1.045951 1.045951 1.045951
882.395020 0.000000 820.797852 0.000000 0.179821 0.000000 -0.983699 1.121803 1.121803 1.121803
836.679749 0.000000 843.396179 0.000000 0.684595 0.000000 -0.728924 1.051996 1.051996 1.051996
885.097351 0.000000 792.566589 0.000000 0.230209 0.000000 -0.973141 1.085212 1.085212 1.085212
873.963501 0.000000 798.310547 0.000000 0.281852 0.000000 -0.959458 1.081810 1.081810 1.081810
891.262024 0.000000 812.917236 0.000000 0.075148 0.000000 -0.997172 1.095211 1.095211 1.095211
838.073303 0.000000 844.568726 0.000000 0.438489 0.000000 -0.898737 1.071103 1.071103 1.071103
888.710815 0.000000 814.612793 0.000000 0.602592 0.000000 -0.798049 1.058827 1.058827 1.058827
892.201172 0.000000 811.371765 0.000000 0.444326 0.000000 -0.895865 1.070689 1.070689 1.070689
889.728394 0.000000 816.175964 0.000000 0.606569 0.000000 -0.795031 1.058509 1.058509 1.058509
861.380981 0.000000 810.178894 0.000000 0.553358 0.000000 -0.832944 1.062669 1.062669 1.062669
842.331238 0.000000 836.117554 0.000000 0.729837 0.000000 -0.683621 1.047919 1.047919 1.047919
894.321777 0.000000 809.113464 0.000000 0.456574 0.000000 -0.889686 1.069815 1.069815 1.069815
802.900940 0.000000 847.330322 0.000000 0.157019 0.000000 -0.987596 1.092079 1.092079 1.092079
823.531311 0.000000 857.869324 0.000000 0.387734 0.000000 -0.921771 1.074652 1.074652 1.074652
806.889160 0.000000 870.705261 0.000000 0.841209 0.000000 -0.540710 0.703195 0.703195 0.703195
806.686340 0.000000 847.571411 0.000000 0.321302 0.000000 -0.946977 1.079176 1.079176 1.079176
784.939697 0.000000 863.194275 0.000000 0.379674 0.000000 -0.925120 0.745780 0.745780 0.745780
806.469543 0.000000 873.859680 0.000000 0.425755 0.000000 -0.904838 1.072002 1.072002 1.072002
821.566833 0.000000 859.727844 0.000000 0.719574 0.000000 -0.694416 1.046496 1.046496 1.046496
824.473511 0.000000 855.396362 0.000000 0.857167 0.000000 -0.515039 1.034445 1.034445 1.034445
811.095459 0.000000 861.584290 0.000000 0.056944 0.000000 -0.998377 1.096373 1.096373 1.096373
774.028809 0.000000 870.195251 0.000000 0.392632 0.000000 -0.919696 0.915138 0.915138 0.915138
785.219849 0.000000 858.724365 0.000000 0.816479 0.000000 -0.577375 1.070532 1.070532 1.070532
804.990540 0.000000 847.951233 0.000000 0.116205 0.000000 -0.993225 1.092585 1.092585 1.092585
786.442383 0.000000 862.282288 0.000000 0.426423 0.000000 -0.904524 1.071955 1.071955 1.071955
807.989624 0.000000 873.169495 0.000000 0.841411 0.000000 -0.540396 1.036345 1.036345 1.036345
866.900940 0.000000 847.330322 0.000000 0.829463 0.000000 -0.558561 1.037729 1.037729 1.037729
838.330505 0.000000 859.362427 0.000000 0.403842 0.000000 -0.914829 1.097758 1.097758 1.097758
847.831299 0.000000 851.437500 0.000000 0.442056 0.000000 -0.896988 1.070850 1.070850 1.070850
837.464844 0.000000 852.047546 0.000000 0.712303 0.000000 -0.701872 1.049530 1.049530 1.049530
834.356873 0.000000 852.163818 0.000000 0.858307 0.000000 -0.513136 0.866541 0.866541 0.866541
841.084778 0.000000 858.083496 0.000000 0.160851 0.000000 -0.986979 1.089715 1.089715 1.089715
832.090149 0.000000 850.561218 0.000000 0.413702 0.000000 -0.910413 1.072847 1.072847 1.072847
847.671448 0.000000 848.794739 0.000000 0.831318 0.000000 -0.555797 0.874705 0.874705 0.874705
854.077637 0.000000 864.440308 0.000000 0.699047 0.000000 -0.715075 1.050722 1.050722 1.050722
842.618225 0.000000 860.809998 0.000000 0.483752 0.000000 -0.875205 1.067855 1.067855 1.067855
858.869202 0.000000 868.714539 0.000000 0.328949 0.000000 -0.944348 1.108275 1.108275 1.108275
857.632507 0.000000 862.483154 0.000000 0.174659 0.000000 -0.984629 1.088824 1.088824 1.088824
856.030273 0.000000 860.570801 0.000000 0.004064 0.000000 -0.999992 1.099741 1.099741 1.099741
855.560547 0.000000 864.791443 0.000000 0.342158 0.000000 -0.939643 1.077768 1.077768 1.077768
897.319092 0.000000 829.669678 0.000000 0.240006 0.000000 -0.970771 1.084570 1.084570 1.084570
898.396606 0.000000 792.643372 0.000000 0.683358 0.000000 -0.730083 0.633937 0.633937 0.633937
896.513977 0.000000 806.862122 0.000000 0.769395 0.000000 -0.638773 1.044111 1.044111 1.044111
949.789307 0.000000 834.225037 0.000000 0.115540 0.000000 -0.993303 1.134038 1.134038 1.134038
896.712524 0.000000 809.002258 0.000000 0.729677 0.000000 -0.683792 0.905946 0.905946 0.905946
896.523315 0.000000 792.437317 0.000000 0.739782 0.000000 -0.672847 1.074624 1.074624 1.074624
128.156708 0.000000 1015.134583 0.000000 0.571746 0.000000 -0.820431 0.669707 0.669707 0.669707
9.063750 0.000000 1047.180786 0.000000 0.115043 0.000000 -0.993360 0.788028 0.788028 0.788028
109.516556 0.000000 1031.452026 0.000000 0.134117 0.000000 -0.990965 1.168888 1.168888 1.168888
111.868622 0.000000 1065.129761 0.000000 0.418877 0.000000 -0.908043 0.672390 0.672390 0.672390
124.832733 0.000000 1049.040527 0.000000 0.763264 0.000000 -0.646086 0.829774 0.829774 0.829774
111.447952 0.000000 1029.404419 0.000000 0.303109 0.000000 -0.952956 1.176869 1.176869 1.176869
20.569408 0.000000 1078.589600 0.000000 0.697445 0.000000 -0.716638 0.619979 0.619979 0.619979
18.498642 0.000000 1077.021118 0.000000 0.587782 0.000000 -0.809019 0.848889 0.848889 0.848889
128.042358 0.000000 1016.726074 0.000000 0.406508 0.000000 -0.913647 0.816246 0.816246 0.816246
137.400864 0.000000 1089.322266 0.000000 0.664965 0.000000 -0.746875 1.053689 1.053689 1.053689
132.032562 0.000000 1104.814697 0.000000 0.031600 0.000000 -0.999501 0.771484 0.771484 0.771484
139.039215 0.000000 1089.459473 0.000000 0.449983 0.000000 -0.893037 1.070286 1.070286 1.070286
232.015656 0.000000 1080.831665 0.000000 0.783919 0.000000 -0.620864 0.656465 0.656465 0.656465
230.824463 0.000000 1078.441040 0.000000 0.375013 0.000000 -0.927020 0.842553 0.842553 0.842553
323.837219 0.000000 983.796448 0.000000 0.546191 0.000000 -0.837661 0.648370 0.648370 0.648370
388.755341 0.000000 931.622681 0.000000 0.859538 0.000000 -0.511072 1.034150 1.034150 1.034150
386.070068 0.000000 928.571655 0.000000 0.313034 0.000000 -0.949742 1.079731 1.079731 1.079731
436.365417 0.000000 999.500610 0.000000 0.554006 0.000000 -0.832513 0.669073 0.669073 0.669073
429.836609 0.000000 1012.867126 0.000000 0.122784 0.000000 -0.992433 1.123961 1.123961 1.123961
503.794861 0.000000 1029.724976 0.000000 0.599576 0.000000 -0.800318 0.967103 0.967103 0.967103
505.677979 0.000000 1031.840332 0.000000 0.328178 0.000000 -0.944616 1.099086 1.099086 1.099086
502.302399 0.000000 1031.006226 0.000000 0.026231 0.000000 -0.999656 1.098330 1.098330 1.098330
100.276176 0.000000 1162.934204 0.000000 0.401259 0.000000 -0.915965 0.727648 0.727648 0.727648
102.646332 0.000000 1161.844727 0.000000 0.821938 0.000000 -0.569576 0.615209 0.615209 0.615209
173.516556 0.000000 1200.905151 0.000000 0.842095 0.000000 -0.539329 0.626072 0.626072 0.626072
183.637939 0.000000 1201.915283 0.000000 0.143030 0.000000 -0.989718 0.796641 0.796641 0.796641
147.771835 0.000000 1208.797363 0.000000 0.310719 0.000000 -0.950502 0.739188 0.739188 0.739188
142.979874 0.000000 1211.012085 0.000000 0.701241 0.000000 -0.712925 0.630476 0.630476 0.630476
209.664764 0.000000 1192.827881 0.000000 0.847567 0.000000 -0.530688 0.865046 0.865046 0.865046
215.068283 0.000000 1190.682983 0.000000 0.343996 0.000000 -0.938971 1.130797 1.130797 1.130797
189.292694 0.000000 1311.699585 0.000000 0.743736 0.000000 -0.668473 0.624203 0.624203 0.624203
183.531326 0.000000 1309.744263 0.000000 0.854397 0.000000 -0.519620 0.598422 0.598422 0.598422
187.100800 0.000000 1309.233398 0.000000 0.734240 0.000000 -0.678890 0.619328 0.619328 0.619328
189.252289 0.000000 1309.567017 0.000000 0.175823 0.000000 -0.984422 1.144495 1.144495 1.144495
171.311447 0.000000 1324.288452 0.000000 0.213587 0.000000 -0.976924 1.086297 1.086297 1.086297
185.360489 0.000000 1310.397339 0.000000 0.806311 0.000000 -0.591491 1.062145 1.062145 1.062145
182.302399 0.000000 1313.428101 0.000000 0.290146 0.000000 -0.956982 1.084887 1.084887 1.084887
187.502258 0.000000 1311.137939 0.000000 0.233108 0.000000 -0.972451 1.085022 1.085022 1.085022
171.954361 0.000000 1322.846680 0.000000 0.514136 0.000000 -0.857709 1.065623 1.065623 1.065623
202.256516 0.000000 1303.371338 0.000000 0.517041 0.000000 -0.855961 1.065407 1.065407 1.065407
448.009796 0.000000 1341.333130 0.000000 0.107090 0.000000 -0.994249 1.093169 1.093169 1.093169
473.283905 0.000000 1320.758423 0.000000 0.525354 0.000000 -0.850884 1.138447 1.138447 1.138447
450.575775 0.000000 1340.267700 0.000000 0.445452 0.000000 -0.895306 0.850643 0.850643 0.850643
473.598145 0.000000 1322.772217 0.000000 0.299032 0.000000 -0.954243 1.080667 1.080667 1.080667
679.299927 0.000000 1006.613831 0.000000 0.126932 0.000000 -0.991911 0.716770 0.716770 0.716770
883.914246 0.000000 909.538391 0.000000 0.428569 0.000000 -0.903509 0.873928 0.873928 0.873928
133.119217 0.000000 1372.059204 0.000000 0.507066 0.000000 -0.861907 0.679372 0.679372 0.679372
413.020508 0.000000 1368.455322 0.000000 0.840326 0.000000 -0.542081 0.774054 0.774054 0.774054
499.759064 0.000000 2008.317993 0.000000 0.348777 0.000000 -0.937206 0.717859 0.717859 0.717859
458.235718 0.000000 2020.637329 0.000000 0.168299 0.000000 -0.985736 1.095767 1.095767 1.095767
497.909119 0.000000 2008.794434 0.000000 0.790871 0.000000 -0.611983 1.041926 1.041926 1.041926
559.722534 0.000000 1964.788452 0.000000 0.851254 0.000000 -0.524753 1.035169 1.035169 1.035169
556.412659 0.000000 1962.742432 0.000000 0.796631 0.000000 -0.604466 1.056880 1.056880 1.056880
553.204712 0.000000 1957.030151 0.000000 0.171050 0.000000 -0.985262 1.103852 1.103852 1.103852
555.659790 0.000000 1956.648438 0.000000 0.769881 0.000000 -0.638188 0.617431 0.617431 0.617431
562.750305 0.000000 1961.021973 0.000000 0.553756 0.000000 -0.832679 1.096537 1.096537 1.096537
565.007935 0.000000 1961.619141 0.000000 0.067929 0.000000 -0.997690 1.090069 1.090069 1.090069
"}
