object={
	name="palm_dense_generator_2_0"
	clamp_to_water_level=no
	render_under_water=no
	generated_content=yes
	layer="semidynamic_medium"
	pdxmesh="tree_palm_01_mesh"
	count=283
	transform="503.917053 0.000000 727.979065 0.000000 0.500930 0.000000 0.865488 0.842013 0.842013 0.842013
480.330139 0.000000 788.594299 0.000000 0.500172 0.000000 0.865926 0.301998 0.301998 0.301998
495.221497 0.000000 774.999146 0.000000 0.151518 0.000000 0.988455 0.645465 0.645465 0.645465
460.183014 0.000000 743.952148 0.000000 0.702126 0.000000 0.712053 0.928187 0.928187 0.928187
460.269684 0.000000 742.154480 0.000000 0.551445 0.000000 0.834211 0.910581 0.910581 0.910581
380.832733 0.000000 823.103027 0.000000 0.234892 0.000000 0.972022 0.228803 0.228803 0.228803
381.810364 0.000000 824.434692 0.000000 0.758765 0.000000 0.651365 0.824982 0.824982 0.824982
377.724915 0.000000 823.283875 0.000000 0.798286 0.000000 0.602279 0.829146 0.829146 0.829146
462.755768 0.000000 800.229309 0.000000 0.679847 0.000000 0.733354 0.529155 0.529155 0.529155
460.183014 0.000000 800.436523 0.000000 0.464666 0.000000 0.885486 0.930765 0.930765 0.930765
460.740448 0.000000 803.336182 0.000000 0.534646 0.000000 0.845076 0.935911 0.935911 0.935911
622.693970 0.000000 709.871155 0.000000 0.698297 0.000000 0.715808 0.353311 0.353311 0.353311
621.470276 0.000000 706.039551 0.000000 0.516148 0.000000 0.856499 0.863662 0.863662 0.863662
655.974609 0.000000 711.372375 0.000000 0.646099 0.000000 0.763254 0.403309 0.403309 0.403309
653.021362 0.000000 710.441528 0.000000 0.621121 0.000000 0.783715 0.456446 0.456446 0.456446
696.930603 0.000000 690.212646 0.000000 0.485456 0.000000 0.874261 0.727939 0.727939 0.727939
735.834534 0.000000 679.966003 0.000000 0.091514 0.000000 0.995804 0.857089 0.857089 0.857089
736.052063 0.000000 677.834778 0.000000 0.710376 0.000000 0.703822 0.950295 0.950295 0.950295
735.969604 0.000000 678.939453 0.000000 0.807609 0.000000 0.589718 0.939063 0.939063 0.939063
582.028809 0.000000 870.195251 0.000000 0.075995 0.000000 0.997108 0.230761 0.230761 0.230761
578.970520 0.000000 856.713257 0.000000 0.461355 0.000000 0.887216 0.784468 0.784468 0.784468
580.993835 0.000000 871.448730 0.000000 0.676954 0.000000 0.736026 0.936189 0.936189 0.936189
632.214111 0.000000 858.792786 0.000000 0.733238 0.000000 0.679972 0.952398 0.952398 0.952398
650.072266 0.000000 846.953247 0.000000 0.843885 0.000000 0.536523 0.400113 0.400113 0.400113
693.789307 0.000000 834.225037 0.000000 0.394273 0.000000 0.918993 0.358473 0.358473 0.358473
697.993408 0.000000 827.377136 0.000000 0.590743 0.000000 0.806860 0.383995 0.383995 0.383995
672.283997 0.000000 832.969971 0.000000 0.032458 0.000000 0.999473 0.520443 0.520443 0.520443
699.962341 0.000000 829.729614 0.000000 0.281802 0.000000 0.959472 0.436335 0.436335 0.436335
694.835144 0.000000 828.455811 0.000000 0.300292 0.000000 0.953847 0.919417 0.919417 0.919417
670.684265 0.000000 833.041809 0.000000 0.663671 0.000000 0.748025 0.946200 0.946200 0.946200
698.406006 0.000000 829.861572 0.000000 0.006770 0.000000 0.999977 0.391667 0.391667 0.391667
695.950867 0.000000 828.965271 0.000000 0.464285 0.000000 0.885686 0.930738 0.930738 0.930738
688.161316 0.000000 830.130310 0.000000 0.670119 0.000000 0.742254 0.946751 0.946751 0.946751
697.571228 0.000000 830.637085 0.000000 0.184642 0.000000 0.982806 0.911822 0.911822 0.911822
696.073242 0.000000 830.219910 0.000000 0.190518 0.000000 0.981684 0.912203 0.912203 0.912203
702.947815 0.000000 824.432983 0.000000 0.717099 0.000000 0.696971 0.950906 0.950906 0.950906
702.219604 0.000000 825.316528 0.000000 0.259742 0.000000 0.965678 0.916727 0.916727 0.916727
727.838684 0.000000 821.804932 0.000000 0.099500 0.000000 0.995038 0.384222 0.384222 0.384222
642.944702 0.000000 864.661560 0.000000 0.803615 0.000000 0.595150 0.391862 0.391862 0.391862
642.199280 0.000000 854.377930 0.000000 0.641119 0.000000 0.767442 0.346350 0.346350 0.346350
650.256531 0.000000 851.496338 0.000000 0.255895 0.000000 0.966705 0.577496 0.577496 0.577496
651.238464 0.000000 853.406738 0.000000 0.304772 0.000000 0.952425 0.919716 0.919716 0.919716
650.381287 0.000000 848.663208 0.000000 0.667805 0.000000 0.744336 0.946553 0.946553 0.946553
650.762939 0.000000 852.355347 0.000000 0.678905 0.000000 0.734226 0.947509 0.947509 0.947509
651.228516 0.000000 849.126526 0.000000 0.555098 0.000000 0.831785 0.937464 0.937464 0.937464
714.234924 0.000000 894.711548 0.000000 0.816794 0.000000 0.576929 0.520071 0.520071 0.520071
725.101562 0.000000 893.716675 0.000000 0.052649 0.000000 0.998613 0.333933 0.333933 0.333933
743.147339 0.000000 884.168884 0.000000 0.033534 0.000000 0.999438 0.490494 0.490494 0.490494
741.379211 0.000000 884.152283 0.000000 0.565701 0.000000 0.824611 0.529302 0.529302 0.529302
734.924683 0.000000 886.570435 0.000000 0.864982 0.000000 0.501804 0.487360 0.487360 0.487360
767.210632 0.000000 881.867432 0.000000 0.660845 0.000000 0.750522 0.647189 0.647189 0.647189
758.485352 0.000000 872.679871 0.000000 0.357482 0.000000 0.933920 0.834811 0.834811 0.834811
758.904358 0.000000 883.573914 0.000000 0.004163 0.000000 0.999991 0.886185 0.886185 0.886185
758.609131 0.000000 875.114197 0.000000 0.071574 0.000000 0.997435 0.536999 0.536999 0.536999
766.095947 0.000000 878.811707 0.000000 0.360934 0.000000 0.932592 0.878513 0.878513 0.878513
766.208984 0.000000 883.926331 0.000000 0.829442 0.000000 0.558594 0.678588 0.678588 0.678588
739.804199 0.000000 890.567017 0.000000 0.334134 0.000000 0.942525 0.664210 0.664210 0.664210
715.583191 0.000000 894.210449 0.000000 0.532129 0.000000 0.846663 0.457440 0.457440 0.457440
724.708740 0.000000 890.831055 0.000000 0.334962 0.000000 0.942231 0.864664 0.864664 0.864664
741.122864 0.000000 886.427612 0.000000 0.734966 0.000000 0.678105 0.604423 0.604423 0.604423
744.188599 0.000000 884.608704 0.000000 0.070762 0.000000 0.997493 0.830362 0.830362 0.830362
732.235962 0.000000 889.942688 0.000000 0.781956 0.000000 0.623334 0.929937 0.929937 0.929937
738.886780 0.000000 889.938660 0.000000 0.320761 0.000000 0.947160 0.920788 0.920788 0.920788
796.429016 0.000000 773.640320 0.000000 0.204830 0.000000 0.978798 0.643055 0.643055 0.643055
939.584473 0.000000 716.887451 0.000000 0.533386 0.000000 0.845872 0.657291 0.657291 0.657291
940.563904 0.000000 717.532349 0.000000 0.631284 0.000000 0.775551 0.943494 0.943494 0.943494
978.462097 0.000000 694.393188 0.000000 0.687027 0.000000 0.726632 0.892169 0.892169 0.892169
998.706543 0.000000 723.148743 0.000000 0.743154 0.000000 0.669120 0.921492 0.921492 0.921492
902.282043 0.000000 780.351318 0.000000 0.565516 0.000000 0.824737 0.938265 0.938265 0.938265
903.104431 0.000000 778.593811 0.000000 0.318831 0.000000 0.947812 0.920658 0.920658 0.920658
946.836792 0.000000 753.114746 0.000000 0.586271 0.000000 0.810115 0.939881 0.939881 0.939881
1013.270874 0.000000 737.596985 0.000000 0.066724 0.000000 0.997772 0.904251 0.904251 0.904251
1011.716553 0.000000 736.549011 0.000000 0.330520 0.000000 0.943799 0.751969 0.751969 0.751969
1013.817688 0.000000 735.347290 0.000000 0.230899 0.000000 0.972978 0.914833 0.914833 0.914833
813.470398 0.000000 838.065552 0.000000 0.084854 0.000000 0.996393 0.674112 0.674112 0.674112
804.170715 0.000000 845.177856 0.000000 0.384245 0.000000 0.923231 0.564008 0.564008 0.564008
803.060913 0.000000 846.098145 0.000000 0.687672 0.000000 0.726021 0.947056 0.947056 0.947056
812.898254 0.000000 846.642090 0.000000 0.086734 0.000000 0.996231 0.744012 0.744012 0.744012
800.520752 0.000000 846.234070 0.000000 0.581349 0.000000 0.813654 0.767034 0.767034 0.767034
812.346375 0.000000 838.421143 0.000000 0.373710 0.000000 0.927545 0.719817 0.719817 0.719817
869.463806 0.000000 798.386597 0.000000 0.840095 0.000000 0.542439 0.390715 0.390715 0.390715
895.510620 0.000000 815.517944 0.000000 0.176446 0.000000 0.984310 0.249009 0.249009 0.249009
840.237366 0.000000 838.807800 0.000000 0.799725 0.000000 0.600366 0.496798 0.496798 0.496798
874.281250 0.000000 832.992981 0.000000 0.726227 0.000000 0.687455 0.386176 0.386176 0.386176
882.317932 0.000000 795.234375 0.000000 0.079428 0.000000 0.996841 0.232498 0.232498 0.232498
892.180481 0.000000 824.883789 0.000000 0.614043 0.000000 0.789272 0.353866 0.353866 0.353866
889.864929 0.000000 819.372437 0.000000 0.318915 0.000000 0.947783 0.672477 0.672477 0.672477
841.880371 0.000000 824.299805 0.000000 0.336928 0.000000 0.941530 0.855703 0.855703 0.855703
883.663757 0.000000 791.949646 0.000000 0.653054 0.000000 0.757312 0.472115 0.472115 0.472115
884.319336 0.000000 818.407043 0.000000 0.814548 0.000000 0.580097 0.960603 0.960603 0.960603
889.774048 0.000000 812.570068 0.000000 0.633486 0.000000 0.773754 0.943675 0.943675 0.943675
895.883789 0.000000 829.520813 0.000000 0.684836 0.000000 0.728697 0.890547 0.890547 0.890547
855.838684 0.000000 821.804932 0.000000 0.558854 0.000000 0.829266 0.937752 0.937752 0.937752
889.198608 0.000000 817.516724 0.000000 0.738992 0.000000 0.673714 0.952940 0.952940 0.952940
894.208984 0.000000 827.441956 0.000000 0.736087 0.000000 0.676887 0.952666 0.952666 0.952666
895.423401 0.000000 794.256531 0.000000 0.792542 0.000000 0.609818 0.928777 0.928777 0.928777
894.025452 0.000000 793.909363 0.000000 0.774592 0.000000 0.632462 0.541960 0.541960 0.541960
878.644775 0.000000 835.777466 0.000000 0.612029 0.000000 0.790835 0.939197 0.939197 0.939197
872.398438 0.000000 799.647705 0.000000 0.326688 0.000000 0.945132 0.921187 0.921187 0.921187
833.354248 0.000000 832.497253 0.000000 0.036880 0.000000 0.999320 0.531380 0.531380 0.531380
876.451660 0.000000 834.393738 0.000000 0.141471 0.000000 0.989942 0.909037 0.909037 0.909037
873.849365 0.000000 801.453430 0.000000 0.752275 0.000000 0.658850 0.910034 0.910034 0.910034
883.609192 0.000000 820.947510 0.000000 0.048967 0.000000 0.998800 0.866646 0.866646 0.866646
837.351746 0.000000 842.414307 0.000000 0.657138 0.000000 0.753771 0.945647 0.945647 0.945647
843.890076 0.000000 841.514282 0.000000 0.667115 0.000000 0.744955 0.946494 0.946494 0.946494
892.561096 0.000000 810.285156 0.000000 0.655593 0.000000 0.755114 0.945516 0.945516 0.945516
841.561035 0.000000 841.926819 0.000000 0.506699 0.000000 0.862123 0.933827 0.933827 0.933827
858.684937 0.000000 820.378906 0.000000 0.763973 0.000000 0.645248 0.955351 0.955351 0.955351
881.606750 0.000000 821.588562 0.000000 0.466817 0.000000 0.884354 0.877281 0.877281 0.877281
893.902466 0.000000 813.631592 0.000000 0.154792 0.000000 0.987947 0.909894 0.909894 0.909894
880.273987 0.000000 820.056824 0.000000 0.672977 0.000000 0.739663 0.905842 0.905842 0.905842
891.427307 0.000000 813.966187 0.000000 0.005208 0.000000 0.999986 0.900332 0.900332 0.900332
842.944702 0.000000 839.055908 0.000000 0.070285 0.000000 0.997527 0.904478 0.904478 0.904478
841.744141 0.000000 842.932068 0.000000 0.663959 0.000000 0.747769 0.946225 0.946225 0.946225
882.077271 0.000000 819.556946 0.000000 0.518467 0.000000 0.855097 0.934699 0.934699 0.934699
888.119751 0.000000 817.178894 0.000000 0.788349 0.000000 0.615229 0.957813 0.957813 0.957813
858.199646 0.000000 818.928772 0.000000 0.663303 0.000000 0.748351 0.946169 0.946169 0.946169
890.567749 0.000000 815.591553 0.000000 0.019969 0.000000 0.999801 0.901271 0.901271 0.901271
852.845642 0.000000 836.258789 0.000000 0.822028 0.000000 0.569446 0.955079 0.955079 0.955079
840.644287 0.000000 843.522461 0.000000 0.700865 0.000000 0.713294 0.949440 0.949440 0.949440
843.985474 0.000000 840.281494 0.000000 0.236808 0.000000 0.971556 0.915220 0.915220 0.915220
894.219604 0.000000 825.316528 0.000000 0.698821 0.000000 0.715297 0.949258 0.949258 0.949258
892.217224 0.000000 812.370422 0.000000 0.572828 0.000000 0.819675 0.938831 0.938831 0.938831
878.219666 0.000000 821.972900 0.000000 0.683515 0.000000 0.729937 0.947910 0.947910 0.947910
855.371521 0.000000 820.192505 0.000000 0.735245 0.000000 0.677801 0.952587 0.952587 0.952587
837.456116 0.000000 845.337158 0.000000 0.526827 0.000000 0.849973 0.935324 0.935324 0.935324
793.661133 0.000000 850.331848 0.000000 0.278870 0.000000 0.960329 0.244810 0.244810 0.244810
793.283936 0.000000 868.883362 0.000000 0.371237 0.000000 0.928538 0.263278 0.263278 0.263278
820.657654 0.000000 847.301697 0.000000 0.589968 0.000000 0.807427 0.332833 0.332833 0.332833
793.598145 0.000000 870.897217 0.000000 0.347024 0.000000 0.937856 0.380578 0.380578 0.380578
809.262451 0.000000 860.603271 0.000000 0.724889 0.000000 0.688865 0.401921 0.401921 0.401921
784.004883 0.000000 864.733459 0.000000 0.500033 0.000000 0.866006 0.599999 0.599999 0.599999
825.205994 0.000000 856.892151 0.000000 0.541103 0.000000 0.840957 0.396611 0.396611 0.396611
784.278503 0.000000 867.984924 0.000000 0.724275 0.000000 0.689512 0.386320 0.386320 0.386320
785.266968 0.000000 877.899414 0.000000 0.285901 0.000000 0.958259 0.469457 0.469457 0.469457
830.906006 0.000000 853.075989 0.000000 0.265471 0.000000 0.964119 0.380242 0.380242 0.380242
775.363342 0.000000 870.716003 0.000000 0.398618 0.000000 0.917117 0.536901 0.536901 0.536901
804.309021 0.000000 876.651672 0.000000 0.565463 0.000000 0.824773 0.938261 0.938261 0.938261
792.470520 0.000000 870.013611 0.000000 0.693610 0.000000 0.720351 0.444285 0.444285 0.444285
800.052063 0.000000 847.287903 0.000000 0.014711 0.000000 0.999892 0.674801 0.674801 0.674801
829.256958 0.000000 852.630371 0.000000 0.798281 0.000000 0.602286 0.958851 0.958851 0.958851
807.319580 0.000000 871.978333 0.000000 0.057601 0.000000 0.998340 0.373168 0.373168 0.373168
768.098572 0.000000 883.328186 0.000000 0.667782 0.000000 0.744357 0.916368 0.916368 0.916368
785.185242 0.000000 861.771667 0.000000 0.751316 0.000000 0.659943 0.923887 0.923887 0.923887
772.993835 0.000000 871.448730 0.000000 0.221808 0.000000 0.975090 0.910203 0.910203 0.910203
792.231384 0.000000 848.943970 0.000000 0.689163 0.000000 0.724607 0.948404 0.948404 0.948404
785.977295 0.000000 876.734863 0.000000 0.193237 0.000000 0.981152 0.454024 0.454024 0.454024
813.442444 0.000000 859.028503 0.000000 0.729491 0.000000 0.683990 0.952049 0.952049 0.952049
807.639099 0.000000 874.338806 0.000000 0.530759 0.000000 0.847523 0.935619 0.935619 0.935619
804.740723 0.000000 872.367737 0.000000 0.491121 0.000000 0.871092 0.875661 0.875661 0.875661
783.853699 0.000000 862.002930 0.000000 0.501821 0.000000 0.864972 0.933467 0.933467 0.933467
822.206482 0.000000 854.681335 0.000000 0.696737 0.000000 0.717327 0.949073 0.949073 0.949073
801.743103 0.000000 847.504028 0.000000 0.633545 0.000000 0.773706 0.777045 0.777045 0.777045
803.792847 0.000000 848.242188 0.000000 0.547128 0.000000 0.837049 0.920513 0.920513 0.920513
786.209656 0.000000 858.169250 0.000000 0.352141 0.000000 0.935947 0.922909 0.922909 0.922909
787.508606 0.000000 863.657593 0.000000 0.239317 0.000000 0.970941 0.915385 0.915385 0.915385
793.314697 0.000000 899.995361 0.000000 0.795276 0.000000 0.606247 0.958535 0.958535 0.958535
805.641785 0.000000 874.548157 0.000000 0.326253 0.000000 0.945283 0.921157 0.921157 0.921157
812.757629 0.000000 857.046387 0.000000 0.842523 0.000000 0.538660 0.923738 0.923738 0.923738
804.130432 0.000000 847.266541 0.000000 0.729826 0.000000 0.683633 0.952080 0.952080 0.952080
799.132568 0.000000 865.873047 0.000000 0.588606 0.000000 0.808420 0.940065 0.940065 0.940065
855.890747 0.000000 866.323303 0.000000 0.497144 0.000000 0.867668 0.271440 0.271440 0.271440
838.912720 0.000000 847.267273 0.000000 0.813887 0.000000 0.581024 0.404112 0.404112 0.404112
849.145813 0.000000 849.819824 0.000000 0.339022 0.000000 0.940778 0.469115 0.469115 0.469115
868.990540 0.000000 847.951233 0.000000 0.023409 0.000000 0.999726 0.372123 0.372123 0.372123
849.288208 0.000000 852.346863 0.000000 0.451290 0.000000 0.892377 0.438174 0.438174 0.438174
857.909180 0.000000 864.351929 0.000000 0.052681 0.000000 0.998611 0.903355 0.903355 0.903355
855.062134 0.000000 863.387329 0.000000 0.763416 0.000000 0.645907 0.955296 0.955296 0.955296
856.231201 0.000000 862.274353 0.000000 0.645233 0.000000 0.763986 0.944648 0.944648 0.944648
856.135986 0.000000 867.679810 0.000000 0.862905 0.000000 0.505366 0.966271 0.966271 0.966271
836.220581 0.000000 864.620300 0.000000 0.464289 0.000000 0.885684 0.906293 0.906293 0.906293
837.292969 0.000000 853.283020 0.000000 0.039864 0.000000 0.999205 0.902538 0.902538 0.902538
841.453735 0.000000 859.935974 0.000000 0.219693 0.000000 0.975569 0.914101 0.914101 0.914101
834.773621 0.000000 853.307068 0.000000 0.633866 0.000000 0.773443 0.636429 0.636429 0.636429
833.302734 0.000000 851.818909 0.000000 0.456191 0.000000 0.889882 0.930157 0.930157 0.930157
899.385071 0.000000 829.215759 0.000000 0.326931 0.000000 0.945048 0.394651 0.394651 0.394651
951.893372 0.000000 834.286011 0.000000 0.752977 0.000000 0.658047 0.579629 0.579629 0.579629
899.050598 0.000000 794.175537 0.000000 0.531732 0.000000 0.846913 0.677787 0.677787 0.677787
899.978577 0.000000 806.999146 0.000000 0.523602 0.000000 0.851963 0.935082 0.935082 0.935082
978.128235 0.000000 811.542847 0.000000 0.442501 0.000000 0.896768 0.314623 0.314623 0.314623
991.967712 0.000000 808.980957 0.000000 0.380680 0.000000 0.924707 0.457732 0.457732 0.457732
978.397888 0.000000 812.916443 0.000000 0.783543 0.000000 0.621338 0.656036 0.656036 0.656036
909.099609 0.000000 867.042236 0.000000 0.544139 0.000000 0.838995 0.319205 0.319205 0.319205
1026.058350 0.000000 696.251892 0.000000 0.475557 0.000000 0.879685 0.860686 0.860686 0.860686
1027.455811 0.000000 696.493591 0.000000 0.738113 0.000000 0.674677 0.904049 0.904049 0.904049
19.576488 0.000000 995.685974 0.000000 0.156598 0.000000 0.987662 0.350099 0.350099 0.350099
18.564396 0.000000 997.326416 0.000000 0.303342 0.000000 0.952882 0.919621 0.919621 0.919621
18.442375 0.000000 1031.735352 0.000000 0.151857 0.000000 0.988402 0.718654 0.718654 0.718654
10.479969 0.000000 1044.868408 0.000000 0.845361 0.000000 0.534195 0.964123 0.964123 0.964123
111.663208 0.000000 1026.730591 0.000000 0.278372 0.000000 0.960473 0.255325 0.255325 0.255325
117.929581 0.000000 1032.789429 0.000000 0.437014 0.000000 0.899454 0.730439 0.730439 0.730439
110.908699 0.000000 1028.028198 0.000000 0.372553 0.000000 0.928011 0.833468 0.833468 0.833468
127.883804 0.000000 1055.458252 0.000000 0.409189 0.000000 0.912450 0.926838 0.926838 0.926838
108.311096 0.000000 1030.307983 0.000000 0.579987 0.000000 0.814626 0.888047 0.888047 0.888047
113.824791 0.000000 1027.204224 0.000000 0.094075 0.000000 0.995565 0.327877 0.327877 0.327877
119.777786 0.000000 1045.653809 0.000000 0.712773 0.000000 0.701395 0.565222 0.565222 0.565222
126.710724 0.000000 1054.945190 0.000000 0.731624 0.000000 0.681708 0.952248 0.952248 0.952248
120.073250 0.000000 1056.157471 0.000000 0.566096 0.000000 0.824339 0.938309 0.938309 0.938309
105.507370 0.000000 1035.838745 0.000000 0.660729 0.000000 0.750625 0.887450 0.887450 0.887450
19.362846 0.000000 1101.190918 0.000000 0.520380 0.000000 0.853935 0.317174 0.317174 0.317174
20.029861 0.000000 1077.129883 0.000000 0.753363 0.000000 0.657605 0.922065 0.922065 0.922065
122.750610 0.000000 1087.690552 0.000000 0.488049 0.000000 0.872816 0.908620 0.908620 0.908620
122.650726 0.000000 1084.381104 0.000000 0.519495 0.000000 0.854473 0.934776 0.934776 0.934776
129.657806 0.000000 1017.222473 0.000000 0.218873 0.000000 0.975753 0.416862 0.416862 0.416862
135.231827 0.000000 1086.442383 0.000000 0.319255 0.000000 0.947669 0.629768 0.629768 0.629768
136.409348 0.000000 1088.022583 0.000000 0.109007 0.000000 0.994041 0.906953 0.906953 0.906953
232.756287 0.000000 1078.669678 0.000000 0.824606 0.000000 0.565708 0.416451 0.416451 0.416451
233.963516 0.000000 1080.732422 0.000000 0.274861 0.000000 0.961484 0.356081 0.356081 0.356081
322.681305 0.000000 982.452942 0.000000 0.443164 0.000000 0.896441 0.333896 0.333896 0.333896
389.597076 0.000000 930.636658 0.000000 0.219637 0.000000 0.975582 0.914097 0.914097 0.914097
388.370422 0.000000 930.339600 0.000000 0.299743 0.000000 0.954020 0.919380 0.919380 0.919380
386.595306 0.000000 931.386292 0.000000 0.803059 0.000000 0.595899 0.959359 0.959359 0.959359
428.655365 0.000000 1012.159790 0.000000 0.734270 0.000000 0.678858 0.787533 0.787533 0.787533
429.231537 0.000000 1013.817261 0.000000 0.810202 0.000000 0.586151 0.805920 0.805920 0.805920
502.908264 0.000000 1028.592773 0.000000 0.175640 0.000000 0.984455 0.595514 0.595514 0.595514
501.096497 0.000000 1030.629150 0.000000 0.635108 0.000000 0.772424 0.943809 0.943809 0.943809
505.036530 0.000000 1030.245239 0.000000 0.402235 0.000000 0.915536 0.907292 0.907292 0.907292
501.577484 0.000000 1031.750854 0.000000 0.772362 0.000000 0.635183 0.956185 0.956185 0.956185
506.104004 0.000000 1028.772949 0.000000 0.808944 0.000000 0.587885 0.959992 0.959992 0.959992
505.875793 0.000000 1030.814209 0.000000 0.406199 0.000000 0.913785 0.907639 0.907639 0.907639
102.962250 0.000000 1173.867432 0.000000 0.180117 0.000000 0.983645 0.284028 0.284028 0.284028
98.559731 0.000000 1162.892944 0.000000 0.363285 0.000000 0.931678 0.332631 0.332631 0.332631
99.506348 0.000000 1161.557617 0.000000 0.521848 0.000000 0.853039 0.934951 0.934951 0.934951
101.210297 0.000000 1161.769043 0.000000 0.669944 0.000000 0.742412 0.654204 0.654204 0.654204
88.864471 0.000000 1212.725830 0.000000 0.810181 0.000000 0.586180 0.960126 0.960126 0.960126
186.028488 0.000000 1199.270508 0.000000 0.320505 0.000000 0.947247 0.264642 0.264642 0.264642
145.436584 0.000000 1210.040894 0.000000 0.817677 0.000000 0.575677 0.380316 0.380316 0.380316
146.128204 0.000000 1206.933472 0.000000 0.460518 0.000000 0.887650 0.300809 0.300809 0.300809
141.872208 0.000000 1214.574341 0.000000 0.318273 0.000000 0.947999 0.285676 0.285676 0.285676
191.814636 0.000000 1204.616577 0.000000 0.863541 0.000000 0.504279 0.399649 0.399649 0.399649
134.952942 0.000000 1221.782104 0.000000 0.561192 0.000000 0.827686 0.340447 0.340447 0.340447
237.674561 0.000000 1199.175293 0.000000 0.535511 0.000000 0.844528 0.345966 0.345966 0.345966
212.029861 0.000000 1190.098633 0.000000 0.513569 0.000000 0.858049 0.557913 0.557913 0.557913
230.214844 0.000000 1198.801636 0.000000 0.731169 0.000000 0.682197 0.919592 0.919592 0.919592
168.688873 0.000000 1323.541138 0.000000 0.777829 0.000000 0.628476 0.385732 0.385732 0.385732
188.271606 0.000000 1307.653931 0.000000 0.526601 0.000000 0.850113 0.326089 0.326089 0.326089
184.214096 0.000000 1310.667847 0.000000 0.154096 0.000000 0.988056 0.765737 0.765737 0.765737
186.915985 0.000000 1311.891724 0.000000 0.190890 0.000000 0.981611 0.912227 0.912227 0.912227
202.359711 0.000000 1306.958130 0.000000 0.764793 0.000000 0.644276 0.935507 0.935507 0.935507
201.798126 0.000000 1304.514160 0.000000 0.501155 0.000000 0.865358 0.933418 0.933418 0.933418
203.305008 0.000000 1306.463623 0.000000 0.223583 0.000000 0.974685 0.876067 0.876067 0.876067
202.762909 0.000000 1304.230347 0.000000 0.840173 0.000000 0.542318 0.963509 0.963509 0.963509
470.404510 0.000000 1324.755981 0.000000 0.822044 0.000000 0.569424 0.953266 0.953266 0.953266
472.470520 0.000000 1321.888550 0.000000 0.129657 0.000000 0.991559 0.792150 0.792150 0.792150
472.429352 0.000000 1323.074097 0.000000 0.653698 0.000000 0.756755 0.945357 0.945357 0.945357
472.183105 0.000000 1320.828125 0.000000 0.165322 0.000000 0.986240 0.797230 0.797230 0.797230
448.016693 0.000000 1340.309082 0.000000 0.092920 0.000000 0.995674 0.905924 0.905924 0.905924
766.948242 0.000000 905.904114 0.000000 0.749471 0.000000 0.662038 0.370757 0.370757 0.370757
680.675232 0.000000 1007.274658 0.000000 0.565653 0.000000 0.824643 0.689459 0.689459 0.689459
768.523315 0.000000 905.406067 0.000000 0.821427 0.000000 0.570314 0.474806 0.474806 0.474806
776.364990 0.000000 904.206787 0.000000 0.783023 0.000000 0.621992 0.957265 0.957265 0.957265
779.228516 0.000000 905.610901 0.000000 0.759787 0.000000 0.650172 0.954939 0.954939 0.954939
882.999268 0.000000 911.092834 0.000000 0.780390 0.000000 0.625293 0.477973 0.477973 0.477973
884.916016 0.000000 911.113037 0.000000 0.335446 0.000000 0.942059 0.309045 0.309045 0.309045
132.846695 0.000000 1370.532349 0.000000 0.145124 0.000000 0.989413 0.909272 0.909272 0.909272
133.924332 0.000000 1371.264404 0.000000 0.520990 0.000000 0.853563 0.934887 0.934887 0.934887
226.757599 0.000000 1361.087036 0.000000 0.859672 0.000000 0.510847 0.965866 0.965866 0.965866
227.494492 0.000000 1358.323486 0.000000 0.449804 0.000000 0.893127 0.929701 0.929701 0.929701
227.282532 0.000000 1360.161255 0.000000 0.541164 0.000000 0.840917 0.936403 0.936403 0.936403
414.069519 0.000000 1368.753174 0.000000 0.852557 0.000000 0.522635 0.964990 0.964990 0.964990
465.360931 0.000000 2023.113525 0.000000 0.557250 0.000000 0.830345 0.322792 0.322792 0.322792
492.051788 0.000000 2009.047485 0.000000 0.810897 0.000000 0.585189 0.384592 0.384592 0.384592
495.436127 0.000000 2011.674438 0.000000 0.703888 0.000000 0.710311 0.355345 0.355345 0.355345
494.867462 0.000000 2007.412720 0.000000 0.648347 0.000000 0.761345 0.381929 0.381929 0.381929
499.609161 0.000000 2007.119385 0.000000 0.833654 0.000000 0.552287 0.962751 0.962751 0.962751
495.705231 0.000000 2008.236938 0.000000 0.615714 0.000000 0.787970 0.927273 0.927273 0.927273
497.606750 0.000000 2007.760498 0.000000 0.418366 0.000000 0.908279 0.927479 0.927479 0.927479
496.989258 0.000000 2008.519409 0.000000 0.063572 0.000000 0.997977 0.904050 0.904050 0.904050
555.596497 0.000000 1969.010254 0.000000 0.120136 0.000000 0.992757 0.225716 0.225716 0.225716
544.608093 0.000000 1959.559448 0.000000 0.259057 0.000000 0.965862 0.289746 0.289746 0.289746
554.638855 0.000000 1970.901367 0.000000 0.002348 0.000000 0.999997 0.432329 0.432329 0.432329
557.684509 0.000000 1963.379517 0.000000 0.010763 0.000000 0.999942 0.863296 0.863296 0.863296
560.177429 0.000000 1958.510742 0.000000 0.100644 0.000000 0.994923 0.842562 0.842562 0.842562
558.644775 0.000000 1965.464966 0.000000 0.062480 0.000000 0.998046 0.903980 0.903980 0.903980
557.494019 0.000000 1962.109131 0.000000 0.170363 0.000000 0.985381 0.877355 0.877355 0.877355
558.588318 0.000000 1964.250000 0.000000 0.772729 0.000000 0.634737 0.956222 0.956222 0.956222
553.785400 0.000000 1954.552002 0.000000 0.541302 0.000000 0.840828 0.936414 0.936414 0.936414
561.638428 0.000000 1961.557373 0.000000 0.800852 0.000000 0.598862 0.959124 0.959124 0.959124
552.188599 0.000000 1957.811768 0.000000 0.714529 0.000000 0.699606 0.767283 0.767283 0.767283
552.466309 0.000000 1954.006226 0.000000 0.122386 0.000000 0.992483 0.907811 0.907811 0.907811
546.110779 0.000000 1975.250977 0.000000 0.099878 0.000000 0.995000 0.705012 0.705012 0.705012
520.614319 0.000000 1990.481934 0.000000 0.833493 0.000000 0.552531 0.391924 0.391924 0.391924
523.732666 0.000000 1999.264648 0.000000 0.201133 0.000000 0.979564 0.737664 0.737664 0.737664
"}
object={
	name="palm_dense_generator_2_1"
	clamp_to_water_level=no
	render_under_water=no
	generated_content=yes
	layer="semidynamic_medium"
	pdxmesh="tree_palm_02_mesh"
	count=296
	transform="503.867737 0.000000 725.044128 0.000000 0.952278 0.000000 0.305233 0.447380 0.447380 0.447380
508.454834 0.000000 774.635986 0.000000 0.981526 0.000000 -0.191330 0.530640 0.530640 0.530640
462.511963 0.000000 744.931274 0.000000 0.964740 0.000000 0.263204 0.861118 0.861118 0.861118
479.370941 0.000000 789.358215 0.000000 0.921538 0.000000 0.388289 0.856162 0.856162 0.856162
479.222809 0.000000 788.131409 0.000000 0.957553 0.000000 -0.288258 0.961033 0.961033 0.961033
461.866547 0.000000 743.267029 0.000000 0.979028 0.000000 -0.203725 1.018593 1.018593 1.018593
459.201508 0.000000 745.629211 0.000000 0.919950 0.000000 0.392036 0.974354 0.974354 0.974354
460.215454 0.000000 801.637573 0.000000 0.955555 0.000000 -0.294814 1.019052 1.019052 1.019052
736.520752 0.000000 676.780945 0.000000 0.904967 0.000000 -0.425481 1.027979 1.027979 1.027979
580.384888 0.000000 728.585144 0.000000 0.960188 0.000000 0.279355 0.446458 0.446458 0.446458
621.249695 0.000000 709.051270 0.000000 0.999621 0.000000 -0.027532 1.001753 1.001753 1.001753
620.578003 0.000000 708.200012 0.000000 0.977702 0.000000 0.209997 0.986531 0.986531 0.986531
652.773804 0.000000 711.996521 0.000000 0.995929 0.000000 0.090140 0.583849 0.583849 0.583849
657.688293 0.000000 706.039307 0.000000 0.931177 0.000000 0.364568 0.492091 0.492091 0.492091
652.164124 0.000000 713.322144 0.000000 0.992596 0.000000 -0.121462 1.007752 1.007752 1.007752
659.693665 0.000000 707.148254 0.000000 0.901911 0.000000 -0.431922 1.028433 1.028433 1.028433
654.057312 0.000000 712.474915 0.000000 0.999777 0.000000 -0.021096 0.665163 0.665163 0.665163
658.806213 0.000000 706.705750 0.000000 0.975046 0.000000 0.222002 0.985748 0.985748 0.985748
738.937195 0.000000 679.597229 0.000000 0.960604 0.000000 -0.277922 0.964140 0.964140 0.964140
737.743103 0.000000 678.050903 0.000000 0.983137 0.000000 0.182870 0.988292 0.988292 0.988292
596.441162 0.000000 846.287903 0.000000 0.991754 0.000000 -0.128158 0.882924 0.882924 0.882924
581.141602 0.000000 872.771851 0.000000 0.999751 0.000000 -0.022314 0.503886 0.503886 0.503886
633.205994 0.000000 856.892151 0.000000 0.870919 0.000000 -0.491426 1.068103 1.068103 1.068103
579.510132 0.000000 854.539673 0.000000 0.984746 0.000000 -0.173997 1.011134 1.011134 1.011134
695.060730 0.000000 832.380981 0.000000 0.994316 0.000000 -0.106473 0.521292 0.521292 0.521292
693.007935 0.000000 831.931641 0.000000 0.996110 0.000000 0.088117 0.486552 0.486552 0.486552
692.122803 0.000000 828.446411 0.000000 0.999690 0.000000 -0.024913 1.003490 1.003490 1.003490
694.904358 0.000000 827.089539 0.000000 0.999700 0.000000 -0.024501 1.002000 1.002000 1.002000
688.317139 0.000000 832.512573 0.000000 0.882942 0.000000 -0.469483 1.037700 1.037700 1.037700
688.177429 0.000000 828.823181 0.000000 0.995297 0.000000 -0.096868 1.006176 1.006176 1.006176
689.638428 0.000000 831.869934 0.000000 0.999582 0.000000 -0.028914 1.001841 1.001841 1.001841
694.226807 0.000000 844.949463 0.000000 0.931381 0.000000 0.364045 0.959535 0.959535 0.959535
724.822021 0.000000 821.892212 0.000000 0.909321 0.000000 0.416095 0.432985 0.432985 0.432985
644.048035 0.000000 855.615662 0.000000 0.903649 0.000000 -0.428274 0.591322 0.591322 0.591322
642.970520 0.000000 856.713257 0.000000 0.934565 0.000000 0.355793 0.564712 0.564712 0.564712
651.583923 0.000000 850.823303 0.000000 0.975069 0.000000 -0.221901 0.825324 0.825324 0.825324
757.519043 0.000000 873.891052 0.000000 0.926082 0.000000 0.377321 0.423064 0.423064 0.423064
712.237366 0.000000 895.292175 0.000000 0.963987 0.000000 -0.265949 0.559731 0.559731 0.559731
740.099426 0.000000 885.583435 0.000000 0.973285 0.000000 0.229601 0.648766 0.648766 0.648766
723.070923 0.000000 890.633423 0.000000 0.999939 0.000000 0.011017 0.615899 0.615899 0.615899
736.283997 0.000000 889.454346 0.000000 0.882789 0.000000 0.469769 0.837294 0.837294 0.837294
722.834534 0.000000 873.855103 0.000000 0.947970 0.000000 0.318359 0.542329 0.542329 0.542329
738.377441 0.000000 890.992859 0.000000 0.952539 0.000000 0.304415 0.809152 0.809152 0.809152
736.813721 0.000000 890.771484 0.000000 0.999710 0.000000 0.024098 0.998466 0.998466 0.998466
767.974670 0.000000 878.797058 0.000000 0.974637 0.000000 -0.223790 1.022821 1.022821 1.022821
733.948425 0.000000 888.385986 0.000000 0.935111 0.000000 -0.354355 1.037710 1.037710 1.037710
738.453979 0.000000 888.286865 0.000000 0.979402 0.000000 0.201922 0.987056 0.987056 0.987056
724.959106 0.000000 872.935364 0.000000 0.941646 0.000000 0.336604 0.829037 0.829037 0.829037
734.684265 0.000000 889.526184 0.000000 0.993206 0.000000 -0.116366 1.007425 1.007425 1.007425
747.818848 0.000000 884.767517 0.000000 0.998476 0.000000 0.055195 0.873777 0.873777 0.873777
746.544373 0.000000 884.118652 0.000000 0.995731 0.000000 -0.092306 0.896709 0.896709 0.896709
724.231995 0.000000 871.053467 0.000000 0.898986 0.000000 0.437977 0.741060 0.741060 0.741060
758.205566 0.000000 882.478882 0.000000 0.980594 0.000000 0.196050 0.985664 0.985664 0.985664
739.658203 0.000000 887.820984 0.000000 0.982093 0.000000 0.188398 0.987934 0.987934 0.987934
740.698975 0.000000 888.780518 0.000000 0.999422 0.000000 0.033980 0.997836 0.997836 0.997836
766.015381 0.000000 879.881958 0.000000 0.906878 0.000000 0.421394 0.956019 0.956019 0.956019
840.173828 0.000000 756.563171 0.000000 0.997047 0.000000 -0.076798 0.512120 0.512120 0.512120
894.390747 0.000000 790.057434 0.000000 0.981026 0.000000 -0.193878 0.533391 0.533391 0.533391
842.704590 0.000000 757.039368 0.000000 0.941882 0.000000 0.335944 0.482625 0.482625 0.482625
896.588501 0.000000 730.114990 0.000000 0.993776 0.000000 -0.111399 0.699431 0.699431 0.699431
896.927002 0.000000 731.506226 0.000000 0.922540 0.000000 -0.385902 0.745465 0.745465 0.745465
941.887329 0.000000 717.044495 0.000000 0.997584 0.000000 -0.069471 1.004426 1.004426 1.004426
979.508606 0.000000 694.204468 0.000000 0.903898 0.000000 0.427748 0.941406 0.941406 0.941406
903.979919 0.000000 776.432190 0.000000 0.999983 0.000000 0.005751 0.498740 0.498740 0.498740
930.581665 0.000000 753.476562 0.000000 0.999915 0.000000 0.013034 0.821447 0.821447 0.821447
905.264099 0.000000 778.890137 0.000000 0.974346 0.000000 0.225055 0.985549 0.985549 0.985549
973.704834 0.000000 747.123474 0.000000 0.984308 0.000000 -0.176458 0.531022 0.531022 0.531022
975.028870 0.000000 747.402771 0.000000 0.890263 0.000000 0.455447 0.788495 0.788495 0.788495
1010.000244 0.000000 737.604797 0.000000 0.981547 0.000000 -0.191222 0.965013 0.965013 0.965013
1011.501953 0.000000 734.363770 0.000000 0.999798 0.000000 -0.020077 1.001278 1.001278 1.001278
805.805176 0.000000 846.307983 0.000000 0.899568 0.000000 -0.436781 1.028776 1.028776 1.028776
807.513672 0.000000 845.423340 0.000000 0.999935 0.000000 0.011376 0.777572 0.777572 0.777572
866.932556 0.000000 844.858154 0.000000 0.944258 0.000000 0.329206 0.428268 0.428268 0.428268
844.083679 0.000000 836.295105 0.000000 0.983401 0.000000 0.181444 0.467955 0.467955 0.467955
878.782471 0.000000 832.845398 0.000000 0.948217 0.000000 0.317624 0.439601 0.439601 0.439601
893.810364 0.000000 824.434692 0.000000 0.990506 0.000000 0.137469 0.477845 0.477845 0.477845
894.383179 0.000000 811.947693 0.000000 0.957150 0.000000 0.289592 0.831691 0.831691 0.831691
857.742432 0.000000 819.832520 0.000000 0.999931 0.000000 -0.011733 0.933132 0.933132 0.933132
895.116150 0.000000 810.531006 0.000000 0.887394 0.000000 0.461012 0.802825 0.802825 0.802825
841.995728 0.000000 839.622253 0.000000 0.944354 0.000000 0.328932 0.545345 0.545345 0.545345
854.383911 0.000000 837.793091 0.000000 0.998568 0.000000 0.053496 0.584744 0.584744 0.584744
869.805176 0.000000 846.307983 0.000000 0.999976 0.000000 0.006964 0.616542 0.616542 0.616542
877.684509 0.000000 833.691956 0.000000 0.980224 0.000000 -0.197890 0.733297 0.733297 0.733297
887.777771 0.000000 819.716370 0.000000 0.997419 0.000000 -0.071798 1.004575 1.004575 1.004575
887.130127 0.000000 817.374634 0.000000 0.968774 0.000000 -0.247946 1.015951 1.015951 1.015951
872.696228 0.000000 801.028809 0.000000 0.938267 0.000000 -0.345913 1.044179 1.044179 1.044179
867.060913 0.000000 846.098145 0.000000 0.985248 0.000000 -0.171132 1.010948 1.010948 1.010948
874.844177 0.000000 799.681091 0.000000 0.904871 0.000000 -0.425685 1.027993 1.027993 1.027993
876.417236 0.000000 835.784790 0.000000 0.996028 0.000000 -0.089036 1.005676 1.005676 1.005676
889.537842 0.000000 813.731750 0.000000 0.987526 0.000000 0.157454 0.989934 0.989934 0.989934
881.310669 0.000000 820.251099 0.000000 0.997757 0.000000 -0.066933 1.007575 1.007575 1.007575
870.709412 0.000000 801.588928 0.000000 0.988173 0.000000 -0.153344 1.012338 1.012338 1.012338
868.323120 0.000000 801.281982 0.000000 0.924606 0.000000 -0.380925 1.024879 1.024879 1.024879
841.391296 0.000000 825.344849 0.000000 0.919722 0.000000 -0.392570 1.047438 1.047438 1.047438
871.853943 0.000000 801.829773 0.000000 0.999919 0.000000 0.012711 0.998981 0.998981 0.998981
840.099243 0.000000 826.170837 0.000000 0.936717 0.000000 -0.350087 0.975633 0.975633 0.975633
890.833557 0.000000 810.190430 0.000000 0.996497 0.000000 0.083623 0.988525 0.988525 0.988525
893.255798 0.000000 811.871155 0.000000 0.976854 0.000000 0.213907 0.986276 0.986276 0.986276
883.716553 0.000000 793.033386 0.000000 0.965510 0.000000 0.260365 0.983231 0.983231 0.983231
860.949463 0.000000 811.486267 0.000000 0.958122 0.000000 0.286360 0.981511 0.981511 0.981511
856.998657 0.000000 821.537964 0.000000 0.981913 0.000000 0.189332 0.987874 0.987874 0.987874
885.292664 0.000000 820.348022 0.000000 0.991094 0.000000 0.133161 0.988096 0.988096 0.988096
861.911987 0.000000 811.074219 0.000000 0.982632 0.000000 0.185564 0.988118 0.988118 0.988118
839.085571 0.000000 844.867554 0.000000 0.907475 0.000000 0.420107 0.972399 0.972399 0.972399
872.990601 0.000000 798.732544 0.000000 0.963204 0.000000 0.268772 0.982676 0.982676 0.982676
892.392883 0.000000 815.556702 0.000000 0.927729 0.000000 0.373256 0.975648 0.975648 0.975648
840.403442 0.000000 841.528748 0.000000 0.968158 0.000000 0.250338 0.983892 0.983892 0.983892
891.404663 0.000000 815.025024 0.000000 0.893745 0.000000 0.448576 0.970386 0.970386 0.970386
838.803162 0.000000 843.858765 0.000000 0.972772 0.000000 -0.231765 1.014890 1.014890 1.014890
836.163086 0.000000 842.564209 0.000000 0.930156 0.000000 -0.367164 1.023934 1.023934 1.023934
859.120972 0.000000 818.095398 0.000000 0.990648 0.000000 0.136444 0.991287 0.991287 0.991287
894.947815 0.000000 824.432983 0.000000 0.997111 0.000000 -0.075964 1.004841 1.004841 1.004841
860.431030 0.000000 810.243835 0.000000 0.954663 0.000000 -0.297688 1.019243 1.019243 1.019243
892.245972 0.000000 813.504028 0.000000 0.897238 0.000000 -0.441548 1.029114 1.029114 1.029114
888.892334 0.000000 816.601074 0.000000 0.993478 0.000000 0.114025 0.992725 0.992725 0.992725
883.548218 0.000000 818.948120 0.000000 0.924949 0.000000 0.380091 0.975179 0.975179 0.975179
804.575256 0.000000 849.654602 0.000000 0.992695 0.000000 0.120648 0.476947 0.476947 0.476947
801.411987 0.000000 862.222717 0.000000 0.992237 0.000000 0.124359 0.479689 0.479689 0.479689
776.173828 0.000000 869.531921 0.000000 0.987114 0.000000 -0.160018 0.530031 0.530031 0.530031
808.179810 0.000000 875.450256 0.000000 0.997904 0.000000 0.064718 0.488383 0.488383 0.488383
808.688843 0.000000 871.666138 0.000000 0.973200 0.000000 0.229959 0.460811 0.460811 0.460811
802.934753 0.000000 850.834839 0.000000 0.956813 0.000000 0.290706 0.449299 0.449299 0.449299
818.425415 0.000000 849.419983 0.000000 0.988001 0.000000 -0.154445 0.523866 0.523866 0.523866
826.270874 0.000000 855.599426 0.000000 0.996504 0.000000 0.083550 0.687410 0.687410 0.687410
815.105347 0.000000 850.826965 0.000000 0.996826 0.000000 -0.079615 0.512685 0.512685 0.512685
825.112366 0.000000 853.855896 0.000000 0.920784 0.000000 0.390074 0.680025 0.680025 0.680025
826.082642 0.000000 851.490112 0.000000 0.881587 0.000000 -0.472021 0.665119 0.665119 0.665119
790.020996 0.000000 848.585693 0.000000 0.999994 0.000000 -0.003483 0.828987 0.828987 0.828987
785.818054 0.000000 866.426697 0.000000 0.948854 0.000000 0.315716 0.452005 0.452005 0.452005
769.639160 0.000000 882.471985 0.000000 0.871557 0.000000 0.490295 0.948956 0.948956 0.948956
820.241882 0.000000 859.000427 0.000000 0.908304 0.000000 0.418310 0.866645 0.866645 0.866645
798.394470 0.000000 865.311951 0.000000 0.962434 0.000000 -0.271514 1.017505 1.017505 1.017505
828.055420 0.000000 853.182983 0.000000 0.986929 0.000000 0.161154 0.989696 0.989696 0.989696
806.782410 0.000000 875.275269 0.000000 0.937506 0.000000 0.347969 0.977374 0.977374 0.977374
793.036438 0.000000 872.200562 0.000000 0.878564 0.000000 0.477624 0.924957 0.924957 0.924957
788.600525 0.000000 858.287598 0.000000 0.975273 0.000000 0.221005 0.773050 0.773050 0.773050
801.739258 0.000000 849.789612 0.000000 0.990393 0.000000 -0.138284 1.016521 1.016521 1.016521
769.280090 0.000000 881.114990 0.000000 0.908401 0.000000 -0.418099 1.053306 1.053306 1.053306
828.926270 0.000000 851.108643 0.000000 0.948186 0.000000 0.317716 0.979417 0.979417 0.979417
792.350952 0.000000 899.395996 0.000000 0.890622 0.000000 -0.454745 1.030054 1.030054 1.030054
823.696777 0.000000 856.551453 0.000000 0.977233 0.000000 0.212171 0.986389 0.986389 0.986389
830.025452 0.000000 850.393738 0.000000 0.891711 0.000000 0.452605 0.970099 0.970099 0.970099
812.345764 0.000000 857.982178 0.000000 0.999761 0.000000 0.021840 0.997072 0.997072 0.997072
768.042297 0.000000 880.696838 0.000000 0.999119 0.000000 -0.041976 1.005189 1.005189 1.005189
792.864441 0.000000 873.819580 0.000000 0.978848 0.000000 0.204588 0.966075 0.966075 0.966075
787.389221 0.000000 859.848511 0.000000 0.877061 0.000000 -0.480380 1.031900 1.031900 1.031900
786.263611 0.000000 859.352173 0.000000 0.989785 0.000000 -0.142568 1.009107 1.009107 1.009107
824.005188 0.000000 853.372864 0.000000 0.932779 0.000000 0.360448 0.685216 0.685216 0.685216
811.277710 0.000000 860.278259 0.000000 0.944845 0.000000 -0.327519 1.021242 1.021242 1.021242
813.243713 0.000000 856.127747 0.000000 0.981489 0.000000 0.191519 0.974164 0.974164 0.974164
793.950562 0.000000 849.246155 0.000000 0.941452 0.000000 0.337147 0.978108 0.978108 0.978108
785.250244 0.000000 859.946533 0.000000 0.894889 0.000000 -0.446289 1.053012 1.053012 1.053012
825.506653 0.000000 854.838257 0.000000 0.932039 0.000000 0.362357 0.976394 0.976394 0.976394
803.494507 0.000000 849.964050 0.000000 0.889874 0.000000 -0.456206 1.037964 1.037964 1.037964
786.752136 0.000000 861.330139 0.000000 0.985874 0.000000 0.167486 0.986010 0.986010 0.986010
782.202881 0.000000 860.969849 0.000000 0.867485 0.000000 -0.497463 1.033147 1.033147 1.033147
825.307861 0.000000 855.912170 0.000000 0.907215 0.000000 0.420667 0.972359 0.972359 0.972359
805.324646 0.000000 877.439697 0.000000 0.912914 0.000000 -0.408152 1.026765 1.026765 1.026765
855.408081 0.000000 859.103821 0.000000 0.988684 0.000000 -0.150010 0.527010 0.527010 0.527010
839.408936 0.000000 865.103149 0.000000 0.990768 0.000000 0.135571 0.474995 0.474995 0.474995
835.050598 0.000000 850.659912 0.000000 0.994685 0.000000 0.102964 0.483352 0.483352 0.483352
854.338623 0.000000 860.248108 0.000000 0.955210 0.000000 0.295930 0.932250 0.932250 0.932250
843.039246 0.000000 863.522034 0.000000 0.891121 0.000000 0.453765 0.472525 0.472525 0.472525
857.045288 0.000000 859.157471 0.000000 0.915049 0.000000 -0.403342 0.561723 0.561723 0.561723
836.846680 0.000000 862.172913 0.000000 0.999130 0.000000 -0.041705 0.922996 0.922996 0.922996
840.160889 0.000000 859.387024 0.000000 0.922599 0.000000 0.385760 0.974788 0.974788 0.974788
833.598267 0.000000 850.831421 0.000000 0.895632 0.000000 -0.444796 1.029345 1.029345 1.029345
837.850769 0.000000 865.044067 0.000000 0.949177 0.000000 -0.314741 1.027578 1.027578 1.027578
838.510254 0.000000 863.866028 0.000000 0.919495 0.000000 0.393101 0.952494 0.952494 0.952494
858.370850 0.000000 869.855408 0.000000 0.905688 0.000000 0.423945 0.961636 0.961636 0.961636
867.792847 0.000000 848.242188 0.000000 0.947637 0.000000 -0.319349 1.020693 1.020693 1.020693
856.788635 0.000000 861.377930 0.000000 0.875203 0.000000 -0.483756 1.032146 1.032146 1.032146
846.462463 0.000000 850.907959 0.000000 0.983025 0.000000 0.183472 0.988253 0.988253 0.988253
857.353333 0.000000 866.223145 0.000000 0.964196 0.000000 0.265191 0.982913 0.982913 0.982913
866.059082 0.000000 848.445068 0.000000 0.984321 0.000000 0.176386 0.988712 0.988712 0.988712
856.943970 0.000000 860.191650 0.000000 0.963035 0.000000 -0.269375 1.017363 1.017363 1.017363
836.596802 0.000000 852.604980 0.000000 0.999907 0.000000 0.013638 0.999132 0.999132 0.999132
841.580750 0.000000 861.008972 0.000000 0.997024 0.000000 0.077088 0.995088 0.995088 0.995088
841.038208 0.000000 859.050171 0.000000 0.999983 0.000000 0.005744 0.999634 0.999634 0.999634
832.444458 0.000000 851.432373 0.000000 0.997813 0.000000 0.066104 0.995789 0.995789 0.995789
896.371521 0.000000 795.866089 0.000000 0.995997 0.000000 -0.089391 0.631850 0.631850 0.631850
896.850525 0.000000 831.345947 0.000000 0.956682 0.000000 0.291135 0.806328 0.806328 0.806328
899.915771 0.000000 795.394287 0.000000 0.963585 0.000000 -0.267401 0.881231 0.881231 0.881231
897.598267 0.000000 794.347046 0.000000 0.965393 0.000000 0.260799 0.575782 0.575782 0.575782
897.945618 0.000000 807.085083 0.000000 0.939650 0.000000 -0.342138 1.022230 1.022230 1.022230
901.597900 0.000000 804.248840 0.000000 0.966406 0.000000 -0.257021 0.673841 0.673841 0.673841
896.098572 0.000000 826.843811 0.000000 0.921291 0.000000 0.388873 0.974573 0.974573 0.974573
898.597595 0.000000 804.246277 0.000000 0.978163 0.000000 0.207839 0.637765 0.637765 0.637765
897.950500 0.000000 830.755676 0.000000 0.999053 0.000000 -0.043501 0.859807 0.859807 0.859807
948.589661 0.000000 834.199951 0.000000 0.918492 0.000000 -0.395440 1.037452 1.037452 1.037452
897.121704 0.000000 807.889771 0.000000 0.872773 0.000000 0.488127 0.967536 0.967536 0.967536
896.352051 0.000000 829.166992 0.000000 0.984284 0.000000 -0.176595 1.011302 1.011302 1.011302
949.109436 0.000000 835.056274 0.000000 0.944545 0.000000 -0.328383 1.030823 1.030823 1.030823
897.525696 0.000000 828.010681 0.000000 0.970781 0.000000 -0.239967 1.015427 1.015427 1.015427
994.376160 0.000000 807.223999 0.000000 0.962086 0.000000 -0.272746 0.833793 0.833793 0.833793
909.642212 0.000000 868.917297 0.000000 0.998464 0.000000 -0.055401 0.508407 0.508407 0.508407
1028.081787 0.000000 697.782288 0.000000 0.959337 0.000000 0.282262 0.981783 0.981783 0.981783
10.416430 0.000000 1048.402954 0.000000 0.884459 0.000000 -0.466618 0.976405 0.976405 0.976405
10.576375 0.000000 1047.062500 0.000000 0.984188 0.000000 0.177126 0.988664 0.988664 0.988664
11.154306 0.000000 1047.823242 0.000000 0.921811 0.000000 -0.387639 1.025342 1.025342 1.025342
108.194824 0.000000 1028.796143 0.000000 0.960769 0.000000 -0.277349 0.552937 0.552937 0.552937
102.385895 0.000000 1033.563721 0.000000 0.965564 0.000000 0.260167 0.450423 0.450423 0.450423
117.177567 0.000000 1027.239136 0.000000 0.907085 0.000000 -0.420947 0.630683 0.630683 0.630683
116.078316 0.000000 1033.389404 0.000000 0.986865 0.000000 -0.161548 0.926843 0.926843 0.926843
104.469803 0.000000 1035.984009 0.000000 0.903966 0.000000 0.427605 0.941426 0.941426 0.941426
118.203690 0.000000 1057.049194 0.000000 0.998265 0.000000 -0.058874 0.676167 0.676167 0.676167
117.096512 0.000000 1030.629150 0.000000 0.976639 0.000000 -0.214887 0.982912 0.982912 0.982912
121.484390 0.000000 1057.734619 0.000000 0.993660 0.000000 -0.112427 1.007172 1.007172 1.007172
121.571243 0.000000 1056.574585 0.000000 0.998302 0.000000 -0.058252 1.003711 1.003711 1.003711
104.529190 0.000000 1034.589233 0.000000 0.995644 0.000000 -0.093232 1.012377 1.012377 1.012377
108.463272 0.000000 1031.342407 0.000000 0.962894 0.000000 0.269880 0.967867 0.967867 0.967867
110.404251 0.000000 1028.961426 0.000000 0.875267 0.000000 0.483640 0.929298 0.929298 0.929298
114.566536 0.000000 1026.309082 0.000000 0.897484 0.000000 -0.441046 1.029078 1.029078 1.029078
16.244335 0.000000 1102.401001 0.000000 0.913287 0.000000 -0.407316 0.572737 0.572737 0.572737
21.353340 0.000000 1109.092896 0.000000 0.941531 0.000000 -0.336925 1.021877 1.021877 1.021877
121.360489 0.000000 1084.459839 0.000000 0.871638 0.000000 0.490151 0.420389 0.420389 0.420389
123.524094 0.000000 1086.662476 0.000000 0.992908 0.000000 -0.118887 1.010264 1.010264 1.010264
122.104004 0.000000 1085.257324 0.000000 0.999683 0.000000 -0.025192 1.001604 1.001604 1.001604
140.917648 0.000000 1091.400269 0.000000 0.956740 0.000000 -0.290946 1.037367 1.037367 1.037367
138.865524 0.000000 1088.293945 0.000000 0.959277 0.000000 -0.282467 1.018231 1.018231 1.018231
139.947403 0.000000 1089.111206 0.000000 0.909516 0.000000 0.415668 0.972710 0.972710 0.972710
233.650848 0.000000 1082.489868 0.000000 0.999231 0.000000 0.039198 0.492967 0.492967 0.492967
324.787903 0.000000 982.735229 0.000000 0.918744 0.000000 0.394854 0.640001 0.640001 0.640001
389.141632 0.000000 929.256226 0.000000 0.997289 0.000000 -0.073586 0.513377 0.513377 0.513377
386.627808 0.000000 932.457214 0.000000 0.981545 0.000000 0.191229 0.467215 0.467215 0.467215
433.424500 0.000000 998.650940 0.000000 0.965610 0.000000 -0.259995 0.542845 0.542845 0.542845
435.209290 0.000000 999.944702 0.000000 0.873802 0.000000 0.486282 0.967671 0.967671 0.967671
501.566864 0.000000 1029.181030 0.000000 0.922518 0.000000 0.385953 0.426253 0.426253 0.426253
504.379456 0.000000 1031.099487 0.000000 0.998069 0.000000 0.062122 0.995018 0.995018 0.995018
504.930573 0.000000 1029.118896 0.000000 0.964726 0.000000 0.263257 0.983041 0.983041 0.983041
504.214111 0.000000 1028.245972 0.000000 0.991158 0.000000 -0.132683 1.008472 1.008472 1.008472
503.381226 0.000000 1030.745605 0.000000 0.879869 0.000000 -0.475217 1.031526 1.031526 1.031526
506.915985 0.000000 1029.469849 0.000000 0.998454 0.000000 -0.055576 1.003540 1.003540 1.003540
98.937859 0.000000 1160.192505 0.000000 0.913685 0.000000 -0.406424 1.026645 1.026645 1.026645
104.428520 0.000000 1173.403076 0.000000 0.979410 0.000000 -0.201881 1.012941 1.012941 1.012941
89.470398 0.000000 1212.032837 0.000000 0.904229 0.000000 0.427049 0.971911 0.971911 0.971911
147.007538 0.000000 1204.250244 0.000000 0.987300 0.000000 0.158865 0.466005 0.466005 0.466005
132.763565 0.000000 1222.364136 0.000000 0.999148 0.000000 -0.041263 0.508609 0.508609 0.508609
134.724258 0.000000 1219.679321 0.000000 0.885133 0.000000 0.465338 0.409553 0.409553 0.409553
187.100800 0.000000 1196.264648 0.000000 0.943276 0.000000 -0.332010 0.568565 0.568565 0.568565
172.352142 0.000000 1203.432983 0.000000 0.996994 0.000000 -0.077474 0.515479 0.515479 0.515479
174.245499 0.000000 1206.094360 0.000000 0.935373 0.000000 -0.353663 0.560510 0.560510 0.560510
144.985138 0.000000 1208.347656 0.000000 0.874167 0.000000 -0.485626 0.579565 0.579565 0.579565
138.416428 0.000000 1217.856079 0.000000 0.897454 0.000000 -0.441108 0.575444 0.575444 0.575444
170.414871 0.000000 1205.790039 0.000000 0.907775 0.000000 -0.419458 0.568241 0.568241 0.568241
173.531021 0.000000 1204.564941 0.000000 0.982574 0.000000 0.185871 0.472065 0.472065 0.472065
212.994431 0.000000 1188.724609 0.000000 0.989060 0.000000 0.147511 0.471558 0.471558 0.471558
211.350296 0.000000 1188.525757 0.000000 0.997204 0.000000 0.074730 0.698639 0.698639 0.698639
213.555710 0.000000 1190.256958 0.000000 0.998848 0.000000 -0.047983 0.733289 0.733289 0.733289
214.014114 0.000000 1191.705933 0.000000 0.991626 0.000000 -0.129142 0.970074 0.970074 0.970074
236.737030 0.000000 1188.993896 0.000000 0.874264 0.000000 0.485451 0.662784 0.662784 0.662784
231.188614 0.000000 1199.284912 0.000000 0.994764 0.000000 0.102198 0.989035 0.989035 0.989035
187.524094 0.000000 1312.599976 0.000000 0.951965 0.000000 -0.306207 1.031000 1.031000 1.031000
189.240158 0.000000 1313.171875 0.000000 0.988679 0.000000 -0.150045 1.009588 1.009588 1.009588
171.008789 0.000000 1325.690063 0.000000 0.978535 0.000000 0.206078 0.986786 0.986786 0.986786
186.750610 0.000000 1313.628052 0.000000 0.973176 0.000000 0.230063 0.976876 0.976876 0.976876
184.930573 0.000000 1311.540771 0.000000 0.997695 0.000000 -0.067861 0.980413 0.980413 0.980413
189.552032 0.000000 1308.453979 0.000000 0.934068 0.000000 -0.357096 0.990815 0.990815 0.990815
188.196640 0.000000 1308.910522 0.000000 0.985722 0.000000 0.168382 0.911004 0.911004 0.911004
186.104004 0.000000 1311.194824 0.000000 0.951352 0.000000 -0.308105 1.019939 1.019939 1.019939
188.518097 0.000000 1312.463257 0.000000 0.990360 0.000000 0.138516 0.991153 0.991153 0.991153
200.667557 0.000000 1303.919800 0.000000 0.986296 0.000000 0.164985 0.467414 0.467414 0.467414
200.904678 0.000000 1305.420288 0.000000 0.993995 0.000000 0.109429 0.993020 0.993020 0.993020
202.012833 0.000000 1302.427612 0.000000 0.998697 0.000000 0.051042 0.996749 0.996749 0.996749
475.635559 0.000000 1322.191040 0.000000 0.944441 0.000000 0.328681 0.437668 0.437668 0.437668
470.048248 0.000000 1322.253540 0.000000 0.995835 0.000000 -0.091179 1.012651 1.012651 1.012651
449.354248 0.000000 1340.856689 0.000000 0.988232 0.000000 0.152963 0.990224 0.990224 0.990224
471.342743 0.000000 1323.881104 0.000000 0.962598 0.000000 -0.270934 1.038015 1.038015 1.038015
470.742859 0.000000 1325.768799 0.000000 0.947114 0.000000 -0.320899 1.025201 1.025201 1.025201
448.844482 0.000000 1341.742065 0.000000 0.888317 0.000000 -0.459231 1.030375 1.030375 1.030375
679.167725 0.000000 1008.704346 0.000000 0.998168 0.000000 0.060509 0.490817 0.490817 0.490817
801.049316 0.000000 905.000305 0.000000 0.997833 0.000000 -0.065799 0.593604 0.593604 0.593604
802.937195 0.000000 905.534729 0.000000 0.924805 0.000000 -0.380440 0.729609 0.729609 0.729609
882.317932 0.000000 908.203125 0.000000 0.991473 0.000000 0.130312 0.670002 0.670002 0.670002
228.575256 0.000000 1358.014038 0.000000 0.988875 0.000000 -0.148746 0.528347 0.528347 0.528347
415.169830 0.000000 1368.862671 0.000000 0.999029 0.000000 0.044050 0.997195 0.997195 0.997195
459.735138 0.000000 2021.006470 0.000000 0.972099 0.000000 -0.234572 0.914330 0.914330 0.914330
497.310669 0.000000 2006.422974 0.000000 0.957854 0.000000 0.287256 0.981451 0.981451 0.981451
463.808777 0.000000 2021.124512 0.000000 0.891158 0.000000 0.453693 0.970021 0.970021 0.970021
496.274017 0.000000 2006.228638 0.000000 0.999073 0.000000 0.043049 0.997259 0.997259 0.997259
495.394714 0.000000 2009.720581 0.000000 0.965787 0.000000 -0.259337 1.021023 1.021023 1.021023
547.689819 0.000000 1972.070435 0.000000 0.967774 0.000000 0.251820 0.456435 0.456435 0.456435
557.747009 0.000000 1969.160278 0.000000 0.906594 0.000000 0.422005 0.423159 0.423159 0.423159
552.388245 0.000000 1970.470337 0.000000 0.999978 0.000000 -0.006611 0.501052 0.501052 0.501052
553.936401 0.000000 1973.565186 0.000000 0.992522 0.000000 -0.122066 0.911045 0.911045 0.911045
549.366028 0.000000 1972.168457 0.000000 0.993258 0.000000 -0.115921 0.885843 0.885843 0.885843
557.470398 0.000000 1967.753052 0.000000 0.899608 0.000000 -0.436699 1.051110 1.051110 1.051110
561.743164 0.000000 1960.114502 0.000000 0.936417 0.000000 0.350890 0.977176 0.977176 0.977176
563.747925 0.000000 1961.924072 0.000000 0.883392 0.000000 0.468635 0.952145 0.952145 0.952145
560.161316 0.000000 1959.817871 0.000000 0.991111 0.000000 0.133041 0.985709 0.985709 0.985709
552.053711 0.000000 1972.822998 0.000000 0.926163 0.000000 -0.377123 0.951843 0.951843 0.951843
560.827209 0.000000 1964.306641 0.000000 0.994851 0.000000 0.101352 0.881438 0.881438 0.881438
551.150391 0.000000 1973.847900 0.000000 0.968157 0.000000 -0.250342 0.912070 0.912070 0.912070
563.209290 0.000000 1960.179077 0.000000 0.971223 0.000000 0.238171 0.976405 0.976405 0.976405
532.832764 0.000000 1989.532715 0.000000 0.998910 0.000000 -0.046678 0.508446 0.508446 0.508446
534.338623 0.000000 1989.935547 0.000000 0.968097 0.000000 0.250575 0.723654 0.723654 0.723654
"}
object={
	name="palm_dense_generator_2_2"
	clamp_to_water_level=no
	render_under_water=no
	generated_content=yes
	layer="semidynamic_medium"
	pdxmesh="tree_palm_03_mesh"
	count=282
	transform="504.732361 0.000000 726.369568 0.000000 0.864211 0.000000 -0.503129 0.964230 0.964230 0.964230
502.610565 0.000000 727.725769 0.000000 0.657434 0.000000 -0.753512 1.111078 1.111078 1.111078
461.299561 0.000000 745.763550 0.000000 0.529819 0.000000 -0.848110 1.064452 1.064452 1.064452
458.359711 0.000000 742.114380 0.000000 0.662101 0.000000 -0.749415 0.911619 0.911619 0.911619
511.312897 0.000000 775.571838 0.000000 0.089947 0.000000 -0.995947 1.094266 1.094266 1.094266
460.215454 0.000000 745.153198 0.000000 0.789497 0.000000 -0.613754 1.042068 1.042068 1.042068
458.015350 0.000000 744.499329 0.000000 0.394702 0.000000 -0.918809 1.074170 1.074170 1.074170
379.211334 0.000000 820.399414 0.000000 0.779790 0.000000 -0.626041 0.637048 0.637048 0.637048
379.526947 0.000000 823.548401 0.000000 0.098523 0.000000 -0.995135 1.093718 1.093718 1.093718
377.187744 0.000000 822.266602 0.000000 0.694011 0.000000 -0.719965 1.047495 1.047495 1.047495
379.046631 0.000000 824.964966 0.000000 0.214987 0.000000 -0.976617 1.086206 1.086206 1.086206
463.197052 0.000000 802.414001 0.000000 0.387142 0.000000 -0.922020 0.717487 0.717487 0.717487
461.189148 0.000000 799.035889 0.000000 0.727180 0.000000 -0.686447 0.833630 0.833630 0.833630
461.299561 0.000000 802.247925 0.000000 0.390896 0.000000 -0.920435 1.074433 1.074433 1.074433
734.953552 0.000000 677.580627 0.000000 0.374246 0.000000 -0.927329 0.729853 0.729853 0.729853
736.330139 0.000000 675.625549 0.000000 0.051632 0.000000 -0.998666 0.752019 0.752019 0.752019
737.193054 0.000000 676.037476 0.000000 0.857229 0.000000 -0.514935 1.034437 1.034437 1.034437
579.162231 0.000000 729.864197 0.000000 0.808393 0.000000 -0.588643 0.857030 0.857030 0.857030
579.574219 0.000000 731.236084 0.000000 0.599374 0.000000 -0.800469 1.075765 1.075765 1.075765
516.693359 0.000000 766.937195 0.000000 0.094214 0.000000 -0.995552 1.136014 1.136014 1.136014
517.747253 0.000000 767.267822 0.000000 0.448979 0.000000 -0.893542 1.101812 1.101812 1.101812
655.325439 0.000000 712.820923 0.000000 0.526534 0.000000 -0.850154 0.825469 0.825469 0.825469
737.739258 0.000000 680.336487 0.000000 0.781140 0.000000 -0.624356 1.060099 1.060099 1.060099
739.792847 0.000000 678.789062 0.000000 0.433580 0.000000 -0.901115 1.091219 1.091219 1.091219
736.829468 0.000000 680.004761 0.000000 0.558360 0.000000 -0.829598 1.087201 1.087201 1.087201
578.732483 0.000000 855.479248 0.000000 0.196499 0.000000 -0.980504 1.087409 1.087409 1.087409
632.930603 0.000000 859.665771 0.000000 0.223125 0.000000 -0.974790 1.085675 1.085675 1.085675
669.290894 0.000000 833.123779 0.000000 0.461247 0.000000 -0.887272 0.699858 0.699858 0.699858
687.085327 0.000000 829.609375 0.000000 0.091648 0.000000 -0.995791 0.777487 0.777487 0.777487
673.128357 0.000000 831.544434 0.000000 0.712335 0.000000 -0.701840 0.975698 0.975698 0.975698
697.001709 0.000000 826.213257 0.000000 0.529630 0.000000 -0.848229 0.676072 0.676072 0.676072
693.635254 0.000000 829.303833 0.000000 0.043586 0.000000 -0.999050 1.213894 1.213894 1.213894
690.477905 0.000000 832.656982 0.000000 0.431905 0.000000 -0.901919 1.133214 1.133214 1.133214
689.743164 0.000000 830.427063 0.000000 0.769960 0.000000 -0.638092 1.044055 1.044055 1.044055
691.747925 0.000000 832.236633 0.000000 0.215450 0.000000 -0.976515 1.166407 1.166407 1.166407
697.404541 0.000000 828.425415 0.000000 0.092757 0.000000 -0.995689 1.094086 1.094086 1.094086
695.533936 0.000000 844.736755 0.000000 0.290160 0.000000 -0.956978 1.138617 1.138617 1.138617
672.087463 0.000000 830.900513 0.000000 0.813179 0.000000 -0.582014 0.950960 0.950960 0.950960
697.484375 0.000000 831.797119 0.000000 0.528724 0.000000 -0.848794 1.064534 1.064534 1.064534
695.966553 0.000000 826.676941 0.000000 0.760756 0.000000 -0.649038 1.057662 1.057662 1.057662
670.683105 0.000000 831.053528 0.000000 0.811502 0.000000 -0.584349 1.039730 1.039730 1.039730
643.095581 0.000000 862.715759 0.000000 0.621996 0.000000 -0.783020 0.765568 0.765568 0.765568
765.658813 0.000000 882.581360 0.000000 0.334573 0.000000 -0.942370 0.759250 0.759250 0.759250
737.128357 0.000000 888.028809 0.000000 0.411694 0.000000 -0.911322 1.086354 1.086354 1.086354
756.319336 0.000000 874.891418 0.000000 0.193183 0.000000 -0.981163 1.165970 1.165970 1.165970
722.172485 0.000000 872.412964 0.000000 0.003635 0.000000 -0.999993 0.838894 0.838894 0.838894
759.130127 0.000000 873.859009 0.000000 0.797098 0.000000 -0.603850 1.088859 1.088859 1.088859
756.695984 0.000000 883.369324 0.000000 0.093143 0.000000 -0.995653 1.072918 1.072918 1.072918
757.408569 0.000000 875.679321 0.000000 0.523023 0.000000 -0.852319 1.123044 1.123044 1.123044
734.023010 0.000000 890.678406 0.000000 0.183250 0.000000 -0.983066 1.088268 1.088268 1.088268
745.405579 0.000000 885.118469 0.000000 0.785662 0.000000 -0.618657 1.075437 1.075437 1.075437
767.246094 0.000000 883.275146 0.000000 0.802847 0.000000 -0.596185 0.877885 0.877885 0.877885
732.231873 0.000000 888.868408 0.000000 0.704156 0.000000 -0.710046 1.082198 1.082198 1.082198
734.526184 0.000000 891.721008 0.000000 0.753727 0.000000 -0.657187 1.045651 1.045651 1.045651
759.966553 0.000000 883.161316 0.000000 0.686292 0.000000 -0.727326 1.059167 1.059167 1.059167
895.976562 0.000000 728.427917 0.000000 0.667403 0.000000 -0.744697 0.658871 0.658871 0.658871
799.443848 0.000000 772.408264 0.000000 0.822409 0.000000 -0.568897 1.038526 1.038526 1.038526
798.405945 0.000000 772.536743 0.000000 0.665363 0.000000 -0.746520 1.053655 1.053655 1.053655
938.351624 0.000000 726.900879 0.000000 0.558059 0.000000 -0.829801 1.101894 1.101894 1.101894
896.743835 0.000000 728.733215 0.000000 0.155618 0.000000 -0.987817 1.090053 1.090053 1.090053
936.275818 0.000000 726.585083 0.000000 0.357854 0.000000 -0.933778 1.069463 1.069463 1.069463
939.550964 0.000000 727.519775 0.000000 0.307070 0.000000 -0.951687 1.131037 1.131037 1.131037
928.330139 0.000000 788.594299 0.000000 0.041922 0.000000 -0.999121 0.730730 0.730730 0.730730
946.516357 0.000000 750.328308 0.000000 0.356545 0.000000 -0.934278 0.814336 0.814336 0.814336
903.386658 0.000000 779.512451 0.000000 0.856595 0.000000 -0.515990 1.034515 1.034515 1.034515
947.413452 0.000000 753.847473 0.000000 0.361840 0.000000 -0.932240 1.076430 1.076430 1.076430
904.383362 0.000000 779.268005 0.000000 0.460007 0.000000 -0.887915 1.069569 1.069569 1.069569
986.285767 0.000000 740.102112 0.000000 0.826309 0.000000 -0.563217 1.074942 1.074942 1.074942
812.662415 0.000000 841.361450 0.000000 0.316763 0.000000 -0.948505 0.768832 0.768832 0.768832
820.706360 0.000000 847.096619 0.000000 0.429187 0.000000 -0.903215 0.700506 0.700506 0.700506
808.389160 0.000000 844.411621 0.000000 0.356612 0.000000 -0.934253 0.713647 0.713647 0.713647
809.205444 0.000000 847.237549 0.000000 0.808399 0.000000 -0.588635 0.671125 0.671125 0.671125
806.825989 0.000000 846.237671 0.000000 0.334750 0.000000 -0.942307 1.078270 1.078270 1.078270
805.378662 0.000000 847.210449 0.000000 0.629001 0.000000 -0.777404 1.056693 1.056693 1.056693
802.603821 0.000000 846.958679 0.000000 0.857081 0.000000 -0.515181 1.035266 1.035266 1.035266
840.908508 0.000000 836.681274 0.000000 0.401656 0.000000 -0.915791 0.731897 0.731897 0.731897
872.974609 0.000000 802.302795 0.000000 0.183559 0.000000 -0.983009 0.770453 0.770453 0.770453
855.340027 0.000000 823.188721 0.000000 0.013808 0.000000 -0.999905 0.764128 0.764128 0.764128
834.268860 0.000000 844.215088 0.000000 0.412951 0.000000 -0.910753 0.683964 0.683964 0.683964
868.342041 0.000000 846.449890 0.000000 0.850899 0.000000 -0.525329 0.705408 0.705408 0.705408
875.407104 0.000000 835.009277 0.000000 0.363462 0.000000 -0.931609 0.686948 0.686948 0.686948
865.679993 0.000000 846.609009 0.000000 0.628339 0.000000 -0.777939 0.649879 0.649879 0.649879
833.725952 0.000000 833.685730 0.000000 0.117206 0.000000 -0.993108 1.014413 1.014413 1.014413
892.473206 0.000000 817.765320 0.000000 0.486120 0.000000 -0.873892 0.700225 0.700225 0.700225
832.850525 0.000000 831.345947 0.000000 0.316644 0.000000 -0.948544 0.705268 0.705268 0.705268
895.169312 0.000000 807.658936 0.000000 0.350438 0.000000 -0.936586 0.887679 0.887679 0.887679
840.987061 0.000000 845.489319 0.000000 0.216204 0.000000 -0.976348 0.721255 0.721255 0.721255
835.162231 0.000000 842.832947 0.000000 0.406731 0.000000 -0.913548 0.676432 0.676432 0.676432
870.706970 0.000000 799.338562 0.000000 0.491159 0.000000 -0.871070 1.068453 1.068453 1.068453
886.609131 0.000000 818.629822 0.000000 0.732229 0.000000 -0.681059 1.047696 1.047696 1.047696
859.529236 0.000000 821.467163 0.000000 0.099046 0.000000 -0.995083 1.093684 1.093684 1.093684
875.440918 0.000000 798.469604 0.000000 0.259947 0.000000 -0.965623 1.083259 1.083259 1.083259
852.063843 0.000000 831.655518 0.000000 0.518826 0.000000 -0.854880 0.748597 0.748597 0.748597
843.583191 0.000000 837.726074 0.000000 0.829477 0.000000 -0.558541 1.037728 1.037728 1.037728
870.073975 0.000000 800.627808 0.000000 0.727257 0.000000 -0.686365 1.060624 1.060624 1.060624
853.231140 0.000000 829.293701 0.000000 0.639357 0.000000 -0.768910 1.110220 1.110220 1.110220
877.556458 0.000000 836.424438 0.000000 0.483942 0.000000 -0.875100 1.067841 1.067841 1.067841
885.408569 0.000000 819.194946 0.000000 0.373311 0.000000 -0.927706 1.075644 1.075644 1.075644
893.038879 0.000000 809.122437 0.000000 0.519932 0.000000 -0.854207 0.954461 0.954461 0.954461
859.792847 0.000000 820.221985 0.000000 0.149025 0.000000 -0.988833 1.090477 1.090477 1.090477
887.424622 0.000000 815.050415 0.000000 0.198326 0.000000 -0.980136 1.087290 1.087290 1.087290
853.902283 0.000000 836.267639 0.000000 0.638142 0.000000 -0.769919 1.065154 1.065154 1.065154
894.710693 0.000000 829.007690 0.000000 0.373592 0.000000 -0.927593 1.159258 1.159258 1.159258
872.923889 0.000000 797.479370 0.000000 0.159857 0.000000 -0.987140 0.978937 0.978937 0.978937
895.246094 0.000000 826.790771 0.000000 0.111681 0.000000 -0.993744 1.092875 1.092875 1.092875
878.588318 0.000000 834.562561 0.000000 0.101570 0.000000 -0.994828 1.097924 1.097924 1.097924
883.089233 0.000000 819.778137 0.000000 0.039716 0.000000 -0.999211 1.097471 1.097471 1.097471
895.475037 0.000000 795.548462 0.000000 0.779404 0.000000 -0.626522 1.073531 1.073531 1.073531
882.699646 0.000000 821.834167 0.000000 0.225012 0.000000 -0.974356 1.117759 1.117759 1.117759
839.583435 0.000000 843.034546 0.000000 0.218740 0.000000 -0.975783 1.085961 1.085961 1.085961
842.690430 0.000000 837.143066 0.000000 0.635403 0.000000 -0.772180 1.056167 1.056167 1.056167
889.619629 0.000000 815.119995 0.000000 0.856265 0.000000 -0.516537 1.034556 1.034556 1.034556
837.068848 0.000000 844.407532 0.000000 0.470520 0.000000 -0.882389 1.068813 1.068813 1.068813
837.709595 0.000000 843.610718 0.000000 0.490464 0.000000 -0.871461 1.067365 1.067365 1.067365
895.351807 0.000000 812.475159 0.000000 0.438611 0.000000 -0.898677 1.129642 1.129642 1.129642
842.266785 0.000000 841.248291 0.000000 0.780318 0.000000 -0.625383 1.043011 1.043011 1.043011
890.491943 0.000000 813.513245 0.000000 0.853144 0.000000 -0.521676 1.034939 1.034939 1.034939
839.079895 0.000000 842.091980 0.000000 0.180435 0.000000 -0.983587 1.088450 1.088450 1.088450
838.509827 0.000000 845.628906 0.000000 0.299975 0.000000 -0.953947 1.080604 1.080604 1.080604
888.833740 0.000000 815.633728 0.000000 0.486055 0.000000 -0.873928 1.067687 1.067687 1.067687
866.603821 0.000000 846.958679 0.000000 0.431678 0.000000 -0.902028 1.071584 1.071584 1.071584
894.394653 0.000000 808.174988 0.000000 0.395386 0.000000 -0.918515 1.074122 1.074122 1.074122
875.474915 0.000000 797.544373 0.000000 0.323958 0.000000 -0.946071 1.078997 1.078997 1.078997
786.817444 0.000000 877.709534 0.000000 0.308596 0.000000 -0.951193 0.768801 0.768801 0.768801
771.837219 0.000000 870.827698 0.000000 0.761333 0.000000 -0.648361 0.643445 0.643445 0.643445
792.077576 0.000000 856.662109 0.000000 0.121437 0.000000 -0.992599 0.766439 0.766439 0.766439
809.650879 0.000000 856.552368 0.000000 0.780933 0.000000 -0.624614 0.626067 0.626067 0.626067
821.177551 0.000000 857.786072 0.000000 0.713848 0.000000 -0.700301 0.771508 0.771508 0.771508
786.362793 0.000000 879.902222 0.000000 0.483844 0.000000 -0.875154 0.673611 0.673611 0.673611
810.440002 0.000000 859.489441 0.000000 0.795567 0.000000 -0.605866 1.082389 1.082389 1.082389
782.469421 0.000000 865.924194 0.000000 0.467587 0.000000 -0.883947 1.059512 1.059512 1.059512
789.918884 0.000000 858.773010 0.000000 0.507728 0.000000 -0.861517 0.975496 0.975496 0.975496
783.446350 0.000000 863.283691 0.000000 0.569630 0.000000 -0.821901 1.061417 1.061417 1.061417
774.267395 0.000000 871.705688 0.000000 0.746761 0.000000 -0.665093 0.843704 0.843704 0.843704
785.469116 0.000000 865.004089 0.000000 0.512620 0.000000 -0.858616 0.936853 0.936853 0.936853
774.813965 0.000000 869.029663 0.000000 0.319488 0.000000 -0.947590 1.027055 1.027055 1.027055
822.908264 0.000000 859.139648 0.000000 0.787059 0.000000 -0.616878 1.083147 1.083147 1.083147
805.086060 0.000000 873.636536 0.000000 0.014196 0.000000 -0.999899 1.183037 1.183037 1.183037
809.923035 0.000000 872.417542 0.000000 0.723123 0.000000 -0.690719 1.076533 1.076533 1.076533
831.423401 0.000000 850.740906 0.000000 0.001000 0.000000 -1.000000 1.099936 1.099936 1.099936
783.028870 0.000000 860.371521 0.000000 0.392944 0.000000 -0.919562 1.074291 1.074291 1.074291
825.981567 0.000000 852.893188 0.000000 0.120981 0.000000 -0.992655 0.980490 0.980490 0.980490
827.996826 0.000000 854.534546 0.000000 0.300609 0.000000 -0.953747 0.906274 0.906274 0.906274
822.395020 0.000000 857.328857 0.000000 0.383345 0.000000 -0.923605 1.074954 1.074954 1.074954
784.268188 0.000000 859.543762 0.000000 0.263425 0.000000 -0.964680 1.149453 1.149453 1.149453
807.881531 0.000000 847.328857 0.000000 0.654073 0.000000 -0.756432 1.054612 1.054612 1.054612
768.489380 0.000000 878.687683 0.000000 0.839471 0.000000 -0.543404 1.035680 1.035680 1.035680
784.122192 0.000000 858.199341 0.000000 0.675626 0.000000 -0.737245 1.094994 1.094994 1.094994
805.454834 0.000000 876.449524 0.000000 0.027489 0.000000 -0.999622 1.098250 1.098250 1.098250
769.237854 0.000000 883.587646 0.000000 0.187321 0.000000 -0.982299 1.137700 1.137700 1.137700
823.309509 0.000000 855.511169 0.000000 0.279537 0.000000 -0.960135 1.081964 1.081964 1.081964
821.988647 0.000000 858.504883 0.000000 0.808465 0.000000 -0.588544 1.025746 1.025746 1.025746
827.028137 0.000000 852.669495 0.000000 0.783692 0.000000 -0.621149 1.042667 1.042667 1.042667
806.730835 0.000000 872.858704 0.000000 0.328382 0.000000 -0.944545 1.078699 1.078699 1.078699
810.282898 0.000000 860.771362 0.000000 0.661865 0.000000 -0.749623 1.053953 1.053953 1.053953
804.296204 0.000000 874.250793 0.000000 0.418222 0.000000 -0.908345 1.072531 1.072531 1.072531
802.059082 0.000000 848.445068 0.000000 0.238706 0.000000 -0.971092 1.106566 1.106566 1.106566
792.755554 0.000000 849.793274 0.000000 0.253684 0.000000 -0.967287 1.083672 1.083672 1.083672
829.943359 0.000000 853.276306 0.000000 0.445681 0.000000 -0.895192 1.070592 1.070592 1.070592
782.527893 0.000000 863.433533 0.000000 0.736804 0.000000 -0.676107 1.047267 1.047267 1.047267
868.575256 0.000000 849.654602 0.000000 0.788121 0.000000 -0.615520 0.633833 0.633833 0.633833
865.049316 0.000000 848.515930 0.000000 0.367976 0.000000 -0.929835 0.706122 0.706122 0.706122
892.313171 0.000000 871.020508 0.000000 0.526506 0.000000 -0.850171 0.778905 0.778905 0.778905
846.213379 0.000000 848.970581 0.000000 0.215819 0.000000 -0.976433 0.998234 0.998234 0.998234
841.676575 0.000000 861.942139 0.000000 0.390298 0.000000 -0.920689 1.074474 1.074474 1.074474
847.104980 0.000000 850.168213 0.000000 0.387009 0.000000 -0.922076 1.074702 1.074702 1.074702
839.231812 0.000000 860.504883 0.000000 0.254441 0.000000 -0.967088 1.083622 1.083622 1.083622
856.874268 0.000000 865.280762 0.000000 0.124038 0.000000 -0.992278 1.092083 1.092083 1.092083
846.622864 0.000000 851.976929 0.000000 0.644965 0.000000 -0.764212 1.055374 1.055374 1.055374
837.529236 0.000000 850.755554 0.000000 0.576771 0.000000 -0.816906 1.083372 1.083372 1.083372
840.409363 0.000000 862.085083 0.000000 0.267943 0.000000 -0.963435 1.079856 1.079856 1.079856
848.913574 0.000000 851.048584 0.000000 0.761094 0.000000 -0.648642 1.044932 1.044932 1.044932
837.924316 0.000000 862.905090 0.000000 0.226884 0.000000 -0.973922 1.120273 1.120273 1.120273
839.536682 0.000000 861.506897 0.000000 0.662183 0.000000 -0.749342 1.053926 1.053926 1.053926
867.494507 0.000000 849.964050 0.000000 0.275192 0.000000 -0.961389 1.082252 1.082252 1.082252
843.088379 0.000000 859.863708 0.000000 0.799026 0.000000 -0.601296 1.041070 1.041070 1.041070
843.445007 0.000000 861.414917 0.000000 0.104225 0.000000 -0.994554 1.093353 1.093353 1.093353
839.262451 0.000000 859.022583 0.000000 0.098075 0.000000 -0.995179 1.124627 1.124627 1.124627
843.201538 0.000000 858.597961 0.000000 0.730873 0.000000 -0.682513 1.047823 1.047823 1.047823
902.474854 0.000000 805.371887 0.000000 0.664787 0.000000 -0.747033 0.627943 0.627943 0.627943
939.072021 0.000000 801.359741 0.000000 0.373396 0.000000 -0.927672 0.752306 0.752306 0.752306
900.846680 0.000000 805.688538 0.000000 0.617718 0.000000 -0.786400 0.776790 0.776790 0.776790
899.452759 0.000000 830.753784 0.000000 0.331487 0.000000 -0.943460 1.161597 1.161597 1.161597
897.375488 0.000000 793.173218 0.000000 0.629692 0.000000 -0.776845 1.089952 1.089952 1.089952
896.368958 0.000000 830.308411 0.000000 0.394616 0.000000 -0.918846 1.036789 1.036789 1.036789
897.237854 0.000000 827.103271 0.000000 0.742109 0.000000 -0.670279 1.046765 1.046765 1.046765
897.787170 0.000000 806.120483 0.000000 0.706975 0.000000 -0.707238 1.050012 1.050012 1.050012
898.988831 0.000000 807.187744 0.000000 0.207852 0.000000 -0.978160 1.086671 1.086671 1.086671
993.641785 0.000000 808.859863 0.000000 0.789846 0.000000 -0.613305 0.606069 0.606069 0.606069
990.394470 0.000000 808.827576 0.000000 0.841167 0.000000 -0.540776 0.738711 0.738711 0.738711
938.638855 0.000000 897.698242 0.000000 0.767022 0.000000 -0.641621 0.697186 0.697186 0.697186
908.061951 0.000000 868.571045 0.000000 0.549289 0.000000 -0.835633 0.650040 0.650040 0.650040
939.248169 0.000000 894.462646 0.000000 0.605629 0.000000 -0.795747 0.705541 0.705541 0.705541
1026.009399 0.000000 698.861267 0.000000 0.618962 0.000000 -0.785421 1.105513 1.105513 1.105513
1029.319580 0.000000 697.780945 0.000000 0.482447 0.000000 -0.875925 1.067950 1.067950 1.067950
1027.154541 0.000000 698.564453 0.000000 0.718967 0.000000 -0.695044 1.086097 1.086097 1.086097
17.256926 0.000000 994.949219 0.000000 0.640926 0.000000 -0.767603 0.681877 0.681877 0.681877
18.727882 0.000000 994.392456 0.000000 0.402974 0.000000 -0.915212 0.747344 0.747344 0.747344
19.525003 0.000000 997.168213 0.000000 0.738675 0.000000 -0.674061 1.047090 1.047090 1.047090
18.823421 0.000000 996.372864 0.000000 0.303949 0.000000 -0.952688 1.080339 1.080339 1.080339
130.552780 0.000000 1016.310608 0.000000 0.655408 0.000000 -0.755275 0.661895 0.661895 0.661895
19.704063 0.000000 1030.483032 0.000000 0.109506 0.000000 -0.993986 1.150499 1.150499 1.150499
127.509995 0.000000 1053.937256 0.000000 0.640881 0.000000 -0.767641 0.642562 0.642562 0.642562
120.096588 0.000000 1044.362671 0.000000 0.023883 0.000000 -0.999715 0.791383 0.791383 0.791383
106.440414 0.000000 1032.927734 0.000000 0.692388 0.000000 -0.721525 0.633712 0.633712 0.633712
118.609161 0.000000 1044.567383 0.000000 0.853328 0.000000 -0.521375 0.780043 0.780043 0.780043
105.447281 0.000000 1033.624146 0.000000 0.852013 0.000000 -0.523520 1.072709 1.072709 1.072709
111.897568 0.000000 1028.404297 0.000000 0.109680 0.000000 -0.993967 1.204607 1.204607 1.204607
114.626297 0.000000 1027.860840 0.000000 0.857063 0.000000 -0.515212 1.034457 1.034457 1.034457
19.576488 0.000000 1108.654785 0.000000 0.052902 0.000000 -0.998600 0.774544 0.774544 0.774544
17.688276 0.000000 1101.429932 0.000000 0.163629 0.000000 -0.986522 0.719626 0.719626 0.719626
21.555716 0.000000 1077.288208 0.000000 0.113732 0.000000 -0.993511 1.158210 1.158210 1.158210
21.654493 0.000000 1107.115967 0.000000 0.302518 0.000000 -0.953144 1.080435 1.080435 1.080435
20.371307 0.000000 1109.443604 0.000000 0.634814 0.000000 -0.772665 1.056215 1.056215 1.056215
20.944990 0.000000 1106.487427 0.000000 0.433013 0.000000 -0.901388 1.071490 1.071490 1.071490
122.915985 0.000000 1085.954224 0.000000 0.824309 0.000000 -0.566141 1.038313 1.038313 1.038313
130.356857 0.000000 1021.616943 0.000000 0.859212 0.000000 -0.511619 0.603578 0.603578 0.603578
128.090134 0.000000 1020.014343 0.000000 0.435926 0.000000 -0.899982 0.686597 0.686597 0.686597
128.371521 0.000000 1021.803589 0.000000 0.532755 0.000000 -0.846269 0.668135 0.668135 0.668135
128.523315 0.000000 1018.374817 0.000000 0.062310 0.000000 -0.998057 0.732701 0.732701 0.732701
131.040756 0.000000 1064.764282 0.000000 0.170886 0.000000 -0.985291 1.089067 1.089067 1.089067
134.395355 0.000000 1103.258789 0.000000 0.172463 0.000000 -0.985016 0.745440 0.745440 0.745440
137.676559 0.000000 1087.879639 0.000000 0.180084 0.000000 -0.983651 0.869985 0.869985 0.869985
134.510254 0.000000 1089.803589 0.000000 0.034655 0.000000 -0.999399 1.100094 1.100094 1.100094
133.506027 0.000000 1102.673706 0.000000 0.356561 0.000000 -0.934272 1.076790 1.076790 1.076790
140.040543 0.000000 1091.975586 0.000000 0.744819 0.000000 -0.667267 1.092467 1.092467 1.092467
132.713715 0.000000 1102.031738 0.000000 0.863800 0.000000 -0.503835 1.033616 1.033616 1.033616
138.184921 0.000000 1089.886230 0.000000 0.637815 0.000000 -0.770190 1.055968 1.055968 1.055968
230.826294 0.000000 1079.939209 0.000000 0.688443 0.000000 -0.725290 0.782320 0.782320 0.782320
334.755768 0.000000 969.682434 0.000000 0.073202 0.000000 -0.997317 0.838955 0.838955 0.838955
322.932648 0.000000 984.395447 0.000000 0.156113 0.000000 -0.987739 1.090021 1.090021 1.090021
386.034821 0.000000 929.835754 0.000000 0.617253 0.000000 -0.786765 1.057649 1.057649 1.057649
387.740173 0.000000 931.322205 0.000000 0.397777 0.000000 -0.917482 1.073956 1.073956 1.073956
427.601624 0.000000 1013.134460 0.000000 0.352424 0.000000 -0.935841 0.705373 0.705373 0.705373
434.750305 0.000000 1000.787659 0.000000 0.737533 0.000000 -0.675311 0.631322 0.631322 0.631322
104.727783 0.000000 1172.501099 0.000000 0.109257 0.000000 -0.994013 1.093031 1.093031 1.093031
89.742409 0.000000 1215.223145 0.000000 0.703913 0.000000 -0.710286 1.050287 1.050287 1.050287
158.530106 0.000000 1209.631958 0.000000 0.099734 0.000000 -0.995014 0.820029 0.820029 0.820029
186.511627 0.000000 1206.681885 0.000000 0.569237 0.000000 -0.822174 0.700609 0.700609 0.700609
145.256927 0.000000 1220.886719 0.000000 0.846451 0.000000 -0.532467 0.617965 0.617965 0.617965
162.015045 0.000000 1206.667358 0.000000 0.759506 0.000000 -0.650500 0.649852 0.649852 0.649852
175.145569 0.000000 1204.319702 0.000000 0.159009 0.000000 -0.987277 0.780599 0.780599 0.780599
183.794861 0.000000 1199.178101 0.000000 0.735320 0.000000 -0.677720 0.640267 0.640267 0.640267
237.585236 0.000000 1196.604980 0.000000 0.725643 0.000000 -0.688071 0.630433 0.630433 0.630433
210.929276 0.000000 1191.646118 0.000000 0.825779 0.000000 -0.563994 0.871488 0.871488 0.871488
185.205994 0.000000 1308.767090 0.000000 0.191980 0.000000 -0.981399 0.703778 0.703778 0.703778
184.379440 0.000000 1313.521362 0.000000 0.371018 0.000000 -0.928626 1.054122 1.054122 1.054122
189.294662 0.000000 1314.656006 0.000000 0.697017 0.000000 -0.717054 0.932462 0.932462 0.932462
186.650726 0.000000 1310.318604 0.000000 0.069448 0.000000 -0.997586 1.095575 1.095575 1.095575
182.497467 0.000000 1312.304565 0.000000 0.129898 0.000000 -0.991527 1.110298 1.110298 1.110298
170.742493 0.000000 1323.330322 0.000000 0.704939 0.000000 -0.709268 1.050195 1.050195 1.050195
199.620758 0.000000 1305.369873 0.000000 0.808092 0.000000 -0.589057 0.788259 0.788259 0.788259
203.583923 0.000000 1302.698242 0.000000 0.453183 0.000000 -0.891418 1.070058 1.070058 1.070058
198.753448 0.000000 1304.305298 0.000000 0.764737 0.000000 -0.644343 0.799637 0.799637 0.799637
203.238449 0.000000 1305.281738 0.000000 0.201002 0.000000 -0.979591 1.087116 1.087116 1.087116
769.657837 0.000000 904.253723 0.000000 0.528776 0.000000 -0.848761 0.725331 0.725331 0.725331
777.352478 0.000000 905.359619 0.000000 0.353844 0.000000 -0.935305 1.076975 1.076975 1.076975
778.381287 0.000000 905.147583 0.000000 0.864841 0.000000 -0.502046 1.033484 1.033484 1.033484
885.071411 0.000000 908.491272 0.000000 0.806393 0.000000 -0.591381 0.718049 0.718049 0.718049
136.614334 0.000000 1369.153809 0.000000 0.765837 0.000000 -0.643035 0.625810 0.625810 0.625810
135.231827 0.000000 1368.864258 0.000000 0.244869 0.000000 -0.969556 0.940500 0.940500 0.940500
413.510223 0.000000 1369.687988 0.000000 0.547716 0.000000 -0.836665 0.841716 0.841716 0.841716
493.311035 0.000000 2011.302979 0.000000 0.487330 0.000000 -0.873218 0.719880 0.719880 0.719880
462.604950 0.000000 2024.530151 0.000000 0.496505 0.000000 -0.868034 0.711399 0.711399 0.711399
464.310577 0.000000 2024.548584 0.000000 0.075425 0.000000 -0.997151 0.810992 0.810992 0.810992
465.775757 0.000000 2024.526367 0.000000 0.847609 0.000000 -0.530622 0.665423 0.665423 0.665423
462.090912 0.000000 2020.986938 0.000000 0.280518 0.000000 -0.959849 1.081899 1.081899 1.081899
494.219696 0.000000 2008.144775 0.000000 0.762017 0.000000 -0.647557 1.056448 1.056448 1.056448
463.000977 0.000000 2020.637085 0.000000 0.819948 0.000000 -0.572438 1.038800 1.038800 1.038800
564.365417 0.000000 1959.734985 0.000000 0.032920 0.000000 -0.999458 0.831146 0.831146 0.831146
543.373413 0.000000 1963.901855 0.000000 0.328360 0.000000 -0.944553 0.704159 0.704159 0.704159
558.671448 0.000000 1966.923218 0.000000 0.494955 0.000000 -0.868919 0.694407 0.694407 0.694407
561.031494 0.000000 1966.807251 0.000000 0.213995 0.000000 -0.976835 0.720751 0.720751 0.720751
545.987366 0.000000 1958.082397 0.000000 0.234269 0.000000 -0.972172 0.714364 0.714364 0.714364
546.967773 0.000000 1955.211426 0.000000 0.705692 0.000000 -0.708519 0.631568 0.631568 0.631568
545.128357 0.000000 1961.231934 0.000000 0.496707 0.000000 -0.867918 0.673568 0.673568 0.673568
559.960388 0.000000 1963.420532 0.000000 0.127675 0.000000 -0.991816 1.091850 1.091850 1.091850
557.556458 0.000000 1966.111938 0.000000 0.231025 0.000000 -0.972948 1.151281 1.151281 1.151281
560.927490 0.000000 1965.484741 0.000000 0.481857 0.000000 -0.876250 1.061382 1.061382 1.061382
560.317139 0.000000 1962.200073 0.000000 0.536744 0.000000 -0.843745 1.080478 1.080478 1.080478
547.060913 0.000000 1975.785645 0.000000 0.642348 0.000000 -0.766413 1.057958 1.057958 1.057958
549.869934 0.000000 1973.396851 0.000000 0.142567 0.000000 -0.989785 1.091247 1.091247 1.091247
"}
