object={
	name="palm_dense_generator_3_0"
	clamp_to_water_level=no
	render_under_water=no
	generated_content=yes
	layer="semidynamic_high"
	pdxmesh="tree_palm_01_mesh"
	count=226
	transform="502.280457 0.000000 724.391846 0.000000 0.040733 0.000000 0.999170 0.240441 0.240441 0.240441
509.975861 0.000000 774.982727 0.000000 0.397316 0.000000 0.917682 0.315029 0.315029 0.315029
498.309204 0.000000 770.109375 0.000000 0.693126 0.000000 0.720816 0.669434 0.669434 0.669434
494.767212 0.000000 774.109741 0.000000 0.592486 0.000000 0.805581 0.720957 0.720957 0.720957
457.080170 0.000000 744.147095 0.000000 0.129474 0.000000 0.991583 0.744402 0.744402 0.744402
463.350983 0.000000 744.572266 0.000000 0.700170 0.000000 0.713976 0.780025 0.780025 0.780025
510.800201 0.000000 774.911560 0.000000 0.093936 0.000000 0.995578 0.905989 0.905989 0.905989
376.742157 0.000000 820.675110 0.000000 0.248433 0.000000 0.968649 0.234605 0.234605 0.234605
381.160095 0.000000 825.190247 0.000000 0.401920 0.000000 0.915675 0.757822 0.757822 0.757822
380.832642 0.000000 824.119202 0.000000 0.558224 0.000000 0.829690 0.784613 0.784613 0.784613
378.701569 0.000000 823.427612 0.000000 0.512267 0.000000 0.858826 0.934239 0.934239 0.934239
379.613556 0.000000 824.338745 0.000000 0.179641 0.000000 0.983732 0.911499 0.911499 0.911499
462.511963 0.000000 801.415649 0.000000 0.254674 0.000000 0.967027 0.450217 0.450217 0.450217
460.557281 0.000000 802.372192 0.000000 0.652721 0.000000 0.757599 0.945274 0.945274 0.945274
619.765381 0.000000 707.096802 0.000000 0.448255 0.000000 0.893906 0.311552 0.311552 0.311552
578.894226 0.000000 730.672729 0.000000 0.105087 0.000000 0.994463 0.880360 0.880360 0.880360
620.599792 0.000000 707.288452 0.000000 0.394677 0.000000 0.918820 0.845549 0.845549 0.845549
621.972290 0.000000 708.182861 0.000000 0.194200 0.000000 0.980962 0.912442 0.912442 0.912442
579.833191 0.000000 730.425903 0.000000 0.390870 0.000000 0.920446 0.904548 0.904548 0.904548
695.794861 0.000000 690.818726 0.000000 0.577146 0.000000 0.816641 0.308554 0.308554 0.308554
653.185242 0.000000 712.781799 0.000000 0.511911 0.000000 0.859038 0.934212 0.934212 0.934212
652.707031 0.000000 713.954163 0.000000 0.853914 0.000000 0.520414 0.965156 0.965156 0.965156
658.995972 0.000000 707.469055 0.000000 0.148902 0.000000 0.988852 0.909515 0.909515 0.909515
734.970642 0.000000 679.639343 0.000000 0.781334 0.000000 0.624113 0.934881 0.934881 0.934881
695.893372 0.000000 834.286011 0.000000 0.059916 0.000000 0.998203 0.227858 0.227858 0.227858
689.324829 0.000000 826.378479 0.000000 0.655938 0.000000 0.754815 0.340160 0.340160 0.340160
673.751282 0.000000 830.757874 0.000000 0.863319 0.000000 0.504659 0.769473 0.769473 0.769473
672.251221 0.000000 831.989014 0.000000 0.715435 0.000000 0.698679 0.730883 0.730883 0.730883
692.704163 0.000000 829.224670 0.000000 0.865456 0.000000 0.500984 0.926507 0.926507 0.926507
671.487610 0.000000 832.631653 0.000000 0.614206 0.000000 0.789145 0.942105 0.942105 0.942105
689.021729 0.000000 830.010315 0.000000 0.130348 0.000000 0.991468 0.908322 0.908322 0.908322
671.374451 0.000000 833.421082 0.000000 0.753207 0.000000 0.657783 0.954299 0.954299 0.954299
694.948242 0.000000 826.287598 0.000000 0.325848 0.000000 0.945422 0.898861 0.898861 0.898861
688.527344 0.000000 828.124023 0.000000 0.416555 0.000000 0.909110 0.927353 0.927353 0.927353
696.833740 0.000000 830.414185 0.000000 0.612817 0.000000 0.790225 0.941993 0.941993 0.941993
670.710693 0.000000 832.238464 0.000000 0.368341 0.000000 0.929691 0.924015 0.924015 0.924015
652.241821 0.000000 849.530457 0.000000 0.809591 0.000000 0.586994 0.399216 0.399216 0.399216
650.473694 0.000000 853.068115 0.000000 0.342486 0.000000 0.939523 0.922254 0.922254 0.922254
767.586365 0.000000 900.700195 0.000000 0.518742 0.000000 0.854931 0.276128 0.276128 0.276128
732.720093 0.000000 887.774780 0.000000 0.272569 0.000000 0.962136 0.261936 0.261936 0.261936
765.535767 0.000000 901.441162 0.000000 0.335080 0.000000 0.942190 0.286891 0.286891 0.286891
758.835144 0.000000 884.940186 0.000000 0.728483 0.000000 0.685064 0.382713 0.382713 0.382713
765.190369 0.000000 902.687805 0.000000 0.843624 0.000000 0.536934 0.546630 0.546630 0.546630
764.293213 0.000000 903.588440 0.000000 0.085363 0.000000 0.996350 0.399767 0.399767 0.399767
742.235291 0.000000 884.750122 0.000000 0.803438 0.000000 0.595389 0.636604 0.636604 0.636604
726.346069 0.000000 890.530701 0.000000 0.514881 0.000000 0.857262 0.653813 0.653813 0.653813
724.484253 0.000000 872.039062 0.000000 0.298340 0.000000 0.954460 0.685457 0.685457 0.685457
757.687012 0.000000 883.294617 0.000000 0.454583 0.000000 0.890704 0.663692 0.663692 0.663692
736.251221 0.000000 888.473389 0.000000 0.432813 0.000000 0.901484 0.740724 0.740724 0.740724
733.107239 0.000000 888.721497 0.000000 0.342385 0.000000 0.939560 0.872851 0.872851 0.872851
740.282410 0.000000 889.798706 0.000000 0.145724 0.000000 0.989325 0.909310 0.909310 0.909310
757.175598 0.000000 874.684937 0.000000 0.444910 0.000000 0.895575 0.866186 0.866186 0.866186
741.347107 0.000000 889.315979 0.000000 0.840738 0.000000 0.541443 0.963576 0.963576 0.963576
738.762207 0.000000 889.098022 0.000000 0.511031 0.000000 0.859563 0.934147 0.934147 0.934147
736.096436 0.000000 890.257202 0.000000 0.601732 0.000000 0.798698 0.941104 0.941104 0.941104
767.328674 0.000000 878.272278 0.000000 0.113796 0.000000 0.993504 0.852707 0.852707 0.852707
735.374451 0.000000 889.905457 0.000000 0.604463 0.000000 0.796633 0.941323 0.941323 0.941323
739.277893 0.000000 888.471558 0.000000 0.266946 0.000000 0.963711 0.917203 0.917203 0.917203
841.525330 0.000000 756.344604 0.000000 0.458887 0.000000 0.888495 0.327515 0.327515 0.327515
938.709351 0.000000 726.047058 0.000000 0.499772 0.000000 0.866157 0.890953 0.890953 0.890953
904.237366 0.000000 782.323425 0.000000 0.584123 0.000000 0.811665 0.315945 0.315945 0.315945
900.189880 0.000000 779.460144 0.000000 0.499132 0.000000 0.866526 0.315117 0.315117 0.315117
944.663086 0.000000 752.952820 0.000000 0.134169 0.000000 0.990958 0.268191 0.268191 0.268191
905.122314 0.000000 781.358521 0.000000 0.050598 0.000000 0.998719 0.523383 0.523383 0.523383
987.286194 0.000000 740.104065 0.000000 0.060329 0.000000 0.998179 0.776244 0.776244 0.776244
1010.802734 0.000000 735.346741 0.000000 0.408777 0.000000 0.912634 0.926809 0.926809 0.926809
1012.323975 0.000000 735.916077 0.000000 0.171897 0.000000 0.985115 0.910998 0.910998 0.910998
1013.484009 0.000000 736.812134 0.000000 0.853269 0.000000 0.521472 0.965077 0.965077 0.965077
1013.949829 0.000000 736.141479 0.000000 0.574700 0.000000 0.818364 0.938976 0.938976 0.938976
1013.364563 0.000000 734.666260 0.000000 0.327824 0.000000 0.944739 0.921263 0.921263 0.921263
803.578003 0.000000 846.848633 0.000000 0.058876 0.000000 0.998265 0.901486 0.901486 0.901486
843.406189 0.000000 823.852051 0.000000 0.322015 0.000000 0.946735 0.237016 0.237016 0.237016
867.217346 0.000000 801.619812 0.000000 0.741692 0.000000 0.670740 0.360962 0.360962 0.360962
857.034546 0.000000 822.727783 0.000000 0.058163 0.000000 0.998307 0.232073 0.232073 0.232073
885.071411 0.000000 795.522522 0.000000 0.479709 0.000000 0.877428 0.318404 0.318404 0.318404
842.112854 0.000000 827.938110 0.000000 0.358344 0.000000 0.933590 0.413141 0.413141 0.413141
875.365051 0.000000 833.769104 0.000000 0.539161 0.000000 0.842203 0.349629 0.349629 0.349629
893.613831 0.000000 817.352417 0.000000 0.484965 0.000000 0.874533 0.378007 0.378007 0.378007
852.037048 0.000000 830.529907 0.000000 0.219633 0.000000 0.975583 0.377194 0.377194 0.377194
873.730042 0.000000 796.753296 0.000000 0.700095 0.000000 0.714050 0.620898 0.620898 0.620898
891.311951 0.000000 811.900269 0.000000 0.065514 0.000000 0.997852 0.793692 0.793692 0.793692
889.849976 0.000000 818.370850 0.000000 0.444216 0.000000 0.895920 0.693731 0.693731 0.693731
870.424744 0.000000 798.379089 0.000000 0.144177 0.000000 0.989552 0.688921 0.688921 0.688921
840.579224 0.000000 827.240601 0.000000 0.358597 0.000000 0.933492 0.739569 0.739569 0.739569
881.642700 0.000000 818.470459 0.000000 0.658771 0.000000 0.752344 0.910066 0.910066 0.910066
840.918518 0.000000 824.314819 0.000000 0.324403 0.000000 0.945919 0.854143 0.854143 0.854143
888.857300 0.000000 812.190186 0.000000 0.207787 0.000000 0.978174 0.913325 0.913325 0.913325
879.706421 0.000000 820.784729 0.000000 0.813853 0.000000 0.581070 0.960527 0.960527 0.960527
873.935181 0.000000 799.213440 0.000000 0.142009 0.000000 0.989865 0.909071 0.909071 0.909071
852.163574 0.000000 828.389282 0.000000 0.498602 0.000000 0.866831 0.835918 0.835918 0.835918
869.216797 0.000000 800.930725 0.000000 0.746377 0.000000 0.665524 0.953642 0.953642 0.953642
891.415405 0.000000 817.241943 0.000000 0.155873 0.000000 0.987777 0.707787 0.707787 0.707787
894.648743 0.000000 826.117188 0.000000 0.365223 0.000000 0.930920 0.923801 0.923801 0.923801
886.330505 0.000000 817.794434 0.000000 0.732590 0.000000 0.680670 0.952338 0.952338 0.952338
885.175598 0.000000 818.200562 0.000000 0.294637 0.000000 0.955609 0.919040 0.919040 0.919040
852.676758 0.000000 829.949829 0.000000 0.157683 0.000000 0.987490 0.784127 0.784127 0.784127
878.713257 0.000000 820.405090 0.000000 0.682312 0.000000 0.731061 0.947805 0.947805 0.947805
887.281067 0.000000 816.511536 0.000000 0.417878 0.000000 0.908503 0.927445 0.927445 0.927445
870.745728 0.000000 800.153381 0.000000 0.301799 0.000000 0.953372 0.898687 0.898687 0.898687
842.843262 0.000000 839.868835 0.000000 0.029931 0.000000 0.999552 0.901906 0.901906 0.901906
884.506592 0.000000 821.797913 0.000000 0.347582 0.000000 0.937650 0.891639 0.891639 0.891639
888.638733 0.000000 813.791321 0.000000 0.627471 0.000000 0.778640 0.943182 0.943182 0.943182
884.323975 0.000000 792.400452 0.000000 0.624766 0.000000 0.780812 0.942961 0.942961 0.942961
889.955322 0.000000 817.240540 0.000000 0.561396 0.000000 0.827547 0.937947 0.937947 0.937947
879.481995 0.000000 834.367859 0.000000 0.730687 0.000000 0.682712 0.949909 0.949909 0.949909
859.946838 0.000000 819.342651 0.000000 0.335812 0.000000 0.941929 0.921802 0.921802 0.921802
885.949829 0.000000 792.625854 0.000000 0.451377 0.000000 0.892333 0.929813 0.929813 0.929813
858.823853 0.000000 821.177185 0.000000 0.316547 0.000000 0.948577 0.920505 0.920505 0.920505
828.727539 0.000000 849.760132 0.000000 0.573043 0.000000 0.819526 0.308269 0.308269 0.308269
795.119934 0.000000 849.214294 0.000000 0.500513 0.000000 0.865729 0.313831 0.313831 0.313831
819.663757 0.000000 848.434021 0.000000 0.606967 0.000000 0.794727 0.358623 0.358623 0.358623
795.322571 0.000000 871.735596 0.000000 0.093051 0.000000 0.995661 0.287543 0.287543 0.287543
791.035400 0.000000 857.702759 0.000000 0.456603 0.000000 0.889670 0.329574 0.329574 0.329574
821.144775 0.000000 856.586609 0.000000 0.809219 0.000000 0.587507 0.546325 0.546325 0.546325
831.475037 0.000000 852.032837 0.000000 0.755566 0.000000 0.655072 0.471926 0.471926 0.471926
807.998413 0.000000 870.691345 0.000000 0.157319 0.000000 0.987548 0.389055 0.389055 0.389055
800.682068 0.000000 864.679932 0.000000 0.590383 0.000000 0.807124 0.592568 0.592568 0.592568
775.460754 0.000000 868.208618 0.000000 0.147117 0.000000 0.989119 0.601497 0.601497 0.601497
769.989685 0.000000 880.342773 0.000000 0.447935 0.000000 0.894066 0.863279 0.863279 0.863279
769.447266 0.000000 878.887573 0.000000 0.166264 0.000000 0.986081 0.744016 0.744016 0.744016
808.559814 0.000000 873.951538 0.000000 0.307849 0.000000 0.951435 0.782823 0.782823 0.782823
793.470398 0.000000 873.126587 0.000000 0.648079 0.000000 0.761573 0.873150 0.873150 0.873150
783.258301 0.000000 864.186768 0.000000 0.642917 0.000000 0.765936 0.757485 0.757485 0.757485
805.791992 0.000000 847.350403 0.000000 0.495186 0.000000 0.868787 0.932980 0.932980 0.932980
805.860962 0.000000 873.161438 0.000000 0.387838 0.000000 0.921728 0.862127 0.862127 0.862127
782.756409 0.000000 865.085999 0.000000 0.181522 0.000000 0.983387 0.677875 0.677875 0.677875
828.598145 0.000000 852.027588 0.000000 0.477983 0.000000 0.878369 0.931726 0.931726 0.931726
768.796082 0.000000 882.740906 0.000000 0.613377 0.000000 0.789790 0.909306 0.909306 0.909306
785.608704 0.000000 879.383118 0.000000 0.848844 0.000000 0.528643 0.964540 0.964540 0.964540
773.199158 0.000000 870.586426 0.000000 0.387110 0.000000 0.922034 0.921790 0.921790 0.921790
812.847717 0.000000 859.926331 0.000000 0.532661 0.000000 0.846329 0.935762 0.935762 0.935762
792.412354 0.000000 898.532227 0.000000 0.141952 0.000000 0.989874 0.909068 0.909068 0.909068
803.844788 0.000000 849.140198 0.000000 0.792400 0.000000 0.610002 0.947424 0.947424 0.947424
792.190063 0.000000 872.145752 0.000000 0.491993 0.000000 0.870599 0.846291 0.846291 0.846291
785.948120 0.000000 861.470032 0.000000 0.704776 0.000000 0.709430 0.916711 0.916711 0.916711
829.407104 0.000000 851.822998 0.000000 0.117961 0.000000 0.993018 0.907527 0.907527 0.907527
792.270203 0.000000 848.126099 0.000000 0.700021 0.000000 0.714122 0.949365 0.949365 0.949365
787.006714 0.000000 860.565369 0.000000 0.424201 0.000000 0.905568 0.905831 0.905831 0.905831
827.592957 0.000000 853.797668 0.000000 0.712073 0.000000 0.702105 0.950449 0.950449 0.950449
828.507996 0.000000 853.831055 0.000000 0.332377 0.000000 0.943147 0.921570 0.921570 0.921570
849.011353 0.000000 848.602783 0.000000 0.605588 0.000000 0.795778 0.518245 0.518245 0.518245
848.053284 0.000000 852.625977 0.000000 0.430800 0.000000 0.902448 0.434559 0.434559 0.434559
836.471130 0.000000 850.909668 0.000000 0.073760 0.000000 0.997276 0.718524 0.718524 0.718524
840.499146 0.000000 863.592529 0.000000 0.150928 0.000000 0.988545 0.656394 0.656394 0.656394
838.836853 0.000000 862.822449 0.000000 0.048214 0.000000 0.998837 0.820966 0.820966 0.820966
857.045837 0.000000 864.431885 0.000000 0.370199 0.000000 0.928952 0.924142 0.924142 0.924142
848.607117 0.000000 851.868347 0.000000 0.155909 0.000000 0.987771 0.909966 0.909966 0.909966
837.549561 0.000000 865.802612 0.000000 0.606084 0.000000 0.795401 0.920788 0.920788 0.920788
849.569214 0.000000 851.556641 0.000000 0.744690 0.000000 0.667411 0.953481 0.953481 0.953481
837.821899 0.000000 864.257812 0.000000 0.622432 0.000000 0.782674 0.922573 0.922573 0.922573
842.430664 0.000000 861.598022 0.000000 0.076787 0.000000 0.997048 0.904893 0.904893 0.904893
842.231384 0.000000 860.035889 0.000000 0.756757 0.000000 0.653697 0.954643 0.954643 0.954643
857.970947 0.000000 866.683594 0.000000 0.768473 0.000000 0.639883 0.955797 0.955797 0.955797
847.082886 0.000000 851.362427 0.000000 0.251418 0.000000 0.967879 0.916179 0.916179 0.916179
896.042358 0.000000 790.788574 0.000000 0.796693 0.000000 0.604385 0.363657 0.363657 0.363657
897.654297 0.000000 805.139404 0.000000 0.586422 0.000000 0.810006 0.319325 0.319325 0.319325
946.216248 0.000000 835.326050 0.000000 0.812411 0.000000 0.583085 0.378543 0.378543 0.378543
950.087036 0.000000 835.380371 0.000000 0.060934 0.000000 0.998142 0.451281 0.451281 0.451281
901.924316 0.000000 806.420715 0.000000 0.397109 0.000000 0.917772 0.384587 0.384587 0.384587
928.682068 0.000000 808.195557 0.000000 0.847076 0.000000 0.531472 0.795332 0.795332 0.795332
950.952087 0.000000 834.737244 0.000000 0.656487 0.000000 0.754338 0.557510 0.557510 0.557510
896.030212 0.000000 808.170410 0.000000 0.576331 0.000000 0.817217 0.629789 0.629789 0.629789
897.182007 0.000000 828.815308 0.000000 0.674967 0.000000 0.737848 0.947168 0.947168 0.947168
896.416016 0.000000 793.284668 0.000000 0.003679 0.000000 0.999993 0.841548 0.841548 0.841548
938.127991 0.000000 894.718933 0.000000 0.015555 0.000000 0.999879 0.324052 0.324052 0.324052
939.550964 0.000000 896.972900 0.000000 0.693034 0.000000 0.720905 0.462315 0.462315 0.462315
1029.549561 0.000000 696.349487 0.000000 0.239719 0.000000 0.970842 0.915411 0.915411 0.915411
19.490761 0.000000 1031.415161 0.000000 0.501143 0.000000 0.865364 0.774516 0.774516 0.774516
111.029823 0.000000 1030.962280 0.000000 0.197501 0.000000 0.980303 0.264173 0.264173 0.264173
110.873367 0.000000 1065.820190 0.000000 0.865532 0.000000 0.500854 0.427735 0.427735 0.427735
117.144745 0.000000 1026.039673 0.000000 0.575331 0.000000 0.817921 0.416124 0.416124 0.416124
115.500191 0.000000 1027.995483 0.000000 0.603431 0.000000 0.797415 0.941240 0.941240 0.941240
115.430611 0.000000 1026.251221 0.000000 0.654748 0.000000 0.755847 0.945445 0.945445 0.945445
126.679733 0.000000 1054.091431 0.000000 0.738462 0.000000 0.674295 0.952890 0.952890 0.952890
20.122398 0.000000 1076.059326 0.000000 0.687516 0.000000 0.726169 0.911737 0.911737 0.911737
20.539745 0.000000 1108.576660 0.000000 0.735579 0.000000 0.677438 0.952618 0.952618 0.952618
123.349823 0.000000 1084.036011 0.000000 0.677420 0.000000 0.735596 0.947380 0.947380 0.947380
129.598282 0.000000 1020.284546 0.000000 0.790340 0.000000 0.612668 0.390109 0.390109 0.390109
131.908051 0.000000 1064.671021 0.000000 0.016807 0.000000 0.999859 0.901070 0.901070 0.901070
133.832748 0.000000 1105.068848 0.000000 0.620433 0.000000 0.784259 0.340992 0.340992 0.340992
135.536652 0.000000 1087.444336 0.000000 0.807487 0.000000 0.589885 0.727826 0.727826 0.727826
141.807449 0.000000 1091.263672 0.000000 0.632968 0.000000 0.774178 0.887929 0.887929 0.887929
231.708511 0.000000 1079.197876 0.000000 0.381213 0.000000 0.924487 0.462445 0.462445 0.462445
386.881897 0.000000 929.449341 0.000000 0.830926 0.000000 0.556384 0.962438 0.962438 0.962438
501.724792 0.000000 1030.055786 0.000000 0.063664 0.000000 0.997971 0.904056 0.904056 0.904056
102.464584 0.000000 1172.581543 0.000000 0.615930 0.000000 0.787801 0.359007 0.359007 0.359007
87.724457 0.000000 1213.301392 0.000000 0.064444 0.000000 0.997921 0.311093 0.311093 0.311093
189.638245 0.000000 1205.895142 0.000000 0.385851 0.000000 0.922561 0.262019 0.262019 0.262019
132.788864 0.000000 1220.028809 0.000000 0.840281 0.000000 0.542150 0.396360 0.396360 0.396360
147.835541 0.000000 1207.058960 0.000000 0.431974 0.000000 0.901886 0.294992 0.294992 0.294992
143.824722 0.000000 1209.618530 0.000000 0.423296 0.000000 0.905991 0.303430 0.303430 0.303430
144.278503 0.000000 1206.891113 0.000000 0.677815 0.000000 0.735233 0.360494 0.360494 0.360494
171.175171 0.000000 1204.469360 0.000000 0.351242 0.000000 0.936285 0.308936 0.308936 0.308936
172.329926 0.000000 1204.936768 0.000000 0.065071 0.000000 0.997881 0.275024 0.275024 0.275024
236.311096 0.000000 1199.761108 0.000000 0.860792 0.000000 0.508957 0.418215 0.418215 0.418215
210.243652 0.000000 1190.940308 0.000000 0.483176 0.000000 0.875523 0.601902 0.601902 0.601902
183.381226 0.000000 1313.167480 0.000000 0.086574 0.000000 0.996245 0.657464 0.657464 0.657464
185.036530 0.000000 1312.667114 0.000000 0.587426 0.000000 0.809278 0.719975 0.719975 0.719975
170.533707 0.000000 1324.944946 0.000000 0.595764 0.000000 0.803160 0.940630 0.940630 0.940630
171.568878 0.000000 1323.548096 0.000000 0.106638 0.000000 0.994298 0.906802 0.906802 0.906802
171.594177 0.000000 1325.018066 0.000000 0.347613 0.000000 0.937638 0.922602 0.922602 0.922602
200.278336 0.000000 1304.725586 0.000000 0.697164 0.000000 0.716912 0.949111 0.949111 0.949111
202.817139 0.000000 1302.473511 0.000000 0.281839 0.000000 0.959462 0.918189 0.918189 0.918189
202.473679 0.000000 1304.943115 0.000000 0.703290 0.000000 0.710903 0.949657 0.949657 0.949657
474.869232 0.000000 1320.589478 0.000000 0.013684 0.000000 0.999906 0.246347 0.246347 0.246347
767.462891 0.000000 904.099976 0.000000 0.776067 0.000000 0.630651 0.378106 0.378106 0.378106
680.275818 0.000000 1009.006958 0.000000 0.304347 0.000000 0.952561 0.545204 0.545204 0.545204
776.587891 0.000000 905.068909 0.000000 0.411757 0.000000 0.911294 0.927017 0.927017 0.927017
226.658249 0.000000 1358.393188 0.000000 0.585857 0.000000 0.810414 0.939848 0.939848 0.939848
226.267746 0.000000 1361.738647 0.000000 0.438203 0.000000 0.898876 0.928877 0.928877 0.928877
414.575592 0.000000 1369.349854 0.000000 0.329360 0.000000 0.944204 0.921367 0.921367 0.921367
462.401886 0.000000 2018.648926 0.000000 0.132489 0.000000 0.991184 0.211916 0.211916 0.211916
459.080353 0.000000 2020.187012 0.000000 0.177616 0.000000 0.984100 0.660609 0.660609 0.660609
555.060303 0.000000 1954.602295 0.000000 0.321668 0.000000 0.946853 0.255562 0.255562 0.255562
562.908386 0.000000 1959.234619 0.000000 0.859872 0.000000 0.510510 0.409512 0.409512 0.409512
544.283997 0.000000 1962.657471 0.000000 0.397484 0.000000 0.917609 0.316799 0.316799 0.316799
546.393066 0.000000 1973.170410 0.000000 0.693853 0.000000 0.720117 0.362410 0.362410 0.362410
544.813721 0.000000 1963.974609 0.000000 0.627167 0.000000 0.778885 0.359230 0.359230 0.359230
555.818848 0.000000 1957.970581 0.000000 0.549794 0.000000 0.835300 0.367970 0.367970 0.367970
554.544373 0.000000 1957.321777 0.000000 0.288521 0.000000 0.957474 0.325013 0.325013 0.325013
555.627197 0.000000 1971.652222 0.000000 0.859976 0.000000 0.510335 0.599560 0.599560 0.599560
548.422852 0.000000 1972.719482 0.000000 0.236591 0.000000 0.971609 0.659051 0.659051 0.659051
558.968262 0.000000 1963.430542 0.000000 0.018282 0.000000 0.999833 0.901164 0.901164 0.901164
544.517639 0.000000 1965.995605 0.000000 0.013410 0.000000 0.999910 0.739280 0.739280 0.739280
544.118835 0.000000 1964.570923 0.000000 0.727909 0.000000 0.685674 0.855850 0.855850 0.855850
556.873962 0.000000 1963.368164 0.000000 0.716621 0.000000 0.697463 0.932364 0.932364 0.932364
"}
object={
	name="palm_dense_generator_3_1"
	clamp_to_water_level=no
	render_under_water=no
	generated_content=yes
	layer="semidynamic_high"
	pdxmesh="tree_palm_02_mesh"
	count=219
	transform="121.129456 0.000000 773.115479 0.000000 0.934808 0.000000 -0.355152 0.569750 0.569750 0.569750
502.120880 0.000000 726.853271 0.000000 0.995673 0.000000 -0.092930 1.003379 1.003379 1.003379
503.870575 0.000000 726.057312 0.000000 0.988943 0.000000 0.148293 0.969113 0.969113 0.969113
481.680023 0.000000 790.124634 0.000000 0.989573 0.000000 0.144034 0.472666 0.472666 0.472666
498.362488 0.000000 768.994446 0.000000 0.991239 0.000000 -0.132083 0.521480 0.521480 0.521480
458.814880 0.000000 743.660156 0.000000 0.907711 0.000000 -0.419596 0.844588 0.844588 0.844588
478.155029 0.000000 789.790588 0.000000 0.991250 0.000000 -0.131997 0.936753 0.936753 0.936753
499.848633 0.000000 770.972107 0.000000 0.999962 0.000000 0.008715 0.797617 0.797617 0.797617
494.308533 0.000000 775.434204 0.000000 0.873921 0.000000 -0.486068 0.947140 0.947140 0.947140
456.261993 0.000000 745.488464 0.000000 0.901243 0.000000 -0.433314 1.021657 1.021657 1.021657
460.916199 0.000000 743.420959 0.000000 0.954299 0.000000 0.298854 0.972496 0.972496 0.972496
379.620941 0.000000 825.689819 0.000000 0.882333 0.000000 -0.470626 1.031194 1.031194 1.031194
379.421448 0.000000 822.665161 0.000000 0.871259 0.000000 -0.490824 1.032661 1.032661 1.032661
460.269684 0.000000 798.638855 0.000000 0.887109 0.000000 0.461560 0.632888 0.632888 0.632888
579.005798 0.000000 728.770508 0.000000 0.952162 0.000000 0.305594 0.704508 0.704508 0.704508
620.519531 0.000000 706.346985 0.000000 0.995434 0.000000 -0.095453 1.012673 1.012673 1.012673
621.772095 0.000000 709.799255 0.000000 0.914377 0.000000 -0.404864 1.026536 1.026536 1.026536
620.901367 0.000000 709.909546 0.000000 0.942871 0.000000 -0.333158 1.021623 1.021623 1.021623
516.928223 0.000000 766.059814 0.000000 0.959878 0.000000 -0.280418 1.026184 1.026184 1.026184
657.977295 0.000000 707.281738 0.000000 0.913046 0.000000 0.407857 0.484931 0.484931 0.484931
697.036499 0.000000 691.338928 0.000000 0.925590 0.000000 0.378528 0.832236 0.832236 0.832236
697.875793 0.000000 691.908020 0.000000 0.974026 0.000000 -0.226434 0.927413 0.927413 0.927413
738.059082 0.000000 678.991943 0.000000 0.995069 0.000000 -0.099188 0.936586 0.936586 0.936586
736.861755 0.000000 678.187561 0.000000 0.901830 0.000000 -0.432091 1.028445 1.028445 1.028445
597.386780 0.000000 846.606934 0.000000 0.888746 0.000000 -0.458401 0.937516 0.937516 0.937516
631.531311 0.000000 857.869324 0.000000 0.870259 0.000000 -0.492595 0.611680 0.611680 0.611680
582.595947 0.000000 873.264709 0.000000 0.992035 0.000000 -0.125963 0.519439 0.519439 0.519439
579.037354 0.000000 857.638123 0.000000 0.963511 0.000000 -0.267670 0.986208 0.986208 0.986208
581.199158 0.000000 870.586426 0.000000 0.881178 0.000000 0.472786 0.962011 0.962011 0.962011
690.216248 0.000000 835.326050 0.000000 0.874944 0.000000 0.484225 0.401379 0.401379 0.401379
694.203674 0.000000 831.111694 0.000000 0.999561 0.000000 -0.029642 0.509263 0.509263 0.509263
692.589661 0.000000 834.199951 0.000000 0.999682 0.000000 -0.025229 0.538120 0.538120 0.538120
689.131775 0.000000 832.673279 0.000000 0.997308 0.000000 -0.073322 1.005661 1.005661 1.005661
694.476929 0.000000 829.197754 0.000000 0.999186 0.000000 -0.040331 1.002568 1.002568 1.002568
694.460022 0.000000 827.763733 0.000000 0.991490 0.000000 0.130186 0.989342 0.989342 0.989342
689.982544 0.000000 831.194824 0.000000 0.933059 0.000000 -0.359723 1.023426 1.023426 1.023426
767.644104 0.000000 903.286133 0.000000 0.943022 0.000000 -0.332732 0.853624 0.853624 0.853624
741.960388 0.000000 887.134399 0.000000 0.942771 0.000000 0.333440 0.670260 0.670260 0.670260
743.189209 0.000000 885.224365 0.000000 0.999056 0.000000 -0.043453 0.747257 0.747257 0.747257
740.375977 0.000000 884.530334 0.000000 0.995399 0.000000 0.095817 0.670737 0.670737 0.670737
741.165405 0.000000 885.308411 0.000000 0.900320 0.000000 0.435228 0.613369 0.613369 0.613369
767.029175 0.000000 878.999573 0.000000 0.964117 0.000000 0.265476 0.972832 0.972832 0.972832
737.109253 0.000000 888.970642 0.000000 0.997392 0.000000 -0.072171 0.922765 0.922765 0.922765
735.487610 0.000000 889.116028 0.000000 0.946499 0.000000 -0.322708 1.020919 1.020919 1.020919
741.782349 0.000000 888.055908 0.000000 0.980008 0.000000 -0.198958 1.012751 1.012751 1.012751
737.680847 0.000000 890.478027 0.000000 0.911635 0.000000 -0.411002 1.026964 1.026964 1.026964
756.191711 0.000000 874.076416 0.000000 0.916177 0.000000 0.400773 0.950276 0.950276 0.950276
735.270020 0.000000 891.483704 0.000000 0.967473 0.000000 -0.252975 1.016282 1.016282 1.016282
734.002747 0.000000 889.889465 0.000000 0.888904 0.000000 -0.458094 1.030294 1.030294 1.030294
799.761169 0.000000 773.304932 0.000000 0.953850 0.000000 0.300284 0.980584 0.980584 0.980584
798.081177 0.000000 773.321411 0.000000 0.939025 0.000000 0.343849 0.977654 0.977654 0.977654
897.803467 0.000000 730.138489 0.000000 0.970852 0.000000 0.239681 0.642218 0.642218 0.642218
937.344238 0.000000 727.240356 0.000000 0.877110 0.000000 0.480290 0.804550 0.804550 0.804550
897.212036 0.000000 729.482971 0.000000 0.900511 0.000000 0.434833 0.971362 0.971362 0.971362
999.671997 0.000000 723.253235 0.000000 0.999555 0.000000 0.029842 0.996803 0.996803 0.996803
998.179810 0.000000 722.460266 0.000000 0.969611 0.000000 -0.244651 1.026471 1.026471 1.026471
904.217163 0.000000 780.910095 0.000000 0.980216 0.000000 0.197931 0.737336 0.737336 0.737336
902.438354 0.000000 781.270020 0.000000 0.928809 0.000000 -0.370560 1.024167 1.024167 1.024167
903.696289 0.000000 781.669434 0.000000 0.868857 0.000000 0.495064 0.967029 0.967029 0.967029
905.566040 0.000000 779.794067 0.000000 0.959286 0.000000 0.282437 0.981771 0.981771 0.981771
1011.004150 0.000000 737.940552 0.000000 0.934002 0.000000 0.357269 0.881706 0.881706 0.881706
974.206665 0.000000 746.223450 0.000000 0.933236 0.000000 0.359263 0.805044 0.805044 0.805044
986.913879 0.000000 741.904785 0.000000 0.943587 0.000000 -0.331124 1.038002 1.038002 1.038002
1012.597900 0.000000 736.855835 0.000000 0.999199 0.000000 0.040017 0.997452 0.997452 0.997452
1012.795593 0.000000 735.251587 0.000000 0.999716 0.000000 -0.023816 1.001516 1.001516 1.001516
987.628662 0.000000 741.446533 0.000000 0.888083 0.000000 0.459683 0.922539 0.922539 0.922539
807.150391 0.000000 844.160339 0.000000 0.959721 0.000000 -0.280956 0.825462 0.825462 0.825462
805.248962 0.000000 844.986816 0.000000 0.996783 0.000000 -0.080149 0.767922 0.767922 0.767922
812.897156 0.000000 839.193054 0.000000 0.942279 0.000000 -0.334830 0.954317 0.954317 0.954317
875.072021 0.000000 801.359741 0.000000 0.998366 0.000000 -0.057135 0.510682 0.510682 0.510682
895.462891 0.000000 791.131226 0.000000 0.990109 0.000000 0.140303 0.475909 0.475909 0.475909
874.301697 0.000000 834.327026 0.000000 0.997217 0.000000 0.074551 0.498778 0.498778 0.498778
894.282715 0.000000 806.901978 0.000000 0.925030 0.000000 -0.379895 0.754317 0.754317 0.754317
895.384338 0.000000 806.545471 0.000000 0.903911 0.000000 -0.427721 0.762789 0.762789 0.762789
892.159851 0.000000 808.417542 0.000000 0.999549 0.000000 0.030043 0.784367 0.784367 0.784367
891.654358 0.000000 810.614563 0.000000 0.949338 0.000000 0.314255 0.956186 0.956186 0.956186
884.538269 0.000000 820.941345 0.000000 0.922531 0.000000 0.385922 0.964687 0.964687 0.964687
884.597900 0.000000 793.340210 0.000000 0.981444 0.000000 -0.191747 1.012283 1.012283 1.012283
875.767151 0.000000 796.684143 0.000000 0.985928 0.000000 0.167172 0.989307 0.989307 0.989307
854.974304 0.000000 821.621704 0.000000 0.924576 0.000000 0.380999 0.975116 0.975116 0.975116
852.327881 0.000000 837.537476 0.000000 0.903557 0.000000 -0.428468 1.032832 1.032832 1.032832
855.729736 0.000000 820.951721 0.000000 0.869292 0.000000 0.494299 0.967085 0.967085 0.967085
893.822998 0.000000 815.571045 0.000000 0.977048 0.000000 -0.213017 1.013666 1.013666 1.013666
886.634094 0.000000 815.348572 0.000000 0.993224 0.000000 0.116214 0.992585 0.992585 0.992585
843.481018 0.000000 836.892090 0.000000 0.970486 0.000000 -0.241158 1.015505 1.015505 1.015505
877.224609 0.000000 837.172852 0.000000 0.916270 0.000000 0.400562 0.973763 0.973763 0.973763
842.244629 0.000000 840.423279 0.000000 0.999264 0.000000 -0.038360 1.002443 1.002443 1.002443
890.575378 0.000000 812.318176 0.000000 0.984924 0.000000 0.172989 0.988931 0.988931 0.988931
843.052734 0.000000 841.528748 0.000000 0.901022 0.000000 -0.433774 1.028564 1.028564 1.028564
884.609253 0.000000 819.139587 0.000000 0.998586 0.000000 0.053153 0.996615 0.996615 0.996615
839.848267 0.000000 842.229919 0.000000 0.933032 0.000000 -0.359794 1.023431 1.023431 1.023431
885.484009 0.000000 793.296509 0.000000 0.873505 0.000000 0.486815 0.967632 0.967632 0.967632
875.215637 0.000000 796.102173 0.000000 0.944158 0.000000 0.329494 0.978624 0.978624 0.978624
883.111694 0.000000 792.524414 0.000000 0.938052 0.000000 -0.346495 1.022526 1.022526 1.022526
887.568848 0.000000 818.974731 0.000000 0.989162 0.000000 0.146831 0.990619 0.990619 0.990619
781.704834 0.000000 860.092224 0.000000 0.958383 0.000000 -0.285485 0.554100 0.554100 0.554100
801.699341 0.000000 860.695862 0.000000 0.924967 0.000000 -0.380048 0.567010 0.567010 0.567010
800.868042 0.000000 863.637024 0.000000 0.979204 0.000000 0.202880 0.466720 0.466720 0.466720
820.250671 0.000000 857.166138 0.000000 0.999800 0.000000 -0.019994 0.650266 0.650266 0.650266
791.046021 0.000000 848.899536 0.000000 0.982534 0.000000 0.186081 0.798585 0.798585 0.798585
811.281433 0.000000 858.880188 0.000000 0.870179 0.000000 0.492736 0.917214 0.917214 0.917214
784.583008 0.000000 865.522217 0.000000 0.998796 0.000000 0.049048 0.761660 0.761660 0.761660
784.854309 0.000000 864.189148 0.000000 0.891787 0.000000 0.452455 0.693560 0.693560 0.693560
800.829468 0.000000 849.457886 0.000000 0.916385 0.000000 0.400297 0.950956 0.950956 0.950956
787.924194 0.000000 865.073486 0.000000 0.993286 0.000000 -0.115683 1.013460 1.013460 1.013460
787.490784 0.000000 861.962036 0.000000 0.994524 0.000000 0.104505 0.991296 0.991296 0.991296
799.192261 0.000000 864.859741 0.000000 0.885889 0.000000 0.463897 0.969290 0.969290 0.969290
824.301758 0.000000 854.428955 0.000000 0.960704 0.000000 -0.277575 1.017906 1.017906 1.017906
783.359985 0.000000 861.204285 0.000000 0.969180 0.000000 0.246353 0.984154 0.984154 0.984154
810.449219 0.000000 858.612183 0.000000 0.910029 0.000000 0.414545 0.929649 0.929649 0.929649
787.119995 0.000000 864.434570 0.000000 0.961009 0.000000 -0.276517 1.032525 1.032525 1.032525
822.692505 0.000000 858.093201 0.000000 0.997350 0.000000 0.072756 0.990892 0.990892 0.990892
786.026611 0.000000 865.619629 0.000000 0.992073 0.000000 -0.125665 1.014627 1.014627 1.014627
783.194275 0.000000 862.506409 0.000000 0.893488 0.000000 0.449087 0.970350 0.970350 0.970350
793.169067 0.000000 849.064087 0.000000 0.961712 0.000000 -0.274061 1.017673 1.017673 1.017673
802.809875 0.000000 848.167847 0.000000 0.929893 0.000000 -0.367830 1.030186 1.030186 1.030186
812.686523 0.000000 858.696167 0.000000 0.925982 0.000000 0.377567 0.975352 0.975352 0.975352
829.256714 0.000000 850.413330 0.000000 0.980501 0.000000 -0.196513 1.012592 1.012592 1.012592
848.073547 0.000000 849.775208 0.000000 0.947218 0.000000 0.320589 0.614034 0.614034 0.614034
854.068176 0.000000 861.992981 0.000000 0.949449 0.000000 -0.313922 1.021450 1.021450 1.021450
840.261963 0.000000 858.457214 0.000000 0.946709 0.000000 0.322090 0.979123 0.979123 0.979123
854.711670 0.000000 865.164307 0.000000 0.999741 0.000000 -0.022769 1.001450 1.001450 1.001450
855.802795 0.000000 861.473450 0.000000 0.955842 0.000000 0.293881 0.932558 0.932558 0.932558
838.476013 0.000000 860.935059 0.000000 0.971454 0.000000 0.237230 0.984752 0.984752 0.984752
855.863220 0.000000 863.057983 0.000000 0.983768 0.000000 0.179445 0.988514 0.988514 0.988514
855.187073 0.000000 860.824951 0.000000 0.949533 0.000000 -0.313668 1.021412 1.021412 1.021412
856.593750 0.000000 866.804932 0.000000 0.996394 0.000000 0.084844 0.994592 0.994592 0.994592
836.151978 0.000000 865.458984 0.000000 0.943059 0.000000 -0.332625 1.029206 1.029206 1.029206
854.880920 0.000000 864.234009 0.000000 0.998768 0.000000 0.049622 0.996840 0.996840 0.996840
857.690552 0.000000 865.145996 0.000000 0.995915 0.000000 -0.090301 1.005757 1.005757 1.005757
859.737854 0.000000 868.326538 0.000000 0.974396 0.000000 0.224838 0.980128 0.980128 0.980128
857.324280 0.000000 863.261780 0.000000 0.888327 0.000000 0.459212 0.969626 0.969626 0.969626
843.491577 0.000000 860.559937 0.000000 0.997051 0.000000 -0.076746 1.004891 1.004891 1.004891
839.974854 0.000000 860.182983 0.000000 0.877031 0.000000 0.480434 0.968096 0.968096 0.968096
838.250732 0.000000 860.184448 0.000000 0.982824 0.000000 0.184547 0.988184 0.988184 0.988184
856.111694 0.000000 865.351379 0.000000 0.960626 0.000000 -0.277846 1.017924 1.017924 1.017924
903.231812 0.000000 804.020508 0.000000 0.936906 0.000000 -0.349582 0.554163 0.554163 0.554163
928.818359 0.000000 809.399536 0.000000 0.999453 0.000000 0.033060 0.877218 0.877218 0.877218
896.016724 0.000000 831.949707 0.000000 0.982089 0.000000 -0.188416 0.882850 0.882850 0.882850
897.423706 0.000000 792.215393 0.000000 0.944964 0.000000 -0.327174 1.033701 1.033701 1.033701
948.499512 0.000000 835.581970 0.000000 0.967812 0.000000 -0.251675 1.023437 1.023437 1.023437
979.835510 0.000000 811.668335 0.000000 0.908318 0.000000 -0.418281 0.571916 0.571916 0.571916
979.301880 0.000000 810.350098 0.000000 0.943226 0.000000 0.332151 0.443577 0.443577 0.443577
995.712952 0.000000 807.561707 0.000000 0.873836 0.000000 0.486221 0.707279 0.707279 0.707279
994.505981 0.000000 806.212585 0.000000 0.895114 0.000000 -0.445837 0.863786 0.863786 0.863786
938.351624 0.000000 896.354004 0.000000 0.999965 0.000000 0.008407 0.586920 0.586920 0.586920
1028.151978 0.000000 696.005859 0.000000 0.981493 0.000000 -0.191499 1.012267 1.012267 1.012267
1028.055786 0.000000 696.985596 0.000000 0.990530 0.000000 0.137298 0.991232 0.991232 0.991232
128.860138 0.000000 1016.075867 0.000000 0.948790 0.000000 0.315908 0.581053 0.581053 0.581053
18.752157 0.000000 1030.783203 0.000000 0.870291 0.000000 -0.492539 1.008611 1.008611 1.008611
10.709381 0.000000 1046.206909 0.000000 0.976033 0.000000 -0.217624 1.013966 1.013966 1.013966
11.301150 0.000000 1046.767456 0.000000 0.879454 0.000000 -0.475984 1.031582 1.031582 1.031582
110.671448 0.000000 1063.173218 0.000000 0.978574 0.000000 0.205897 0.459073 0.459073 0.459073
103.388130 0.000000 1034.779541 0.000000 0.996337 0.000000 0.085518 0.486244 0.486244 0.486244
126.208984 0.000000 1053.379395 0.000000 0.995002 0.000000 -0.099851 0.516293 0.516293 0.516293
113.044434 0.000000 1065.799072 0.000000 0.997254 0.000000 0.074053 0.488370 0.488370 0.488370
119.349655 0.000000 1057.188721 0.000000 0.964753 0.000000 0.263158 0.623720 0.623720 0.623720
117.577484 0.000000 1031.750854 0.000000 0.998849 0.000000 0.047970 0.943905 0.943905 0.943905
109.207108 0.000000 1030.520752 0.000000 0.899027 0.000000 0.437892 0.946703 0.946703 0.946703
18.929276 0.000000 1078.677368 0.000000 0.909292 0.000000 0.416158 0.422366 0.422366 0.422366
16.399342 0.000000 1100.923828 0.000000 0.986298 0.000000 0.164973 0.474120 0.474120 0.474120
20.746086 0.000000 1077.740845 0.000000 0.970098 0.000000 -0.242713 1.026625 1.026625 1.026625
131.235809 0.000000 1065.696777 0.000000 0.995404 0.000000 0.095765 0.993894 0.993894 0.993894
136.499146 0.000000 1089.530029 0.000000 0.997330 0.000000 0.073031 0.995347 0.995347 0.995347
134.836838 0.000000 1088.759888 0.000000 0.963984 0.000000 0.265960 0.982459 0.982459 0.982459
138.226822 0.000000 1089.003296 0.000000 0.903580 0.000000 0.428420 0.971814 0.971814 0.971814
140.274506 0.000000 1090.844360 0.000000 0.915969 0.000000 0.401250 0.947740 0.947740 0.947740
137.043213 0.000000 1088.562134 0.000000 0.951281 0.000000 -0.308325 1.019954 1.019954 1.019954
135.630264 0.000000 1088.259399 0.000000 0.946858 0.000000 -0.321652 1.021338 1.021338 1.021338
335.758179 0.000000 968.919373 0.000000 0.898034 0.000000 -0.439927 0.674732 0.674732 0.674732
322.881897 0.000000 985.933716 0.000000 0.981968 0.000000 0.189046 0.987892 0.987892 0.987892
387.168457 0.000000 931.898621 0.000000 0.966784 0.000000 0.255596 0.983546 0.983546 0.983546
387.883087 0.000000 928.106812 0.000000 0.983351 0.000000 -0.181714 1.011633 1.011633 1.011633
428.581085 0.000000 1013.075195 0.000000 0.999740 0.000000 -0.022787 0.905455 0.905455 0.905455
435.772217 0.000000 998.760803 0.000000 0.945192 0.000000 -0.326515 1.021175 1.021175 1.021175
507.524078 0.000000 1030.178101 0.000000 0.997702 0.000000 -0.067751 0.510639 0.510639 0.510639
502.497467 0.000000 1029.882690 0.000000 0.962827 0.000000 0.270119 0.774858 0.774858 0.774858
503.621216 0.000000 1031.611084 0.000000 0.886903 0.000000 0.461956 0.969430 0.969430 0.969430
505.156982 0.000000 1031.198242 0.000000 0.928423 0.000000 0.371524 0.969495 0.969495 0.969495
105.033493 0.000000 1171.124268 0.000000 0.879720 0.000000 0.475492 0.418166 0.418166 0.418166
99.731445 0.000000 1160.736938 0.000000 0.999514 0.000000 0.031183 0.998015 0.998015 0.998015
98.854256 0.000000 1160.986816 0.000000 0.997454 0.000000 -0.071311 1.004544 1.004544 1.004544
98.152313 0.000000 1160.343506 0.000000 0.995449 0.000000 0.095294 0.993924 0.993924 0.993924
105.143639 0.000000 1173.163086 0.000000 0.878816 0.000000 0.477160 0.968333 0.968333 0.968333
139.406174 0.000000 1219.242676 0.000000 0.914648 0.000000 -0.404252 0.587741 0.587741 0.587741
140.526733 0.000000 1209.217651 0.000000 0.915272 0.000000 0.402837 0.414138 0.414138 0.414138
161.448898 0.000000 1209.468628 0.000000 0.987236 0.000000 0.159265 0.466997 0.466997 0.466997
176.587830 0.000000 1206.425171 0.000000 0.957434 0.000000 -0.288652 0.557350 0.557350 0.557350
185.677979 0.000000 1201.293457 0.000000 0.976981 0.000000 0.213327 0.458056 0.458056 0.458056
187.502258 0.000000 1198.169189 0.000000 0.993422 0.000000 0.114509 0.478297 0.478297 0.478297
141.306625 0.000000 1210.723389 0.000000 0.981579 0.000000 0.191055 0.465085 0.465085 0.465085
239.105347 0.000000 1189.733276 0.000000 0.993733 0.000000 -0.111778 0.518834 0.518834 0.518834
234.439987 0.000000 1198.395752 0.000000 0.910093 0.000000 -0.414404 0.577286 0.577286 0.577286
182.908249 0.000000 1311.014648 0.000000 0.991234 0.000000 0.132117 0.478713 0.478713 0.478713
171.839447 0.000000 1325.789185 0.000000 0.991569 0.000000 -0.129583 1.008273 1.008273 1.008273
188.863495 0.000000 1313.936035 0.000000 0.994350 0.000000 0.106152 0.993229 0.993229 0.993229
203.237823 0.000000 1303.506470 0.000000 0.919586 0.000000 0.392889 0.974295 0.974295 0.974295
202.516449 0.000000 1307.764038 0.000000 0.979862 0.000000 0.199674 0.981481 0.981481 0.981481
450.857880 0.000000 1341.484131 0.000000 0.996792 0.000000 -0.080032 0.684504 0.684504 0.684504
473.430817 0.000000 1321.619995 0.000000 0.992585 0.000000 0.121554 0.977934 0.977934 0.977934
681.344238 0.000000 1009.662231 0.000000 0.996519 0.000000 0.083362 0.736451 0.736451 0.736451
777.240662 0.000000 904.479675 0.000000 0.896178 0.000000 -0.443694 1.029266 1.029266 1.029266
883.583923 0.000000 908.325928 0.000000 0.992674 0.000000 0.120827 0.671551 0.671551 0.671551
135.536652 0.000000 1369.866211 0.000000 0.992833 0.000000 -0.119514 0.744954 0.744954 0.744954
132.695160 0.000000 1371.362793 0.000000 0.916489 0.000000 0.400059 0.973798 0.973798 0.973798
226.937195 0.000000 1357.409668 0.000000 0.951093 0.000000 0.308906 0.445315 0.445315 0.445315
412.514252 0.000000 1369.421753 0.000000 0.876477 0.000000 0.481444 0.600114 0.600114 0.600114
415.611603 0.000000 1368.172607 0.000000 0.924609 0.000000 0.380919 0.975122 0.975122 0.975122
463.355164 0.000000 2023.175171 0.000000 0.929373 0.000000 0.369143 0.441242 0.441242 0.441242
459.251251 0.000000 2021.884155 0.000000 0.898364 0.000000 0.439252 0.806621 0.806621 0.806621
565.139038 0.000000 1960.463745 0.000000 0.991773 0.000000 -0.128006 0.873195 0.873195 0.873195
552.988525 0.000000 1973.176147 0.000000 0.999251 0.000000 0.038709 0.886181 0.886181 0.886181
559.449707 0.000000 1962.006592 0.000000 0.995296 0.000000 0.096876 0.993823 0.993823 0.993823
561.021729 0.000000 1959.697876 0.000000 0.905344 0.000000 -0.424679 1.046976 1.046976 1.046976
557.224609 0.000000 1966.860352 0.000000 0.902981 0.000000 0.429680 0.949771 0.949771 0.949771
561.131775 0.000000 1962.360718 0.000000 0.938897 0.000000 -0.344199 1.028160 1.028160 1.028160
559.481995 0.000000 1964.055420 0.000000 0.964370 0.000000 0.264558 0.982955 0.982955 0.982955
559.493286 0.000000 1962.793335 0.000000 0.941596 0.000000 -0.336744 1.021865 1.021865 1.021865
520.173828 0.000000 1999.219482 0.000000 0.876332 0.000000 -0.481707 0.601072 0.601072 0.601072
"}
object={
	name="palm_dense_generator_3_2"
	clamp_to_water_level=no
	render_under_water=no
	generated_content=yes
	layer="semidynamic_high"
	pdxmesh="tree_palm_03_mesh"
	count=221
	transform="501.861053 0.000000 725.878967 0.000000 0.239453 0.000000 -0.970908 0.777210 0.777210 0.777210
499.609528 0.000000 769.646057 0.000000 0.356683 0.000000 -0.934226 0.695567 0.695567 0.695567
510.871094 0.000000 777.807373 0.000000 0.552487 0.000000 -0.833521 0.654625 0.654625 0.654625
462.755768 0.000000 743.744934 0.000000 0.164903 0.000000 -0.986310 0.808001 0.808001 0.808001
456.266846 0.000000 744.575256 0.000000 0.799022 0.000000 -0.601302 1.050564 1.050564 1.050564
461.011993 0.000000 744.965881 0.000000 0.669780 0.000000 -0.742560 1.053278 1.053278 1.053278
460.557281 0.000000 745.887817 0.000000 0.854082 0.000000 -0.520139 1.034824 1.034824 1.034824
458.359711 0.000000 798.598755 0.000000 0.810563 0.000000 -0.585651 0.602259 0.602259 0.602259
461.011993 0.000000 801.450256 0.000000 0.272951 0.000000 -0.962028 1.082400 1.082400 1.082400
620.274536 0.000000 709.029419 0.000000 0.815626 0.000000 -0.578580 1.039279 1.039279 1.039279
632.537048 0.000000 857.707642 0.000000 0.602710 0.000000 -0.797960 1.122479 1.122479 1.122479
578.186523 0.000000 857.131104 0.000000 0.862534 0.000000 -0.505999 1.024648 1.024648 1.024648
632.552368 0.000000 856.291321 0.000000 0.865948 0.000000 -0.500134 1.069432 1.069432 1.069432
699.484436 0.000000 831.977539 0.000000 0.314071 0.000000 -0.949400 0.842565 0.842565 0.842565
699.451965 0.000000 830.670776 0.000000 0.496411 0.000000 -0.868088 0.810536 0.810536 0.810536
691.209290 0.000000 830.491577 0.000000 0.604038 0.000000 -0.796956 0.970857 0.970857 0.970857
695.422607 0.000000 827.786987 0.000000 0.751399 0.000000 -0.659848 1.058829 1.058829 1.058829
696.702820 0.000000 828.810303 0.000000 0.590356 0.000000 -0.807143 1.059798 1.059798 1.059798
670.002747 0.000000 833.405090 0.000000 0.435251 0.000000 -0.900309 1.071332 1.071332 1.071332
660.179199 0.000000 848.542786 0.000000 0.514758 0.000000 -0.857335 0.651597 0.651597 0.651597
643.978577 0.000000 863.483521 0.000000 0.012805 0.000000 -0.999918 0.870265 0.870265 0.870265
764.104370 0.000000 900.919373 0.000000 0.016651 0.000000 -0.999861 0.769466 0.769466 0.769466
725.902283 0.000000 892.752014 0.000000 0.612956 0.000000 -0.790117 0.709464 0.709464 0.709464
713.122314 0.000000 894.327271 0.000000 0.858096 0.000000 -0.513489 0.599983 0.599983 0.599983
727.105652 0.000000 891.448975 0.000000 0.046038 0.000000 -0.998940 1.062624 1.062624 1.062624
740.052368 0.000000 886.708740 0.000000 0.755261 0.000000 -0.655424 0.841612 0.841612 0.841612
724.834534 0.000000 870.162659 0.000000 0.830762 0.000000 -0.556628 0.908345 0.908345 0.908345
766.947815 0.000000 880.917358 0.000000 0.654733 0.000000 -0.755861 0.922749 0.922749 0.922749
766.219604 0.000000 881.800903 0.000000 0.289269 0.000000 -0.957248 0.990656 0.990656 0.990656
725.033813 0.000000 891.826904 0.000000 0.266314 0.000000 -0.963886 1.143262 1.143262 1.143262
736.118835 0.000000 891.367798 0.000000 0.606182 0.000000 -0.795326 1.058540 1.058540 1.058540
725.257507 0.000000 890.064453 0.000000 0.170316 0.000000 -0.985389 1.154098 1.154098 1.154098
737.506653 0.000000 891.311890 0.000000 0.008761 0.000000 -0.999962 1.099442 1.099442 1.099442
758.948242 0.000000 882.771973 0.000000 0.805927 0.000000 -0.592015 1.046028 1.046028 1.046028
734.710693 0.000000 888.722839 0.000000 0.776364 0.000000 -0.630285 1.043412 1.043412 1.043412
739.322571 0.000000 886.411255 0.000000 0.296300 0.000000 -0.955095 1.080849 1.080849 1.080849
738.918823 0.000000 887.663757 0.000000 0.367701 0.000000 -0.929944 1.076029 1.076029 1.076029
938.652222 0.000000 717.465149 0.000000 0.701332 0.000000 -0.712835 0.945612 0.945612 0.945612
896.029297 0.000000 729.377930 0.000000 0.797302 0.000000 -0.603581 1.041252 1.041252 1.041252
979.924194 0.000000 695.620361 0.000000 0.208947 0.000000 -0.977927 1.180330 1.180330 1.180330
979.119995 0.000000 694.981445 0.000000 0.685231 0.000000 -0.728325 1.108158 1.108158 1.108158
978.341736 0.000000 695.363892 0.000000 0.784134 0.000000 -0.620592 1.088753 1.088753 1.088753
944.914673 0.000000 751.480469 0.000000 0.196140 0.000000 -0.980576 0.757667 0.757667 0.757667
901.041260 0.000000 778.073425 0.000000 0.127120 0.000000 -0.991887 0.754576 0.754576 0.754576
930.393066 0.000000 786.998535 0.000000 0.197110 0.000000 -0.980381 0.729729 0.729729 0.729729
929.632324 0.000000 788.106262 0.000000 0.303007 0.000000 -0.952988 0.690600 0.690600 0.690600
946.121826 0.000000 751.349792 0.000000 0.837245 0.000000 -0.546827 0.714540 0.714540 0.714540
904.895203 0.000000 778.179810 0.000000 0.784065 0.000000 -0.620679 1.042629 1.042629 1.042629
878.671448 0.000000 837.235718 0.000000 0.262569 0.000000 -0.964913 0.754634 0.754634 0.754634
840.722107 0.000000 823.300354 0.000000 0.468744 0.000000 -0.883334 0.710474 0.710474 0.710474
842.780396 0.000000 825.565063 0.000000 0.428548 0.000000 -0.903519 0.704011 0.704011 0.704011
844.970947 0.000000 837.767029 0.000000 0.620343 0.000000 -0.784330 0.658353 0.658353 0.658353
894.038391 0.000000 814.764465 0.000000 0.833019 0.000000 -0.553244 0.605599 0.605599 0.605599
852.196472 0.000000 839.543579 0.000000 0.446675 0.000000 -0.894696 0.673815 0.673815 0.673815
835.094727 0.000000 845.565430 0.000000 0.152060 0.000000 -0.988371 0.727829 0.727829 0.727829
877.494019 0.000000 832.421631 0.000000 0.508200 0.000000 -0.861239 0.869325 0.869325 0.869325
874.279785 0.000000 835.638000 0.000000 0.664055 0.000000 -0.747684 0.634602 0.634602 0.634602
842.277832 0.000000 826.832886 0.000000 0.123859 0.000000 -0.992300 0.830931 0.830931 0.830931
883.501953 0.000000 790.848145 0.000000 0.526903 0.000000 -0.849926 0.768319 0.768319 0.768319
888.785461 0.000000 819.305420 0.000000 0.120446 0.000000 -0.992720 1.094741 1.094741 1.094741
885.817688 0.000000 791.831665 0.000000 0.172958 0.000000 -0.984929 1.019283 1.019283 1.019283
890.561951 0.000000 816.738770 0.000000 0.775970 0.000000 -0.630770 1.024741 1.024741 1.024741
893.161804 0.000000 815.051636 0.000000 0.626637 0.000000 -0.779311 1.056886 1.056886 1.056886
857.402710 0.000000 820.668396 0.000000 0.747765 0.000000 -0.663963 1.046225 1.046225 1.046225
893.059998 0.000000 813.968384 0.000000 0.207357 0.000000 -0.978265 1.086703 1.086703 1.086703
880.424500 0.000000 818.176758 0.000000 0.753121 0.000000 -0.657882 1.075824 1.075824 1.075824
895.170349 0.000000 808.621216 0.000000 0.508515 0.000000 -0.861053 1.066039 1.066039 1.066039
893.921936 0.000000 812.747314 0.000000 0.820968 0.000000 -0.570974 1.038687 1.038687 1.038687
874.392578 0.000000 797.551514 0.000000 0.362240 0.000000 -0.932085 1.076402 1.076402 1.076402
886.953613 0.000000 814.224670 0.000000 0.041352 0.000000 -0.999145 1.097367 1.097367 1.097367
874.345642 0.000000 796.091064 0.000000 0.564088 0.000000 -0.825715 1.061846 1.061846 1.061846
886.890869 0.000000 819.448914 0.000000 0.552447 0.000000 -0.833548 1.062739 1.062739 1.062739
867.578003 0.000000 846.848633 0.000000 0.392335 0.000000 -0.919822 1.074333 1.074333 1.074333
895.884277 0.000000 813.116211 0.000000 0.581995 0.000000 -0.813192 1.110240 1.110240 1.110240
892.981323 0.000000 811.050781 0.000000 0.058974 0.000000 -0.998259 1.096243 1.096243 1.096243
882.949097 0.000000 793.593323 0.000000 0.760990 0.000000 -0.648763 1.044943 1.044943 1.044943
895.057068 0.000000 809.535278 0.000000 0.309698 0.000000 -0.950835 1.079954 1.079954 1.079954
886.235535 0.000000 816.978271 0.000000 0.622400 0.000000 -0.782699 1.057232 1.057232 1.057232
874.658447 0.000000 798.871338 0.000000 0.477232 0.000000 -0.878777 1.068328 1.068328 1.068328
840.485535 0.000000 840.669556 0.000000 0.740250 0.000000 -0.672331 1.046941 1.046941 1.046941
895.636230 0.000000 826.108887 0.000000 0.755399 0.000000 -0.655266 1.045489 1.045489 1.045489
838.103394 0.000000 842.191895 0.000000 0.857913 0.000000 -0.513795 1.034352 1.034352 1.034352
887.266541 0.000000 818.181274 0.000000 0.478969 0.000000 -0.877832 1.068202 1.068202 1.068202
836.305115 0.000000 844.467590 0.000000 0.172359 0.000000 -0.985034 1.088972 1.088972 1.088972
858.578613 0.000000 819.596985 0.000000 0.757713 0.000000 -0.652587 1.045263 1.045263 1.045263
843.041321 0.000000 838.288818 0.000000 0.367543 0.000000 -0.930007 1.076040 1.076040 1.076040
889.145264 0.000000 813.040222 0.000000 0.302972 0.000000 -0.952999 1.080404 1.080404 1.080404
888.180176 0.000000 815.234436 0.000000 0.379883 0.000000 -0.925034 1.075193 1.075193 1.075193
787.894409 0.000000 855.037415 0.000000 0.740025 0.000000 -0.672579 0.647794 0.647794 0.647794
811.072021 0.000000 857.844116 0.000000 0.078349 0.000000 -0.996926 0.771049 0.771049 0.771049
813.430969 0.000000 851.317322 0.000000 0.455082 0.000000 -0.890449 0.695370 0.695370 0.695370
787.935547 0.000000 857.024048 0.000000 0.241554 0.000000 -0.970387 0.744959 0.744959 0.744959
790.733215 0.000000 856.036743 0.000000 0.417122 0.000000 -0.908850 0.677248 0.677248 0.677248
787.521729 0.000000 879.041321 0.000000 0.202147 0.000000 -0.979355 0.722724 0.722724 0.722724
827.590271 0.000000 850.418152 0.000000 0.631098 0.000000 -0.775703 0.727093 0.727093 0.727093
809.821655 0.000000 861.722595 0.000000 0.863459 0.000000 -0.504420 0.593175 0.593175 0.593175
792.429382 0.000000 871.199097 0.000000 0.232974 0.000000 -0.972483 0.775114 0.775114 0.775114
783.467957 0.000000 865.642456 0.000000 0.812890 0.000000 -0.582418 0.988118 0.988118 0.988118
808.891663 0.000000 872.701172 0.000000 0.104534 0.000000 -0.994521 1.178818 1.178818 1.178818
827.024536 0.000000 854.893372 0.000000 0.317139 0.000000 -0.948379 0.903455 0.903455 0.903455
788.064270 0.000000 859.119080 0.000000 0.591719 0.000000 -0.806145 0.959339 0.959339 0.959339
801.619629 0.000000 864.328552 0.000000 0.707152 0.000000 -0.707062 0.872631 0.872631 0.872631
805.866516 0.000000 875.618042 0.000000 0.300524 0.000000 -0.953774 1.080568 1.080568 1.080568
785.243225 0.000000 860.847534 0.000000 0.808654 0.000000 -0.588284 1.066418 1.066418 1.066418
821.164246 0.000000 858.895569 0.000000 0.201038 0.000000 -0.979584 1.136597 1.136597 1.136597
787.198914 0.000000 862.814026 0.000000 0.216764 0.000000 -0.976224 1.086090 1.086090 1.086090
787.707947 0.000000 865.942017 0.000000 0.425636 0.000000 -0.904895 1.131312 1.131312 1.131312
784.566467 0.000000 878.448608 0.000000 0.605122 0.000000 -0.796133 1.058625 1.058625 1.058625
800.861755 0.000000 847.640686 0.000000 0.547698 0.000000 -0.836676 1.062705 1.062705 1.062705
820.295471 0.000000 858.112671 0.000000 0.017613 0.000000 -0.999845 1.164313 1.164313 1.164313
786.341736 0.000000 864.817017 0.000000 0.263573 0.000000 -0.964639 1.151389 1.151389 1.151389
813.705383 0.000000 856.849060 0.000000 0.853500 0.000000 -0.521093 1.073485 1.073485 1.073485
825.899048 0.000000 854.105835 0.000000 0.595567 0.000000 -0.803306 1.059386 1.059386 1.059386
822.868713 0.000000 856.632446 0.000000 0.504145 0.000000 -0.863619 1.066362 1.066362 1.066362
807.216858 0.000000 873.532104 0.000000 0.355675 0.000000 -0.934610 1.076850 1.076850 1.076850
798.524048 0.000000 864.345825 0.000000 0.848107 0.000000 -0.529826 1.035549 1.035549 1.035549
830.803894 0.000000 850.208923 0.000000 0.376918 0.000000 -0.926247 1.075397 1.075397 1.075397
828.112610 0.000000 851.047241 0.000000 0.016260 0.000000 -0.999868 1.098965 1.098965 1.098965
830.692200 0.000000 851.020874 0.000000 0.696399 0.000000 -0.717655 1.050957 1.050957 1.050957
829.724976 0.000000 851.107178 0.000000 0.392022 0.000000 -0.919956 1.074355 1.074355 1.074355
835.915771 0.000000 851.878662 0.000000 0.420452 0.000000 -0.907315 0.683490 0.683490 0.683490
845.299561 0.000000 858.732300 0.000000 0.023736 0.000000 -0.999718 0.747381 0.747381 0.747381
893.613831 0.000000 873.836792 0.000000 0.534239 0.000000 -0.845334 0.713532 0.713532 0.713532
842.865540 0.000000 862.356445 0.000000 0.661052 0.000000 -0.750340 0.673107 0.673107 0.673107
859.403198 0.000000 869.443115 0.000000 0.227474 0.000000 -0.973784 1.117538 1.117538 1.117538
836.955383 0.000000 865.182983 0.000000 0.457242 0.000000 -0.889342 1.094391 1.094391 1.094391
849.713684 0.000000 850.705811 0.000000 0.651959 0.000000 -0.758254 1.054790 1.054790 1.054790
867.844788 0.000000 849.140198 0.000000 0.705739 0.000000 -0.708472 1.050123 1.050123 1.050123
837.979370 0.000000 852.784119 0.000000 0.295172 0.000000 -0.955444 1.080925 1.080925 1.080925
854.816345 0.000000 862.575500 0.000000 0.115041 0.000000 -0.993361 1.092660 1.092660 1.092660
848.137207 0.000000 850.624268 0.000000 0.356634 0.000000 -0.934244 1.076785 1.076785 1.076785
841.919373 0.000000 858.356750 0.000000 0.673120 0.000000 -0.739533 1.052991 1.052991 1.052991
854.209351 0.000000 863.620300 0.000000 0.782627 0.000000 -0.622491 1.042776 1.042776 1.042776
858.103149 0.000000 869.056152 0.000000 0.837269 0.000000 -0.546791 1.050696 1.050696 1.050696
855.726440 0.000000 863.882141 0.000000 0.373766 0.000000 -0.927523 1.075613 1.075613 1.075613
855.416260 0.000000 865.646240 0.000000 0.160966 0.000000 -0.986960 1.089708 1.089708 1.089708
832.885376 0.000000 850.451782 0.000000 0.770774 0.000000 -0.637109 1.043974 1.043974 1.043974
838.073120 0.000000 858.562622 0.000000 0.228837 0.000000 -0.973465 1.113401 1.113401 1.113401
866.809875 0.000000 848.167847 0.000000 0.738484 0.000000 -0.674271 1.047108 1.047108 1.047108
856.258179 0.000000 864.435547 0.000000 0.840727 0.000000 -0.541459 1.036426 1.036426 1.036426
840.957703 0.000000 861.510620 0.000000 0.633709 0.000000 -0.773571 1.056306 1.056306 1.056306
856.609070 0.000000 865.990784 0.000000 0.184902 0.000000 -0.982757 1.088161 1.088161 1.088161
898.176270 0.000000 828.714478 0.000000 0.778300 0.000000 -0.627893 0.694407 0.694407 0.694407
899.472534 0.000000 831.674500 0.000000 0.008242 0.000000 -0.999966 1.204802 1.204802 1.204802
896.796082 0.000000 826.256531 0.000000 0.208001 0.000000 -0.978129 1.086661 1.086661 1.086661
896.885376 0.000000 793.967407 0.000000 0.202512 0.000000 -0.979280 1.138205 1.138205 1.138205
994.977478 0.000000 805.280701 0.000000 0.830771 0.000000 -0.556615 0.605887 0.605887 0.605887
978.223816 0.000000 813.934387 0.000000 0.150589 0.000000 -0.988596 0.994807 0.994807 0.994807
979.004700 0.000000 812.175415 0.000000 0.063294 0.000000 -0.997995 1.009042 1.009042 1.009042
18.317677 0.000000 995.477112 0.000000 0.671516 0.000000 -0.740990 0.697644 0.697644 0.697644
11.374547 0.000000 1048.749512 0.000000 0.093370 0.000000 -0.995632 1.128498 1.128498 1.128498
11.495322 0.000000 1045.196533 0.000000 0.361984 0.000000 -0.932184 1.076420 1.076420 1.076420
107.095459 0.000000 1031.037354 0.000000 0.509815 0.000000 -0.860284 0.708302 0.708302 0.708302
110.722366 0.000000 1064.530396 0.000000 0.708331 0.000000 -0.705880 0.620180 0.620180 0.620180
112.795609 0.000000 1026.743774 0.000000 0.396167 0.000000 -0.918178 0.732031 0.732031 0.732031
117.110764 0.000000 1033.566528 0.000000 0.664137 0.000000 -0.747611 1.031456 1.031456 1.031456
105.550056 0.000000 1032.510376 0.000000 0.377538 0.000000 -0.925994 1.161829 1.161829 1.161829
104.155365 0.000000 1032.616577 0.000000 0.541021 0.000000 -0.841009 1.135838 1.135838 1.135838
116.881180 0.000000 1032.641113 0.000000 0.741029 0.000000 -0.671473 1.014854 1.014854 1.014854
127.161728 0.000000 1055.927490 0.000000 0.196728 0.000000 -0.980458 1.087394 1.087394 1.087394
127.485222 0.000000 1054.753906 0.000000 0.167445 0.000000 -0.985881 1.089290 1.089290 1.089290
120.833710 0.000000 1056.351685 0.000000 0.486048 0.000000 -0.873932 1.067688 1.067688 1.067688
17.266991 0.000000 1103.836914 0.000000 0.181341 0.000000 -0.983420 0.740736 0.740736 0.740736
20.914404 0.000000 1076.655151 0.000000 0.312916 0.000000 -0.949781 1.136025 1.136025 1.136025
21.794037 0.000000 1109.848511 0.000000 0.156707 0.000000 -0.987645 1.089982 1.089982 1.089982
21.570679 0.000000 1108.218994 0.000000 0.533475 0.000000 -0.845816 1.064177 1.064177 1.064177
122.728516 0.000000 1086.877441 0.000000 0.787526 0.000000 -0.616281 1.057192 1.057192 1.057192
138.511292 0.000000 1091.893921 0.000000 0.722233 0.000000 -0.691649 0.794885 0.794885 0.794885
141.274445 0.000000 1090.543457 0.000000 0.172548 0.000000 -0.985001 1.176873 1.176873 1.176873
133.598694 0.000000 1103.500732 0.000000 0.697775 0.000000 -0.716317 1.050835 1.050835 1.050835
232.923920 0.000000 1079.901245 0.000000 0.855282 0.000000 -0.518162 0.585028 0.585028 0.585028
324.993835 0.000000 984.417480 0.000000 0.541270 0.000000 -0.840849 0.781363 0.781363 0.781363
323.883087 0.000000 984.591187 0.000000 0.713903 0.000000 -0.700245 1.049385 1.049385 1.049385
389.655121 0.000000 931.584106 0.000000 0.490063 0.000000 -0.871687 1.067395 1.067395 1.067395
387.747589 0.000000 929.720276 0.000000 0.149450 0.000000 -0.988769 1.090450 1.090450 1.090450
434.114166 0.000000 999.105713 0.000000 0.822886 0.000000 -0.568207 1.038473 1.038473 1.038473
102.014145 0.000000 1160.516113 0.000000 0.031934 0.000000 -0.999490 0.754833 0.754833 0.754833
105.616074 0.000000 1172.576294 0.000000 0.526149 0.000000 -0.850393 1.064727 1.064727 1.064727
98.722893 0.000000 1161.950806 0.000000 0.583727 0.000000 -0.811950 1.060319 1.060319 1.060319
88.856911 0.000000 1215.072998 0.000000 0.242191 0.000000 -0.970229 1.084427 1.084427 1.084427
89.561012 0.000000 1213.833496 0.000000 0.055066 0.000000 -0.998483 1.096493 1.096493 1.096493
132.032562 0.000000 1217.783447 0.000000 0.769183 0.000000 -0.639029 0.652907 0.652907 0.652907
189.524185 0.000000 1203.241577 0.000000 0.857967 0.000000 -0.513704 0.616168 0.616168 0.616168
141.506989 0.000000 1221.986328 0.000000 0.184222 0.000000 -0.982885 0.798339 0.798339 0.798339
185.360489 0.000000 1197.428589 0.000000 0.256536 0.000000 -0.966535 0.741121 0.741121 0.741121
139.461288 0.000000 1213.766357 0.000000 0.463300 0.000000 -0.886202 0.700250 0.700250 0.700250
142.222244 0.000000 1209.322632 0.000000 0.488528 0.000000 -0.872548 0.683857 0.683857 0.683857
175.391937 0.000000 1207.452026 0.000000 0.075721 0.000000 -0.997129 0.750254 0.750254 0.750254
192.513977 0.000000 1202.252686 0.000000 0.270472 0.000000 -0.962728 0.779261 0.779261 0.779261
209.288193 0.000000 1191.253174 0.000000 0.452396 0.000000 -0.891817 0.699206 0.699206 0.699206
210.265594 0.000000 1188.880493 0.000000 0.839108 0.000000 -0.543965 0.804171 0.804171 0.804171
208.839233 0.000000 1192.227905 0.000000 0.590610 0.000000 -0.806957 0.926477 0.926477 0.926477
208.719742 0.000000 1193.253906 0.000000 0.571237 0.000000 -0.820785 0.930329 0.930329 0.930329
211.227814 0.000000 1190.709351 0.000000 0.117611 0.000000 -0.993060 1.009653 1.009653 1.009653
215.932129 0.000000 1191.176758 0.000000 0.579795 0.000000 -0.814762 1.091386 1.091386 1.091386
214.411774 0.000000 1190.016479 0.000000 0.817277 0.000000 -0.576245 1.041525 1.041525 1.041525
185.875793 0.000000 1313.236084 0.000000 0.364405 0.000000 -0.931241 1.055236 1.055236 1.055236
186.728516 0.000000 1312.814941 0.000000 0.269197 0.000000 -0.963085 1.129320 1.129320 1.129320
188.185959 0.000000 1313.201294 0.000000 0.844035 0.000000 -0.536288 1.036035 1.036035 1.036035
189.569534 0.000000 1312.450806 0.000000 0.600574 0.000000 -0.799569 1.058988 1.058988 1.058988
470.463898 0.000000 1323.383301 0.000000 0.714727 0.000000 -0.699403 1.107322 1.107322 1.107322
449.719574 0.000000 1340.018311 0.000000 0.157830 0.000000 -0.987466 1.089910 1.089910 1.089910
803.792847 0.000000 904.726562 0.000000 0.728647 0.000000 -0.684889 0.788342 0.788342 0.788342
778.298950 0.000000 904.399048 0.000000 0.757410 0.000000 -0.652940 1.045293 1.045293 1.045293
882.592529 0.000000 909.461182 0.000000 0.480028 0.000000 -0.877253 0.864566 0.864566 0.864566
226.001526 0.000000 1359.135620 0.000000 0.516822 0.000000 -0.856093 1.065423 1.065423 1.065423
227.477661 0.000000 1361.563599 0.000000 0.823540 0.000000 -0.567258 1.038399 1.038399 1.038399
226.516647 0.000000 1360.211670 0.000000 0.793855 0.000000 -0.608107 1.041614 1.041614 1.041614
458.331238 0.000000 2022.289429 0.000000 0.490935 0.000000 -0.871196 0.674665 0.674665 0.674665
460.863007 0.000000 2021.615479 0.000000 0.535623 0.000000 -0.844457 0.922888 0.922888 0.922888
497.253021 0.000000 2009.655273 0.000000 0.333052 0.000000 -0.942908 1.078384 1.078384 1.078384
494.246826 0.000000 2009.749878 0.000000 0.076837 0.000000 -0.997044 1.119719 1.119719 1.119719
557.465576 0.000000 1964.764648 0.000000 0.692591 0.000000 -0.721330 0.660218 0.660218 0.660218
551.382324 0.000000 1954.087280 0.000000 0.307813 0.000000 -0.951447 0.718102 0.718102 0.718102
555.550964 0.000000 1970.176025 0.000000 0.557730 0.000000 -0.830023 0.844807 0.844807 0.844807
564.024475 0.000000 1960.788696 0.000000 0.771406 0.000000 -0.636343 0.961776 0.961776 0.961776
553.023376 0.000000 1956.046265 0.000000 0.746697 0.000000 -0.665164 0.999930 0.999930 0.999930
545.506653 0.000000 1964.515015 0.000000 0.020264 0.000000 -0.999795 1.191097 1.191097 1.191097
553.358948 0.000000 1955.239136 0.000000 0.861185 0.000000 -0.508292 1.033945 1.033945 1.033945
561.982544 0.000000 1960.882324 0.000000 0.490216 0.000000 -0.871601 1.067384 1.067384 1.067384
522.930176 0.000000 1998.675781 0.000000 0.400315 0.000000 -0.916378 1.113551 1.113551 1.113551
"}
