object={
	name="pine_dense_generator_3_0"
	clamp_to_water_level=no
	render_under_water=no
	generated_content=yes
	layer="semidynamic_high"
	pdxmesh="tree_fir_001_mesh"
	count=146
	transform="105.204681 0.000000 3256.170654 0.000000 0.082024 0.000000 0.996630 0.379856 0.379856 0.379856
102.346771 0.000000 3273.866943 0.000000 0.422954 0.000000 0.906151 0.384541 0.384541 0.384541
119.062531 0.000000 3270.626953 0.000000 0.298520 0.000000 0.954403 0.382784 0.382784 0.382784
80.905243 0.000000 3273.508789 0.000000 0.206011 0.000000 0.978550 0.409602 0.409602 0.409602
93.418488 0.000000 3269.606934 0.000000 0.548770 0.000000 0.835973 0.430175 0.430175 0.430175
98.143951 0.000000 3270.598877 0.000000 0.271686 0.000000 0.962386 0.446870 0.446870 0.446870
100.687378 0.000000 3270.179688 0.000000 0.501145 0.000000 0.865363 0.463685 0.463685 0.463685
123.628609 0.000000 3263.284912 0.000000 0.319126 0.000000 0.947712 0.483785 0.483785 0.483785
114.113556 0.000000 3265.364746 0.000000 0.061185 0.000000 0.998126 0.496561 0.496561 0.496561
128.894745 0.000000 3249.909424 0.000000 0.475027 0.000000 0.879971 0.385550 0.385550 0.385550
143.800018 0.000000 3262.673096 0.000000 0.495091 0.000000 0.868841 0.415906 0.415906 0.415906
154.529633 0.000000 3275.016113 0.000000 0.504211 0.000000 0.863581 0.407681 0.407681 0.407681
136.309433 0.000000 3248.402588 0.000000 0.142977 0.000000 0.989726 0.414339 0.414339 0.414339
151.599747 0.000000 3274.164551 0.000000 0.221724 0.000000 0.975109 0.441229 0.441229 0.441229
150.444946 0.000000 3271.308105 0.000000 0.067313 0.000000 0.997732 0.454088 0.454088 0.454088
143.453247 0.000000 3268.584473 0.000000 0.194363 0.000000 0.980930 0.440687 0.440687 0.440687
35.667015 0.000000 3312.580078 0.000000 0.468166 0.000000 0.883641 0.385338 0.385338 0.385338
36.759830 0.000000 3297.469971 0.000000 0.046440 0.000000 0.998921 0.379221 0.379221 0.379221
14.604953 0.000000 3323.670654 0.000000 0.202004 0.000000 0.979385 0.380883 0.380883 0.380883
46.693954 0.000000 3308.152344 0.000000 0.435816 0.000000 0.900036 0.387315 0.387315 0.387315
19.362846 0.000000 3304.081543 0.000000 0.010108 0.000000 0.999949 0.389118 0.389118 0.389118
8.237345 0.000000 3324.120361 0.000000 0.246196 0.000000 0.969220 0.391504 0.391504 0.391504
0.144058 0.000000 3304.493896 0.000000 0.259160 0.000000 0.965834 0.418691 0.418691 0.418691
49.909103 0.000000 3307.935059 0.000000 0.207257 0.000000 0.978286 0.409623 0.409623 0.409623
25.336481 0.000000 3314.092041 0.000000 0.545226 0.000000 0.838289 0.440889 0.440889 0.440889
20.841717 0.000000 3310.659912 0.000000 0.577584 0.000000 0.816332 0.441620 0.441620 0.441620
17.266991 0.000000 3306.727539 0.000000 0.499111 0.000000 0.866538 0.433917 0.433917 0.433917
5.961202 0.000000 3326.726562 0.000000 0.140662 0.000000 0.990058 0.441924 0.441924 0.441924
62.095936 0.000000 3307.639893 0.000000 0.045936 0.000000 0.998944 0.449120 0.449120 0.449120
27.159679 0.000000 3330.222168 0.000000 0.551211 0.000000 0.834366 0.482758 0.482758 0.482758
63.974648 0.000000 3307.625244 0.000000 0.476639 0.000000 0.879099 0.458367 0.458367 0.458367
12.164110 0.000000 3311.603271 0.000000 0.139422 0.000000 0.990233 0.477178 0.477178 0.477178
24.350927 0.000000 3328.224121 0.000000 0.302982 0.000000 0.952996 0.473013 0.473013 0.473013
45.193310 0.000000 3296.943604 0.000000 0.583235 0.000000 0.812303 0.465736 0.465736 0.465736
36.687378 0.000000 3326.664062 0.000000 0.007610 0.000000 0.999971 0.465170 0.465170 0.465170
30.521889 0.000000 3309.539551 0.000000 0.003046 0.000000 0.999995 0.466186 0.466186 0.466186
36.191494 0.000000 3287.798584 0.000000 0.015699 0.000000 0.999877 0.470941 0.470941 0.470941
50.163815 0.000000 3323.069336 0.000000 0.292642 0.000000 0.956222 0.477380 0.477380 0.477380
44.329922 0.000000 3294.858643 0.000000 0.363383 0.000000 0.931640 0.473287 0.473287 0.473287
51.326736 0.000000 3323.609375 0.000000 0.347122 0.000000 0.937820 0.478696 0.478696 0.478696
17.206537 0.000000 3313.425049 0.000000 0.369777 0.000000 0.929121 0.492004 0.492004 0.492004
28.428997 0.000000 3315.437256 0.000000 0.381133 0.000000 0.924520 0.556438 0.556438 0.556438
4.560974 0.000000 3322.375244 0.000000 0.429817 0.000000 0.902916 0.509872 0.509872 0.509872
43.277710 0.000000 3289.106445 0.000000 0.156566 0.000000 0.987668 0.494523 0.494523 0.494523
26.672768 0.000000 3314.369141 0.000000 0.535741 0.000000 0.844382 0.565211 0.565211 0.565211
21.500027 0.000000 3306.277588 0.000000 0.217778 0.000000 0.975998 0.554256 0.554256 0.554256
56.525902 0.000000 3317.517090 0.000000 0.559695 0.000000 0.828699 0.559540 0.559540 0.559540
20.944990 0.000000 3309.377930 0.000000 0.441291 0.000000 0.897364 0.561462 0.561462 0.561462
19.048855 0.000000 3309.339355 0.000000 0.170391 0.000000 0.985377 0.554088 0.554088 0.554088
27.588709 0.000000 3312.876465 0.000000 0.269683 0.000000 0.962949 0.556456 0.556456 0.556456
21.483664 0.000000 3307.828369 0.000000 0.013166 0.000000 0.999913 0.547269 0.547269 0.547269
64.513977 0.000000 3292.174561 0.000000 0.069690 0.000000 0.997569 0.379914 0.379914 0.379914
73.278114 0.000000 3326.177246 0.000000 0.565252 0.000000 0.824919 0.386729 0.386729 0.386729
70.056931 0.000000 3321.031494 0.000000 0.246764 0.000000 0.969076 0.381789 0.381789 0.381789
102.646332 0.000000 3308.250977 0.000000 0.176904 0.000000 0.984228 0.386940 0.386940 0.386940
77.872208 0.000000 3304.496338 0.000000 0.474642 0.000000 0.880179 0.395150 0.395150 0.395150
68.035370 0.000000 3282.313477 0.000000 0.070078 0.000000 0.997542 0.395803 0.395803 0.395803
92.720062 0.000000 3316.602783 0.000000 0.027567 0.000000 0.999620 0.407790 0.407790 0.407790
68.189896 0.000000 3321.257080 0.000000 0.093456 0.000000 0.995623 0.403109 0.403109 0.403109
91.504211 0.000000 3290.072021 0.000000 0.052539 0.000000 0.998619 0.420815 0.420815 0.420815
69.832741 0.000000 3307.959473 0.000000 0.447453 0.000000 0.894308 0.429291 0.429291 0.429291
104.256470 0.000000 3292.941406 0.000000 0.077483 0.000000 0.996994 0.423550 0.423550 0.423550
71.620750 0.000000 3282.322998 0.000000 0.409761 0.000000 0.912193 0.426180 0.426180 0.426180
127.169304 0.000000 3292.971436 0.000000 0.344755 0.000000 0.938693 0.429646 0.429646 0.429646
75.735130 0.000000 3320.146973 0.000000 0.094839 0.000000 0.995493 0.434170 0.434170 0.434170
69.431526 0.000000 3286.870361 0.000000 0.584213 0.000000 0.811600 0.448982 0.448982 0.448982
123.524094 0.000000 3289.552979 0.000000 0.424324 0.000000 0.905511 0.463040 0.463040 0.463040
127.116135 0.000000 3295.843506 0.000000 0.283769 0.000000 0.958893 0.476017 0.476017 0.476017
99.032364 0.000000 3293.729980 0.000000 0.188858 0.000000 0.982004 0.472653 0.472653 0.472653
91.430893 0.000000 3316.728516 0.000000 0.547656 0.000000 0.836704 0.507502 0.507502 0.507502
86.048248 0.000000 3299.206787 0.000000 0.306558 0.000000 0.951852 0.496112 0.496112 0.496112
78.365845 0.000000 3319.091064 0.000000 0.210789 0.000000 0.977532 0.497043 0.497043 0.497043
69.217232 0.000000 3324.242676 0.000000 0.500933 0.000000 0.865486 0.500242 0.500242 0.500242
70.969849 0.000000 3308.417969 0.000000 0.367978 0.000000 0.929834 0.502353 0.502353 0.502353
94.526169 0.000000 3320.549072 0.000000 0.173276 0.000000 0.984873 0.497205 0.497205 0.497205
67.154587 0.000000 3296.845703 0.000000 0.210309 0.000000 0.977635 0.498163 0.498163 0.498163
109.243729 0.000000 3284.955811 0.000000 0.050638 0.000000 0.998717 0.494068 0.494068 0.494068
88.446518 0.000000 3319.432861 0.000000 0.241172 0.000000 0.970482 0.541831 0.541831 0.541831
76.296654 0.000000 3329.679443 0.000000 0.067563 0.000000 0.997715 0.525485 0.525485 0.525485
96.682053 0.000000 3293.508057 0.000000 0.015015 0.000000 0.999887 0.530499 0.530499 0.530499
79.381622 0.000000 3331.660400 0.000000 0.366511 0.000000 0.930414 0.543574 0.543574 0.543574
26.364723 0.000000 3358.139404 0.000000 0.526273 0.000000 0.850316 0.386600 0.386600 0.386600
41.967705 0.000000 3362.395996 0.000000 0.206059 0.000000 0.978540 0.381281 0.381281 0.381281
15.671463 0.000000 3334.107178 0.000000 0.410347 0.000000 0.911929 0.384065 0.384065 0.384065
33.910469 0.000000 3374.900879 0.000000 0.455532 0.000000 0.890219 0.384761 0.384761 0.384761
24.422159 0.000000 3362.278320 0.000000 0.388183 0.000000 0.921582 0.417486 0.417486 0.417486
0.850533 0.000000 3373.142822 0.000000 0.184657 0.000000 0.982803 0.412733 0.412733 0.412733
14.389839 0.000000 3370.362549 0.000000 0.520008 0.000000 0.854161 0.423583 0.423583 0.423583
16.728302 0.000000 3332.584717 0.000000 0.383634 0.000000 0.923485 0.418586 0.418586 0.418586
42.375282 0.000000 3364.121338 0.000000 0.372439 0.000000 0.928057 0.438418 0.438418 0.438418
53.385391 0.000000 3363.185303 0.000000 0.297423 0.000000 0.954746 0.445075 0.445075 0.445075
10.583752 0.000000 3358.802246 0.000000 0.444812 0.000000 0.895624 0.441094 0.441094 0.441094
49.393646 0.000000 3356.408691 0.000000 0.542711 0.000000 0.839920 0.437241 0.437241 0.437241
40.074829 0.000000 3364.911133 0.000000 0.386398 0.000000 0.922332 0.470341 0.470341 0.470341
44.311096 0.000000 3346.167236 0.000000 0.482912 0.000000 0.875669 0.459697 0.459697 0.459697
32.342602 0.000000 3367.623535 0.000000 0.550385 0.000000 0.834911 0.486294 0.486294 0.486294
6.218693 0.000000 3351.652100 0.000000 0.120506 0.000000 0.992713 0.469955 0.469955 0.469955
21.323334 0.000000 3373.800049 0.000000 0.024343 0.000000 0.999704 0.464422 0.464422 0.464422
36.154572 0.000000 3340.280518 0.000000 0.153073 0.000000 0.988215 0.496685 0.496685 0.496685
50.304165 0.000000 3358.965820 0.000000 0.318580 0.000000 0.947896 0.478003 0.478003 0.478003
26.370832 0.000000 3355.167969 0.000000 0.121850 0.000000 0.992549 0.467722 0.467722 0.467722
46.601547 0.000000 3339.680664 0.000000 0.251318 0.000000 0.967905 0.506051 0.506051 0.506051
32.813766 0.000000 3370.432861 0.000000 0.264995 0.000000 0.964250 0.499593 0.499593 0.499593
32.590862 0.000000 3359.718994 0.000000 0.437696 0.000000 0.899123 0.508938 0.508938 0.508938
32.901836 0.000000 3339.461914 0.000000 0.024044 0.000000 0.999711 0.503343 0.503343 0.503343
58.833580 0.000000 3351.987305 0.000000 0.218306 0.000000 0.975880 0.505162 0.505162 0.505162
60.196640 0.000000 3342.348145 0.000000 0.388079 0.000000 0.921626 0.560755 0.560755 0.560755
39.517021 0.000000 3367.266357 0.000000 0.166410 0.000000 0.986057 0.541716 0.541716 0.541716
2.628021 0.000000 3347.125244 0.000000 0.466593 0.000000 0.884472 0.548061 0.548061 0.548061
24.152920 0.000000 3344.950439 0.000000 0.559729 0.000000 0.828676 0.567593 0.567593 0.567593
72.614334 0.000000 3346.106934 0.000000 0.182180 0.000000 0.983265 0.380670 0.380670 0.380670
68.635590 0.000000 3344.980957 0.000000 0.466130 0.000000 0.884716 0.443919 0.443919 0.443919
88.030243 0.000000 3345.883301 0.000000 0.143660 0.000000 0.989627 0.427049 0.427049 0.427049
89.534439 0.000000 3342.140137 0.000000 0.384596 0.000000 0.923085 0.459785 0.459785 0.459785
79.028893 0.000000 3345.684082 0.000000 0.472415 0.000000 0.881376 0.467716 0.467716 0.467716
77.344154 0.000000 3346.867920 0.000000 0.130712 0.000000 0.991420 0.496111 0.496111 0.496111
88.231407 0.000000 3334.256348 0.000000 0.406454 0.000000 0.913671 0.496454 0.496454 0.496454
86.163383 0.000000 3335.543457 0.000000 0.037245 0.000000 0.999306 0.493727 0.493727 0.493727
72.070992 0.000000 3336.370850 0.000000 0.513194 0.000000 0.858272 0.546199 0.546199 0.546199
76.067322 0.000000 3332.665283 0.000000 0.076169 0.000000 0.997095 0.550972 0.550972 0.550972
71.659203 0.000000 3337.312012 0.000000 0.065741 0.000000 0.997837 0.545106 0.545106 0.545106
70.207474 0.000000 3336.765381 0.000000 0.408037 0.000000 0.912965 0.558036 0.558036 0.558036
140.112305 0.000000 3291.000488 0.000000 0.569104 0.000000 0.822265 0.386793 0.386793 0.386793
153.706726 0.000000 3289.733154 0.000000 0.042622 0.000000 0.999091 0.378940 0.378940 0.378940
151.068283 0.000000 3280.604980 0.000000 0.081765 0.000000 0.996652 0.382057 0.382057 0.382057
147.576492 0.000000 3311.545410 0.000000 0.296332 0.000000 0.955085 0.400541 0.400541 0.400541
153.598160 0.000000 3299.725342 0.000000 0.135428 0.000000 0.990787 0.397979 0.397979 0.397979
128.597443 0.000000 3296.561035 0.000000 0.555833 0.000000 0.831294 0.407438 0.407438 0.407438
139.084900 0.000000 3286.472412 0.000000 0.574576 0.000000 0.818451 0.428319 0.428319 0.428319
144.985138 0.000000 3298.269531 0.000000 0.300069 0.000000 0.953918 0.411202 0.411202 0.411202
147.935532 0.000000 3285.852295 0.000000 0.323686 0.000000 0.946165 0.424550 0.424550 0.424550
153.036407 0.000000 3301.028564 0.000000 0.419433 0.000000 0.907786 0.481657 0.481657 0.481657
140.215469 0.000000 3286.950195 0.000000 0.395565 0.000000 0.918438 0.484547 0.484547 0.484547
156.615662 0.000000 3310.580322 0.000000 0.549335 0.000000 0.835602 0.514626 0.514626 0.514626
11.316457 0.000000 3389.979492 0.000000 0.165876 0.000000 0.986147 0.433223 0.433223 0.433223
29.948423 0.000000 3486.667236 0.000000 0.029377 0.000000 0.999568 0.474608 0.474608 0.474608
36.170723 0.000000 3499.943604 0.000000 0.124358 0.000000 0.992237 0.470043 0.470043 0.470043
13.796769 0.000000 3484.559814 0.000000 0.505044 0.000000 0.863094 0.494481 0.494481 0.494481
28.231855 0.000000 3487.149658 0.000000 0.002412 0.000000 0.999997 0.473981 0.473981 0.473981
34.110806 0.000000 3500.329102 0.000000 0.469288 0.000000 0.883045 0.522665 0.522665 0.522665
5.068857 0.000000 3499.173096 0.000000 0.567774 0.000000 0.823184 0.536410 0.536410 0.536410
13.516880 0.000000 3486.815674 0.000000 0.171240 0.000000 0.985229 0.537428 0.537428 0.537428
32.618023 0.000000 3505.396973 0.000000 0.485612 0.000000 0.874175 0.385766 0.385766 0.385766
29.096748 0.000000 3502.427490 0.000000 0.017535 0.000000 0.999846 0.404184 0.404184 0.404184
14.749677 0.000000 3502.062256 0.000000 0.463653 0.000000 0.886017 0.426044 0.426044 0.426044
12.654842 0.000000 3505.735596 0.000000 0.270849 0.000000 0.962622 0.503166 0.503166 0.503166
"}
object={
	name="pine_dense_generator_3_1"
	clamp_to_water_level=no
	render_under_water=no
	generated_content=yes
	layer="semidynamic_high"
	pdxmesh="tree_fir_002_mesh"
	count=147
	transform="54.864239 0.000000 3274.607910 0.000000 0.752806 0.000000 0.658243 0.390457 0.390457 0.390457
109.311035 0.000000 3253.959229 0.000000 0.816070 0.000000 0.577952 0.391785 0.391785 0.391785
116.706345 0.000000 3275.924805 0.000000 0.683440 0.000000 0.730007 0.391610 0.391610 0.391610
106.442177 0.000000 3247.660156 0.000000 0.904471 0.000000 0.426535 0.423517 0.423517 0.423517
100.830185 0.000000 3254.537109 0.000000 0.795923 0.000000 0.605398 0.432480 0.432480 0.432480
92.899796 0.000000 3271.157959 0.000000 0.851736 0.000000 0.523972 0.452903 0.452903 0.452903
118.280472 0.000000 3266.188721 0.000000 0.781237 0.000000 0.624235 0.443173 0.443173 0.443173
105.341949 0.000000 3248.259277 0.000000 0.782966 0.000000 0.622064 0.524166 0.524166 0.524166
94.526169 0.000000 3264.064697 0.000000 0.946678 0.000000 0.322181 0.526877 0.526877 0.526877
145.722641 0.000000 3271.786621 0.000000 0.782591 0.000000 0.622536 0.390874 0.390874 0.390874
142.401901 0.000000 3261.305176 0.000000 0.916571 0.000000 0.399871 0.405010 0.405010 0.405010
139.557465 0.000000 3259.557129 0.000000 0.835511 0.000000 0.549473 0.424951 0.424951 0.424951
141.317169 0.000000 3272.836670 0.000000 0.911328 0.000000 0.411681 0.433886 0.433886 0.433886
152.891571 0.000000 3265.964600 0.000000 0.784851 0.000000 0.619685 0.433401 0.433401 0.433401
142.222244 0.000000 3242.760254 0.000000 0.777955 0.000000 0.628320 0.452932 0.452932 0.452932
139.039215 0.000000 3235.865723 0.000000 0.785832 0.000000 0.618440 0.443309 0.443309 0.443309
145.775757 0.000000 3267.182617 0.000000 0.744156 0.000000 0.668006 0.476383 0.476383 0.476383
155.159683 0.000000 3273.737793 0.000000 0.938968 0.000000 0.344006 0.476989 0.476989 0.476989
130.058350 0.000000 3238.048828 0.000000 0.793823 0.000000 0.608149 0.474371 0.474371 0.474371
132.370407 0.000000 3246.198975 0.000000 0.877706 0.000000 0.479199 0.498835 0.498835 0.498835
137.391281 0.000000 3254.172852 0.000000 0.858853 0.000000 0.512223 0.521496 0.521496 0.521496
135.893326 0.000000 3247.562256 0.000000 0.785423 0.000000 0.618959 0.574094 0.574094 0.574094
35.991211 0.000000 3291.820312 0.000000 0.888791 0.000000 0.458313 0.393724 0.393724 0.393724
34.015045 0.000000 3296.589355 0.000000 0.935527 0.000000 0.353255 0.395259 0.395259 0.395259
40.015656 0.000000 3283.722412 0.000000 0.883131 0.000000 0.469126 0.393539 0.393539 0.393539
36.620575 0.000000 3322.802246 0.000000 0.751810 0.000000 0.659380 0.390329 0.390329 0.390329
34.857525 0.000000 3305.222656 0.000000 0.798511 0.000000 0.601980 0.391259 0.391259 0.391259
58.637383 0.000000 3303.027344 0.000000 0.783179 0.000000 0.621797 0.390719 0.390719 0.390719
2.268880 0.000000 3329.527588 0.000000 0.614071 0.000000 0.789251 0.404922 0.404922 0.404922
40.756283 0.000000 3281.560303 0.000000 0.663419 0.000000 0.748248 0.414461 0.414461 0.414461
35.093071 0.000000 3298.469971 0.000000 0.820629 0.000000 0.571462 0.415798 0.415798 0.415798
26.057093 0.000000 3311.556885 0.000000 0.937614 0.000000 0.347679 0.443959 0.443959 0.443959
4.140621 0.000000 3317.661621 0.000000 0.881042 0.000000 0.473038 0.456526 0.456526 0.456526
52.695446 0.000000 3323.065918 0.000000 0.771169 0.000000 0.636630 0.463784 0.463784 0.463784
29.034491 0.000000 3329.577637 0.000000 0.740011 0.000000 0.672595 0.472589 0.472589 0.472589
37.604137 0.000000 3298.677734 0.000000 0.664583 0.000000 0.747215 0.452189 0.452189 0.452189
44.311096 0.000000 3289.682861 0.000000 0.943772 0.000000 0.330597 0.498824 0.498824 0.498824
44.409813 0.000000 3302.122070 0.000000 0.943932 0.000000 0.330140 0.469687 0.469687 0.469687
1.280078 0.000000 3309.943115 0.000000 0.648625 0.000000 0.761108 0.460237 0.460237 0.460237
46.953838 0.000000 3329.493408 0.000000 0.907693 0.000000 0.419634 0.492861 0.492861 0.492861
52.696011 0.000000 3312.197510 0.000000 0.858365 0.000000 0.513040 0.494205 0.494205 0.494205
44.655357 0.000000 3328.019043 0.000000 0.844947 0.000000 0.534850 0.505992 0.505992 0.505992
14.057305 0.000000 3310.756104 0.000000 0.801596 0.000000 0.597867 0.502919 0.502919 0.502919
59.628609 0.000000 3319.769287 0.000000 0.910705 0.000000 0.413058 0.516854 0.516854 0.516854
36.740711 0.000000 3301.195801 0.000000 0.924534 0.000000 0.381098 0.522749 0.522749 0.522749
56.310936 0.000000 3320.745850 0.000000 0.701720 0.000000 0.712453 0.493224 0.493224 0.493224
46.526077 0.000000 3303.822021 0.000000 0.903227 0.000000 0.429163 0.548879 0.548879 0.548879
55.347305 0.000000 3332.145020 0.000000 0.938995 0.000000 0.343931 0.516188 0.516188 0.516188
43.132683 0.000000 3291.460693 0.000000 0.904109 0.000000 0.427301 0.543948 0.543948 0.543948
60.967083 0.000000 3287.683105 0.000000 0.814709 0.000000 0.579871 0.562247 0.562247 0.562247
2.473505 0.000000 3323.264404 0.000000 0.724973 0.000000 0.688777 0.575189 0.575189 0.575189
98.735794 0.000000 3315.746826 0.000000 0.944428 0.000000 0.328719 0.395501 0.395501 0.395501
87.935638 0.000000 3313.148926 0.000000 0.598648 0.000000 0.801012 0.393685 0.393685 0.393685
123.739182 0.000000 3280.600342 0.000000 0.922506 0.000000 0.385982 0.400160 0.400160 0.400160
98.508087 0.000000 3322.659424 0.000000 0.759878 0.000000 0.650066 0.405564 0.405564 0.405564
123.529694 0.000000 3276.740723 0.000000 0.639263 0.000000 0.768988 0.406639 0.406639 0.406639
85.422607 0.000000 3300.448730 0.000000 0.812968 0.000000 0.582308 0.411854 0.411854 0.411854
94.652313 0.000000 3288.179199 0.000000 0.921290 0.000000 0.388875 0.430519 0.430519 0.430519
66.335571 0.000000 3307.323730 0.000000 0.615906 0.000000 0.787820 0.421953 0.421953 0.421953
71.546753 0.000000 3307.398682 0.000000 0.886137 0.000000 0.463423 0.431641 0.431641 0.431641
74.331238 0.000000 3321.430176 0.000000 0.626836 0.000000 0.779151 0.445190 0.445190 0.445190
77.681732 0.000000 3321.762695 0.000000 0.877649 0.000000 0.479303 0.453886 0.453886 0.453886
125.240158 0.000000 3290.125000 0.000000 0.933405 0.000000 0.358824 0.461478 0.461478 0.461478
118.041946 0.000000 3276.135986 0.000000 0.840807 0.000000 0.541335 0.477343 0.477343 0.477343
66.875809 0.000000 3308.680420 0.000000 0.741953 0.000000 0.670452 0.497016 0.497016 0.497016
73.525330 0.000000 3298.141602 0.000000 0.947884 0.000000 0.318615 0.499114 0.499114 0.499114
65.993652 0.000000 3299.543701 0.000000 0.717760 0.000000 0.696290 0.479194 0.479194 0.479194
125.819008 0.000000 3277.458984 0.000000 0.861561 0.000000 0.507654 0.483163 0.483163 0.483163
93.510239 0.000000 3290.156738 0.000000 0.712213 0.000000 0.701964 0.464434 0.464434 0.464434
69.575455 0.000000 3297.442383 0.000000 0.884260 0.000000 0.466995 0.495414 0.495414 0.495414
83.222488 0.000000 3317.926758 0.000000 0.901390 0.000000 0.433007 0.498790 0.498790 0.498790
68.470490 0.000000 3311.082764 0.000000 0.662230 0.000000 0.749301 0.495567 0.495567 0.495567
101.762863 0.000000 3319.971191 0.000000 0.922384 0.000000 0.386275 0.522606 0.522606 0.522606
87.734016 0.000000 3317.994873 0.000000 0.906790 0.000000 0.421583 0.557849 0.557849 0.557849
103.595184 0.000000 3319.191650 0.000000 0.863511 0.000000 0.504330 0.518014 0.518014 0.518014
101.454811 0.000000 3305.277588 0.000000 0.697997 0.000000 0.716101 0.508791 0.508791 0.508791
90.614151 0.000000 3319.737305 0.000000 0.932489 0.000000 0.361199 0.532107 0.532107 0.532107
120.214096 0.000000 3287.620850 0.000000 0.603644 0.000000 0.797254 0.509242 0.509242 0.509242
89.886429 0.000000 3318.166260 0.000000 0.920717 0.000000 0.390230 0.570114 0.570114 0.570114
69.747276 0.000000 3309.064697 0.000000 0.693417 0.000000 0.720536 0.512243 0.512243 0.512243
84.037033 0.000000 3315.842529 0.000000 0.688294 0.000000 0.725432 0.564723 0.564723 0.564723
76.307373 0.000000 3316.854248 0.000000 0.715932 0.000000 0.698170 0.573316 0.573316 0.573316
79.914169 0.000000 3316.217773 0.000000 0.620939 0.000000 0.783859 0.540668 0.540668 0.540668
94.344269 0.000000 3302.752441 0.000000 0.741417 0.000000 0.671045 0.575924 0.575924 0.575924
82.954178 0.000000 3315.009521 0.000000 0.861536 0.000000 0.507697 0.582451 0.582451 0.582451
44.083351 0.000000 3352.639160 0.000000 0.767632 0.000000 0.640891 0.390830 0.390830 0.390830
31.005480 0.000000 3367.482910 0.000000 0.726134 0.000000 0.687553 0.398635 0.398635 0.398635
47.448093 0.000000 3357.085693 0.000000 0.901664 0.000000 0.432437 0.423410 0.423410 0.423410
34.934750 0.000000 3336.147217 0.000000 0.949708 0.000000 0.313137 0.420415 0.420415 0.420415
35.217339 0.000000 3343.416748 0.000000 0.809550 0.000000 0.587051 0.426673 0.426673 0.426673
50.317932 0.000000 3337.031250 0.000000 0.828443 0.000000 0.560073 0.428473 0.428473 0.428473
25.336481 0.000000 3370.576416 0.000000 0.615569 0.000000 0.788083 0.421946 0.421946 0.421946
8.987039 0.000000 3387.286133 0.000000 0.868344 0.000000 0.495962 0.459767 0.459767 0.459767
3.051579 0.000000 3382.430664 0.000000 0.841992 0.000000 0.539491 0.446334 0.446334 0.446334
14.035357 0.000000 3358.577881 0.000000 0.922256 0.000000 0.386580 0.449529 0.449529 0.449529
31.303284 0.000000 3359.589600 0.000000 0.796310 0.000000 0.604888 0.475688 0.475688 0.475688
5.961202 0.000000 3383.210938 0.000000 0.608339 0.000000 0.793678 0.445951 0.445951 0.445951
13.467096 0.000000 3381.224854 0.000000 0.942975 0.000000 0.332865 0.454402 0.454402 0.454402
11.568609 0.000000 3388.531494 0.000000 0.876145 0.000000 0.482048 0.450072 0.450072 0.450072
60.055450 0.000000 3338.495361 0.000000 0.791295 0.000000 0.611434 0.484114 0.484114 0.484114
61.294666 0.000000 3348.093506 0.000000 0.863049 0.000000 0.505120 0.455817 0.455817 0.455817
49.824791 0.000000 3343.063477 0.000000 0.803596 0.000000 0.595175 0.477179 0.477179 0.477179
20.196480 0.000000 3381.340332 0.000000 0.888097 0.000000 0.459655 0.486859 0.486859 0.486859
54.252510 0.000000 3335.132812 0.000000 0.927544 0.000000 0.373713 0.482636 0.482636 0.482636
3.094740 0.000000 3387.362305 0.000000 0.858370 0.000000 0.513032 0.474322 0.474322 0.474322
30.425444 0.000000 3339.462402 0.000000 0.772536 0.000000 0.634972 0.489566 0.489566 0.489566
21.231127 0.000000 3371.090576 0.000000 0.771703 0.000000 0.635983 0.476068 0.476068 0.476068
39.319569 0.000000 3357.290771 0.000000 0.616259 0.000000 0.787543 0.477399 0.477399 0.477399
41.821636 0.000000 3347.035156 0.000000 0.644186 0.000000 0.764869 0.492603 0.492603 0.492603
21.902266 0.000000 3378.064453 0.000000 0.917682 0.000000 0.397316 0.497184 0.497184 0.497184
1.354263 0.000000 3374.294189 0.000000 0.931273 0.000000 0.364322 0.509350 0.509350 0.509350
41.785397 0.000000 3366.661377 0.000000 0.908584 0.000000 0.417703 0.546740 0.546740 0.546740
0.213211 0.000000 3344.679688 0.000000 0.804792 0.000000 0.593557 0.518989 0.518989 0.518989
18.479362 0.000000 3379.221680 0.000000 0.882166 0.000000 0.470939 0.520225 0.520225 0.520225
61.552040 0.000000 3341.891357 0.000000 0.914699 0.000000 0.404137 0.585729 0.585729 0.585729
24.446520 0.000000 3375.917236 0.000000 0.875633 0.000000 0.482976 0.563255 0.563255 0.563255
62.436516 0.000000 3343.100342 0.000000 0.902818 0.000000 0.430022 0.550099 0.550099 0.550099
1.787140 0.000000 3347.917480 0.000000 0.677675 0.000000 0.735362 0.572526 0.572526 0.572526
38.621902 0.000000 3366.753906 0.000000 0.933789 0.000000 0.357823 0.573691 0.573691 0.573691
82.283546 0.000000 3333.710938 0.000000 0.912821 0.000000 0.408359 0.394476 0.394476 0.394476
97.491730 0.000000 3338.473389 0.000000 0.759631 0.000000 0.650354 0.391942 0.391942 0.391942
67.915771 0.000000 3337.191162 0.000000 0.881035 0.000000 0.473051 0.446505 0.446505 0.446505
79.446320 0.000000 3348.596191 0.000000 0.934876 0.000000 0.354975 0.460292 0.460292 0.460292
67.455811 0.000000 3351.259277 0.000000 0.850089 0.000000 0.526640 0.477714 0.477714 0.477714
91.442390 0.000000 3341.000977 0.000000 0.805880 0.000000 0.592078 0.523935 0.523935 0.523935
69.924324 0.000000 3348.217529 0.000000 0.776109 0.000000 0.630599 0.515348 0.515348 0.515348
65.343918 0.000000 3345.891602 0.000000 0.753425 0.000000 0.657534 0.564062 0.564062 0.564062
64.405838 0.000000 3342.354248 0.000000 0.708968 0.000000 0.705240 0.521236 0.521236 0.521236
151.885269 0.000000 3301.873779 0.000000 0.720067 0.000000 0.693904 0.403431 0.403431 0.403431
137.322266 0.000000 3295.061279 0.000000 0.805029 0.000000 0.593235 0.412886 0.412886 0.412886
146.362778 0.000000 3308.730225 0.000000 0.664766 0.000000 0.747051 0.442489 0.442489 0.442489
136.280045 0.000000 3310.324707 0.000000 0.786014 0.000000 0.618209 0.439611 0.439611 0.439611
128.233856 0.000000 3289.537109 0.000000 0.933924 0.000000 0.357471 0.434895 0.434895 0.434895
142.222244 0.000000 3299.244629 0.000000 0.607213 0.000000 0.794539 0.453147 0.453147 0.453147
145.818085 0.000000 3295.254883 0.000000 0.831298 0.000000 0.555826 0.447215 0.447215 0.447215
140.289764 0.000000 3289.541016 0.000000 0.858189 0.000000 0.513334 0.461865 0.461865 0.461865
155.322571 0.000000 3300.563721 0.000000 0.799171 0.000000 0.601104 0.475789 0.475789 0.475789
10.565080 0.000000 3391.611328 0.000000 0.871030 0.000000 0.491229 0.392923 0.392923 0.392923
30.953568 0.000000 3501.799316 0.000000 0.779684 0.000000 0.626173 0.390946 0.390946 0.390946
8.627663 0.000000 3485.571289 0.000000 0.826280 0.000000 0.563259 0.444566 0.444566 0.444566
10.331238 0.000000 3490.883301 0.000000 0.860010 0.000000 0.510277 0.473145 0.473145 0.473145
11.042677 0.000000 3486.578857 0.000000 0.876833 0.000000 0.480795 0.582457 0.582457 0.582457
39.150368 0.000000 3498.926025 0.000000 0.906365 0.000000 0.422496 0.524102 0.524102 0.524102
6.709904 0.000000 3501.676758 0.000000 0.905606 0.000000 0.424120 0.584090 0.584090 0.584090
4.944921 0.000000 3500.831055 0.000000 0.723470 0.000000 0.690356 0.570894 0.570894 0.570894
35.792835 0.000000 3503.007812 0.000000 0.787297 0.000000 0.616573 0.519468 0.519468 0.519468
7.012550 0.000000 3503.122070 0.000000 0.919968 0.000000 0.391993 0.568805 0.568805 0.568805
"}
object={
	name="pine_dense_generator_3_2"
	clamp_to_water_level=no
	render_under_water=no
	generated_content=yes
	layer="semidynamic_high"
	pdxmesh="tree_fir_003_mesh"
	count=145
	transform="41.205414 0.000000 3276.065674 0.000000 0.998648 0.000000 -0.051978 0.494592 0.494592 0.494592
125.282028 0.000000 3263.564697 0.000000 0.997780 0.000000 -0.066602 0.423924 0.423924 0.423924
118.904381 0.000000 3255.917725 0.000000 0.998680 0.000000 -0.051355 0.478820 0.478820 0.478820
101.210297 0.000000 3251.690918 0.000000 0.978910 0.000000 -0.204293 0.477957 0.477957 0.477957
119.777786 0.000000 3248.544434 0.000000 0.961547 0.000000 0.274640 0.509078 0.509078 0.509078
120.732346 0.000000 3268.166504 0.000000 0.999616 0.000000 -0.027713 0.480961 0.480961 0.480961
121.239830 0.000000 3262.938721 0.000000 0.997243 0.000000 -0.074203 0.534566 0.534566 0.534566
95.890366 0.000000 3265.850586 0.000000 0.958955 0.000000 -0.283559 0.542671 0.542671 0.542671
128.936142 0.000000 3242.218994 0.000000 0.962245 0.000000 0.272184 0.396229 0.396229 0.396229
149.609955 0.000000 3252.258301 0.000000 0.955718 0.000000 0.294286 0.436044 0.436044 0.436044
147.881607 0.000000 3258.146973 0.000000 0.960817 0.000000 -0.277183 0.463390 0.463390 0.463390
134.251740 0.000000 3258.749756 0.000000 0.993026 0.000000 0.117895 0.511587 0.511587 0.511587
138.112869 0.000000 3256.766113 0.000000 0.962007 0.000000 0.273023 0.491291 0.491291 0.491291
11.406173 0.000000 3309.164551 0.000000 0.972031 0.000000 -0.234854 0.403220 0.403220 0.403220
41.650856 0.000000 3285.380371 0.000000 0.987934 0.000000 0.154875 0.403637 0.403637 0.403637
43.596478 0.000000 3324.635254 0.000000 0.968034 0.000000 0.250821 0.407351 0.407351 0.407351
39.465622 0.000000 3285.979492 0.000000 0.967579 0.000000 -0.252567 0.426892 0.426892 0.426892
40.688873 0.000000 3300.494141 0.000000 0.992370 0.000000 0.123294 0.417047 0.417047 0.417047
50.216225 0.000000 3320.638672 0.000000 0.964859 0.000000 0.262769 0.425093 0.425093 0.425093
21.843559 0.000000 3326.378418 0.000000 0.957759 0.000000 0.287571 0.414454 0.414454 0.414454
34.177551 0.000000 3303.026855 0.000000 0.999952 0.000000 -0.009752 0.436111 0.436111 0.436111
58.270859 0.000000 3284.427490 0.000000 0.961092 0.000000 -0.276228 0.455345 0.455345 0.455345
60.473179 0.000000 3303.077881 0.000000 0.995804 0.000000 -0.091508 0.433533 0.433533 0.433533
7.260428 0.000000 3322.698242 0.000000 0.998860 0.000000 0.047744 0.436449 0.436449 0.436449
2.335570 0.000000 3307.323730 0.000000 0.990656 0.000000 -0.136385 0.459391 0.459391 0.459391
42.135204 0.000000 3280.593262 0.000000 0.971982 0.000000 -0.235056 0.458581 0.458581 0.458581
16.024700 0.000000 3317.512451 0.000000 0.999933 0.000000 -0.011600 0.461003 0.461003 0.461003
47.029823 0.000000 3290.337158 0.000000 0.968216 0.000000 0.250116 0.458588 0.458588 0.458588
37.106609 0.000000 3288.691650 0.000000 0.973341 0.000000 0.229365 0.450023 0.450023 0.450023
51.663757 0.000000 3277.262207 0.000000 0.960015 0.000000 0.279949 0.457999 0.457999 0.457999
15.217508 0.000000 3308.242188 0.000000 0.979815 0.000000 0.199905 0.455714 0.455714 0.455714
59.913876 0.000000 3304.416504 0.000000 0.960416 0.000000 0.278568 0.459302 0.459302 0.459302
1.626224 0.000000 3331.010986 0.000000 0.992554 0.000000 -0.121805 0.494790 0.494790 0.494790
42.601505 0.000000 3327.942383 0.000000 0.965532 0.000000 -0.260283 0.513902 0.513902 0.513902
40.459255 0.000000 3305.613281 0.000000 0.991306 0.000000 -0.131574 0.509556 0.509556 0.509556
56.732346 0.000000 3324.650879 0.000000 0.990140 0.000000 -0.140084 0.507104 0.507104 0.507104
6.251746 0.000000 3315.234131 0.000000 0.999918 0.000000 -0.012804 0.506829 0.506829 0.506829
14.689802 0.000000 3312.437988 0.000000 0.992104 0.000000 0.125418 0.489445 0.489445 0.489445
57.099350 0.000000 3323.095947 0.000000 0.994475 0.000000 -0.104978 0.524786 0.524786 0.524786
5.108880 0.000000 3325.726318 0.000000 0.977256 0.000000 0.212061 0.509330 0.509330 0.509330
39.639126 0.000000 3303.166992 0.000000 0.989910 0.000000 0.141698 0.507151 0.507151 0.507151
16.512390 0.000000 3311.839111 0.000000 0.999564 0.000000 0.029519 0.539750 0.539750 0.539750
53.270882 0.000000 3279.393799 0.000000 0.993199 0.000000 -0.116432 0.509207 0.509207 0.509207
59.484421 0.000000 3317.290039 0.000000 0.987605 0.000000 -0.156958 0.512797 0.512797 0.512797
15.939712 0.000000 3330.791748 0.000000 0.998962 0.000000 0.045561 0.505493 0.505493 0.505493
0.489400 0.000000 3307.515869 0.000000 0.954096 0.000000 -0.299502 0.513498 0.513498 0.513498
18.317677 0.000000 3311.336426 0.000000 0.986267 0.000000 0.165157 0.519463 0.519463 0.519463
3.040756 0.000000 3324.139404 0.000000 0.969857 0.000000 0.243676 0.550647 0.550647 0.550647
56.008244 0.000000 3318.343018 0.000000 0.992198 0.000000 -0.124669 0.587494 0.587494 0.587494
57.484390 0.000000 3317.109619 0.000000 0.998593 0.000000 0.053027 0.588531 0.588531 0.588531
4.485724 0.000000 3323.444092 0.000000 0.985519 0.000000 0.169564 0.534777 0.534777 0.534777
27.906067 0.000000 3314.508057 0.000000 0.964954 0.000000 -0.262420 0.609188 0.609188 0.609188
26.685131 0.000000 3312.235107 0.000000 0.994503 0.000000 -0.104708 0.603520 0.603520 0.603520
76.552628 0.000000 3302.287842 0.000000 0.973479 0.000000 -0.228776 0.403020 0.403020 0.403020
121.460709 0.000000 3276.197021 0.000000 0.969560 0.000000 0.244854 0.404877 0.404877 0.404877
66.310799 0.000000 3312.704834 0.000000 0.966709 0.000000 -0.255878 0.404290 0.404290 0.404290
87.105827 0.000000 3297.330322 0.000000 0.973706 0.000000 0.227808 0.414124 0.414124 0.414124
65.042976 0.000000 3308.594727 0.000000 0.994381 0.000000 0.105858 0.409538 0.409538 0.409538
72.627663 0.000000 3316.118164 0.000000 0.984560 0.000000 -0.175045 0.473382 0.473382 0.473382
72.131531 0.000000 3285.481445 0.000000 0.965484 0.000000 -0.260461 0.471087 0.471087 0.471087
67.329674 0.000000 3311.521973 0.000000 0.973844 0.000000 -0.227219 0.493097 0.493097 0.493097
90.062309 0.000000 3303.131348 0.000000 0.989228 0.000000 0.146381 0.477379 0.477379 0.477379
92.743149 0.000000 3304.706787 0.000000 0.973138 0.000000 -0.230221 0.485156 0.485156 0.485156
91.322571 0.000000 3300.563721 0.000000 0.973493 0.000000 0.228716 0.492299 0.492299 0.492299
87.062119 0.000000 3292.215332 0.000000 0.977609 0.000000 -0.210432 0.507390 0.507390 0.507390
102.014145 0.000000 3306.922363 0.000000 0.999736 0.000000 -0.022963 0.505752 0.505752 0.505752
68.588921 0.000000 3285.731201 0.000000 0.955615 0.000000 -0.294618 0.493236 0.493236 0.493236
111.546295 0.000000 3282.441162 0.000000 0.998821 0.000000 0.048543 0.496315 0.496315 0.496315
65.219482 0.000000 3284.112305 0.000000 0.956563 0.000000 -0.291527 0.495851 0.495851 0.495851
94.023026 0.000000 3319.506592 0.000000 0.986054 0.000000 0.166424 0.502709 0.502709 0.502709
104.166626 0.000000 3288.699951 0.000000 0.970381 0.000000 0.241580 0.497119 0.497119 0.497119
87.843750 0.000000 3314.433838 0.000000 0.994959 0.000000 0.100286 0.502942 0.502942 0.502942
92.472588 0.000000 3321.609863 0.000000 0.952864 0.000000 0.303398 0.512170 0.512170 0.512170
99.590462 0.000000 3321.981934 0.000000 0.991444 0.000000 -0.130535 0.526738 0.526738 0.526738
78.511948 0.000000 3286.728271 0.000000 0.951185 0.000000 0.308623 0.506966 0.506966 0.506966
68.560974 0.000000 3322.375244 0.000000 0.990971 0.000000 0.134073 0.529264 0.529264 0.529264
93.463364 0.000000 3302.169678 0.000000 0.997152 0.000000 -0.075417 0.570163 0.570163 0.570163
81.980637 0.000000 3315.349365 0.000000 0.997746 0.000000 0.067110 0.563430 0.563430 0.563430
96.590866 0.000000 3303.234619 0.000000 0.962130 0.000000 0.272592 0.552351 0.552351 0.552351
71.807159 0.000000 3309.295410 0.000000 0.977176 0.000000 0.212432 0.527243 0.527243 0.527243
64.361687 0.000000 3297.729736 0.000000 0.994419 0.000000 0.105502 0.529995 0.529995 0.529995
74.347610 0.000000 3316.163330 0.000000 0.999210 0.000000 0.039738 0.577235 0.577235 0.577235
92.939270 0.000000 3319.706543 0.000000 0.996490 0.000000 0.083718 0.530551 0.530551 0.530551
92.225563 0.000000 3303.723633 0.000000 0.999350 0.000000 0.036044 0.566928 0.566928 0.566928
79.758171 0.000000 3284.778809 0.000000 0.999997 0.000000 -0.002343 0.532739 0.532739 0.532739
97.619614 0.000000 3293.156738 0.000000 0.983334 0.000000 -0.181810 0.582603 0.582603 0.582603
32.618023 0.000000 3335.943848 0.000000 0.974376 0.000000 0.224925 0.396942 0.396942 0.396942
62.948219 0.000000 3334.732178 0.000000 0.956302 0.000000 0.292381 0.404154 0.404154 0.404154
29.739294 0.000000 3354.041260 0.000000 0.991595 0.000000 -0.129378 0.422276 0.422276 0.422276
48.914688 0.000000 3349.761719 0.000000 0.989004 0.000000 -0.147886 0.426533 0.426533 0.426533
62.970940 0.000000 3355.234131 0.000000 0.974123 0.000000 0.226021 0.426993 0.426993 0.426993
50.425446 0.000000 3334.732422 0.000000 0.999996 0.000000 -0.002972 0.437305 0.437305 0.437305
41.262447 0.000000 3345.915771 0.000000 0.970460 0.000000 0.241264 0.443396 0.443396 0.443396
12.970928 0.000000 3379.563965 0.000000 0.994531 0.000000 0.104444 0.441971 0.441971 0.441971
10.663673 0.000000 3387.163086 0.000000 0.990235 0.000000 0.139405 0.447819 0.447819 0.447819
15.355177 0.000000 3378.800293 0.000000 0.953885 0.000000 -0.300173 0.489330 0.489330 0.489330
5.431526 0.000000 3343.354736 0.000000 0.993813 0.000000 0.111065 0.485875 0.485875 0.485875
19.525003 0.000000 3369.511963 0.000000 0.992741 0.000000 0.120271 0.479213 0.479213 0.479213
23.035381 0.000000 3343.015137 0.000000 0.973738 0.000000 -0.227670 0.511793 0.511793 0.511793
7.500322 0.000000 3351.874512 0.000000 0.994646 0.000000 0.103345 0.500283 0.500283 0.500283
5.597885 0.000000 3346.045654 0.000000 0.994610 0.000000 0.103691 0.492507 0.492507 0.492507
4.588918 0.000000 3342.215576 0.000000 0.966840 0.000000 -0.255384 0.493712 0.493712 0.493712
58.872940 0.000000 3348.326904 0.000000 0.985749 0.000000 0.168223 0.507813 0.507813 0.507813
8.616280 0.000000 3349.821777 0.000000 0.999978 0.000000 -0.006660 0.483145 0.483145 0.483145
54.683376 0.000000 3363.139893 0.000000 0.978826 0.000000 -0.204697 0.517918 0.517918 0.517918
26.770926 0.000000 3342.178711 0.000000 0.994776 0.000000 -0.102082 0.526036 0.526036 0.526036
23.734016 0.000000 3374.479248 0.000000 0.992668 0.000000 0.120876 0.550262 0.550262 0.550262
1.121684 0.000000 3349.686523 0.000000 0.999195 0.000000 -0.040125 0.523201 0.523201 0.523201
60.159874 0.000000 3350.214355 0.000000 0.997751 0.000000 0.067023 0.537469 0.537469 0.537469
35.967136 0.000000 3366.852295 0.000000 0.998309 0.000000 0.058136 0.585773 0.585773 0.585773
59.024563 0.000000 3340.205811 0.000000 0.992624 0.000000 0.121236 0.560578 0.560578 0.560578
37.729042 0.000000 3367.212402 0.000000 0.970150 0.000000 0.242506 0.581236 0.581236 0.581236
85.668739 0.000000 3342.366943 0.000000 0.984193 0.000000 0.177097 0.397662 0.397662 0.397662
80.098763 0.000000 3342.337646 0.000000 0.997573 0.000000 0.069628 0.416579 0.416579 0.416579
83.237022 0.000000 3343.901123 0.000000 0.970463 0.000000 -0.241252 0.424045 0.424045 0.424045
71.699577 0.000000 3348.433105 0.000000 0.991515 0.000000 -0.129989 0.452664 0.452664 0.452664
66.210022 0.000000 3343.353027 0.000000 0.999981 0.000000 0.006183 0.454136 0.454136 0.454136
89.045273 0.000000 3344.469971 0.000000 0.997635 0.000000 -0.068735 0.454190 0.454190 0.454190
81.185249 0.000000 3347.084229 0.000000 0.999358 0.000000 -0.035822 0.533590 0.533590 0.533590
68.220581 0.000000 3349.932861 0.000000 0.963261 0.000000 0.268569 0.525773 0.525773 0.525773
66.597588 0.000000 3346.043213 0.000000 0.979561 0.000000 0.201147 0.527535 0.527535 0.527535
82.263626 0.000000 3344.664551 0.000000 0.955687 0.000000 0.294385 0.525090 0.525090 0.525090
99.792831 0.000000 3333.554688 0.000000 0.975564 0.000000 0.219717 0.527053 0.527053 0.527053
70.916786 0.000000 3335.001953 0.000000 0.998005 0.000000 0.063129 0.545364 0.545364 0.545364
92.025177 0.000000 3338.948975 0.000000 0.983759 0.000000 -0.179493 0.545248 0.545248 0.545248
91.200722 0.000000 3343.208252 0.000000 0.965529 0.000000 -0.260294 0.555468 0.555468 0.555468
68.471138 0.000000 3336.222168 0.000000 0.992460 0.000000 -0.122569 0.586105 0.586105 0.586105
71.503143 0.000000 3339.851562 0.000000 0.991216 0.000000 -0.132250 0.585077 0.585077 0.585077
70.565323 0.000000 3338.729248 0.000000 0.999272 0.000000 -0.038147 0.582205 0.582205 0.582205
76.171211 0.000000 3333.899658 0.000000 0.992007 0.000000 0.126183 0.595850 0.595850 0.595850
134.912704 0.000000 3276.095459 0.000000 0.966219 0.000000 0.257721 0.418775 0.418775 0.418775
136.131531 0.000000 3285.481445 0.000000 0.967020 0.000000 0.254700 0.476388 0.476388 0.476388
151.674011 0.000000 3282.049805 0.000000 0.991015 0.000000 0.133754 0.476349 0.476349 0.476349
158.425446 0.000000 3282.978027 0.000000 0.996000 0.000000 -0.089357 0.498040 0.498040 0.498040
163.032364 0.000000 3293.729980 0.000000 0.999162 0.000000 0.040923 0.482158 0.482158 0.482158
138.511292 0.000000 3294.784668 0.000000 0.967715 0.000000 -0.252047 0.520400 0.520400 0.520400
129.375504 0.000000 3278.485840 0.000000 0.987397 0.000000 0.158264 0.568506 0.568506 0.568506
156.025177 0.000000 3282.464600 0.000000 0.951368 0.000000 -0.308058 0.541982 0.541982 0.541982
6.912702 0.000000 3389.064209 0.000000 0.974478 0.000000 -0.224484 0.439743 0.439743 0.439743
14.401897 0.000000 3487.242676 0.000000 0.955780 0.000000 0.294083 0.397737 0.397737 0.397737
9.022682 0.000000 3488.614014 0.000000 0.999460 0.000000 -0.032869 0.479755 0.479755 0.479755
10.347613 0.000000 3485.616455 0.000000 0.999510 0.000000 0.031316 0.582699 0.582699 0.582699
6.509852 0.000000 3500.394531 0.000000 0.999775 0.000000 0.021221 0.599229 0.599229 0.599229
4.602224 0.000000 3504.636963 0.000000 0.989897 0.000000 -0.141785 0.409258 0.409258 0.409258
13.322299 0.000000 3506.627930 0.000000 0.999186 0.000000 0.040351 0.474354 0.474354 0.474354
"}
object={
	name="pine_dense_generator_3_3"
	clamp_to_water_level=no
	render_under_water=no
	generated_content=yes
	layer="semidynamic_high"
	pdxmesh="tree_fir_004_mesh"
	count=147
	transform="52.706345 0.000000 3275.924805 0.000000 0.823852 0.000000 -0.566805 0.414584 0.414584 0.414584
122.511627 0.000000 3240.119385 0.000000 0.907873 0.000000 -0.419245 0.405638 0.405638 0.405638
97.062500 0.000000 3271.683350 0.000000 0.860963 0.000000 -0.508668 0.407381 0.407381 0.407381
98.111412 0.000000 3251.224609 0.000000 0.594260 0.000000 -0.804273 0.413064 0.413064 0.413064
103.167755 0.000000 3268.079346 0.000000 0.658809 0.000000 -0.752311 0.441848 0.441848 0.441848
97.680016 0.000000 3275.437012 0.000000 0.842130 0.000000 -0.539275 0.442761 0.442761 0.442761
107.575684 0.000000 3250.339600 0.000000 0.743616 0.000000 -0.668607 0.491236 0.491236 0.491236
100.309036 0.000000 3248.995361 0.000000 0.888891 0.000000 -0.458120 0.491514 0.491514 0.491514
105.168312 0.000000 3251.166748 0.000000 0.754382 0.000000 -0.656436 0.556468 0.556468 0.556468
126.572296 0.000000 3270.127197 0.000000 0.788952 0.000000 -0.614455 0.525847 0.525847 0.525847
105.785400 0.000000 3253.692627 0.000000 0.735521 0.000000 -0.677502 0.541771 0.541771 0.541771
130.944717 0.000000 3237.005371 0.000000 0.765789 0.000000 -0.643092 0.417344 0.417344 0.417344
152.203857 0.000000 3264.136963 0.000000 0.663512 0.000000 -0.748166 0.459892 0.459892 0.459892
143.824722 0.000000 3243.056152 0.000000 0.935473 0.000000 -0.353398 0.472968 0.472968 0.472968
138.583755 0.000000 3245.833496 0.000000 0.925182 0.000000 -0.379524 0.460006 0.460006 0.460006
133.597076 0.000000 3246.496094 0.000000 0.777703 0.000000 -0.628631 0.526268 0.526268 0.526268
143.939713 0.000000 3274.307373 0.000000 0.940324 0.000000 -0.340281 0.548260 0.548260 0.548260
142.294769 0.000000 3266.117676 0.000000 0.692265 0.000000 -0.721643 0.571523 0.571523 0.571523
60.013069 0.000000 3290.958496 0.000000 0.645936 0.000000 -0.763392 0.412056 0.412056 0.412056
56.473492 0.000000 3284.224609 0.000000 0.758619 0.000000 -0.651534 0.409814 0.409814 0.409814
2.627800 0.000000 3304.801025 0.000000 0.808043 0.000000 -0.589123 0.417716 0.417716 0.417716
46.671452 0.000000 3322.548340 0.000000 0.861797 0.000000 -0.507254 0.428522 0.428522 0.428522
27.443996 0.000000 3308.358643 0.000000 0.667586 0.000000 -0.744533 0.427738 0.427738 0.427738
57.072586 0.000000 3326.210938 0.000000 0.606480 0.000000 -0.795098 0.424743 0.424743 0.424743
45.747036 0.000000 3324.785400 0.000000 0.853869 0.000000 -0.520489 0.431487 0.431487 0.431487
25.774614 0.000000 3325.792969 0.000000 0.823061 0.000000 -0.567953 0.457041 0.457041 0.457041
33.433609 0.000000 3311.897217 0.000000 0.776938 0.000000 -0.629577 0.462539 0.462539 0.462539
37.577209 0.000000 3324.262207 0.000000 0.853101 0.000000 -0.521746 0.457437 0.457437 0.457437
45.470295 0.000000 3304.320801 0.000000 0.639423 0.000000 -0.768855 0.509658 0.509658 0.509658
53.635242 0.000000 3314.616455 0.000000 0.594449 0.000000 -0.804134 0.495307 0.495307 0.495307
38.014149 0.000000 3306.922363 0.000000 0.721046 0.000000 -0.692888 0.521256 0.521256 0.521256
49.096691 0.000000 3283.787354 0.000000 0.923483 0.000000 -0.383639 0.516904 0.516904 0.516904
12.607805 0.000000 3313.029297 0.000000 0.939806 0.000000 -0.341708 0.514518 0.514518 0.514518
29.948423 0.000000 3317.214111 0.000000 0.778155 0.000000 -0.628072 0.510965 0.510965 0.510965
50.362480 0.000000 3310.791260 0.000000 0.798639 0.000000 -0.601810 0.521317 0.521317 0.521317
63.314449 0.000000 3304.006592 0.000000 0.759725 0.000000 -0.650244 0.503249 0.503249 0.503249
31.786455 0.000000 3309.815186 0.000000 0.875842 0.000000 -0.482599 0.512590 0.512590 0.512590
50.572063 0.000000 3300.808350 0.000000 0.733129 0.000000 -0.680090 0.498518 0.498518 0.498518
39.319569 0.000000 3300.806396 0.000000 0.667339 0.000000 -0.744754 0.514496 0.514496 0.514496
47.484535 0.000000 3295.552734 0.000000 0.667992 0.000000 -0.744168 0.525747 0.525747 0.525747
29.684849 0.000000 3310.848389 0.000000 0.915202 0.000000 -0.402995 0.499745 0.499745 0.499745
31.443840 0.000000 3314.205078 0.000000 0.951048 0.000000 -0.309042 0.525842 0.525842 0.525842
48.056431 0.000000 3327.300537 0.000000 0.644712 0.000000 -0.764426 0.533525 0.533525 0.533525
50.249134 0.000000 3325.773682 0.000000 0.811668 0.000000 -0.584119 0.520814 0.520814 0.520814
61.505814 0.000000 3284.170166 0.000000 0.642692 0.000000 -0.766125 0.512388 0.512388 0.512388
48.897041 0.000000 3323.704346 0.000000 0.830939 0.000000 -0.556364 0.515903 0.515903 0.515903
51.083096 0.000000 3308.508057 0.000000 0.887321 0.000000 -0.461152 0.501128 0.501128 0.501128
50.304165 0.000000 3302.481445 0.000000 0.682920 0.000000 -0.730493 0.512628 0.512628 0.512628
26.372379 0.000000 3328.950439 0.000000 0.890098 0.000000 -0.455770 0.524195 0.524195 0.524195
17.357851 0.000000 3309.509521 0.000000 0.612091 0.000000 -0.790788 0.558697 0.558697 0.558697
45.710709 0.000000 3327.292969 0.000000 0.821205 0.000000 -0.570633 0.545334 0.545334 0.545334
43.627216 0.000000 3327.277344 0.000000 0.885757 0.000000 -0.464149 0.518950 0.518950 0.518950
1.519695 0.000000 3323.637451 0.000000 0.656017 0.000000 -0.754746 0.567172 0.567172 0.567172
5.217230 0.000000 3324.242676 0.000000 0.827565 0.000000 -0.561369 0.528463 0.528463 0.528463
62.436516 0.000000 3286.615967 0.000000 0.935382 0.000000 -0.353638 0.578455 0.578455 0.578455
20.546135 0.000000 3308.254150 0.000000 0.766899 0.000000 -0.641767 0.624111 0.624111 0.624111
58.012314 0.000000 3286.423584 0.000000 0.889583 0.000000 -0.456774 0.561160 0.561160 0.561160
44.463268 0.000000 3290.717285 0.000000 0.734960 0.000000 -0.678110 0.574090 0.574090 0.574090
20.417801 0.000000 3306.188965 0.000000 0.933660 0.000000 -0.358161 0.612400 0.612400 0.612400
45.587902 0.000000 3282.883301 0.000000 0.594654 0.000000 -0.803982 0.630358 0.630358 0.630358
104.015656 0.000000 3283.722412 0.000000 0.623090 0.000000 -0.782150 0.411884 0.411884 0.411884
97.491730 0.000000 3281.989014 0.000000 0.943167 0.000000 -0.332320 0.404719 0.404719 0.404719
82.498642 0.000000 3279.911865 0.000000 0.629487 0.000000 -0.777011 0.413160 0.413160 0.413160
125.252289 0.000000 3286.520020 0.000000 0.917643 0.000000 -0.397406 0.423911 0.423911 0.423911
121.677979 0.000000 3291.215332 0.000000 0.808139 0.000000 -0.588992 0.439641 0.439641 0.439641
104.198982 0.000000 3306.939697 0.000000 0.626990 0.000000 -0.779027 0.434130 0.434130 0.434130
107.071991 0.000000 3286.672363 0.000000 0.885253 0.000000 -0.465109 0.450847 0.450847 0.450847
81.145782 0.000000 3278.647949 0.000000 0.704119 0.000000 -0.710082 0.454744 0.454744 0.454744
123.993332 0.000000 3292.637451 0.000000 0.804071 0.000000 -0.594533 0.463120 0.463120 0.463120
121.205994 0.000000 3285.720215 0.000000 0.933564 0.000000 -0.358410 0.462288 0.462288 0.462288
101.509018 0.000000 3291.482178 0.000000 0.933883 0.000000 -0.357578 0.474402 0.474402 0.474402
79.105003 0.000000 3278.996338 0.000000 0.892878 0.000000 -0.450298 0.469570 0.469570 0.469570
70.813965 0.000000 3297.857666 0.000000 0.850989 0.000000 -0.525184 0.479398 0.479398 0.479398
73.995758 0.000000 3324.934814 0.000000 0.704406 0.000000 -0.709797 0.482605 0.482605 0.482605
113.096695 0.000000 3283.787354 0.000000 0.633432 0.000000 -0.773798 0.523958 0.523958 0.523958
69.475327 0.000000 3284.369873 0.000000 0.887989 0.000000 -0.459865 0.497007 0.497007 0.497007
92.436699 0.000000 3292.696533 0.000000 0.943546 0.000000 -0.331240 0.499437 0.499437 0.499437
75.583206 0.000000 3323.038574 0.000000 0.653157 0.000000 -0.757223 0.533264 0.533264 0.533264
94.684273 0.000000 3318.354248 0.000000 0.681137 0.000000 -0.732156 0.525339 0.525339 0.525339
68.081764 0.000000 3296.063477 0.000000 0.816567 0.000000 -0.577251 0.520621 0.520621 0.520621
120.930580 0.000000 3288.493896 0.000000 0.831532 0.000000 -0.555478 0.537962 0.537962 0.537962
117.270882 0.000000 3279.393799 0.000000 0.852065 0.000000 -0.523437 0.557703 0.557703 0.557703
68.693390 0.000000 3308.734131 0.000000 0.618488 0.000000 -0.785794 0.555641 0.555641 0.555641
87.342751 0.000000 3300.834229 0.000000 0.916335 0.000000 -0.400412 0.543144 0.543144 0.543144
94.669289 0.000000 3291.710205 0.000000 0.944812 0.000000 -0.327613 0.579006 0.579006 0.579006
86.963173 0.000000 3298.566650 0.000000 0.820743 0.000000 -0.571298 0.542585 0.542585 0.542585
76.105209 0.000000 3318.992432 0.000000 0.945249 0.000000 -0.326351 0.610831 0.610831 0.610831
77.020638 0.000000 3330.164795 0.000000 0.865989 0.000000 -0.500063 0.619964 0.619964 0.619964
52.463932 0.000000 3347.659912 0.000000 0.863991 0.000000 -0.503507 0.407272 0.407272 0.407272
60.013069 0.000000 3347.442871 0.000000 0.869213 0.000000 -0.494437 0.407205 0.407205 0.407205
33.365734 0.000000 3342.752930 0.000000 0.669800 0.000000 -0.742542 0.415190 0.415190 0.415190
51.914272 0.000000 3338.366455 0.000000 0.849440 0.000000 -0.527686 0.423442 0.423442 0.423442
29.096748 0.000000 3332.974365 0.000000 0.673040 0.000000 -0.739606 0.444326 0.444326 0.444326
15.800024 0.000000 3375.641846 0.000000 0.920261 0.000000 -0.391306 0.434593 0.434593 0.434593
21.917595 0.000000 3376.840332 0.000000 0.646081 0.000000 -0.763269 0.436535 0.436535 0.436535
39.104729 0.000000 3344.471680 0.000000 0.837077 0.000000 -0.547085 0.456598 0.456598 0.456598
12.061936 0.000000 3353.883545 0.000000 0.934307 0.000000 -0.356470 0.439366 0.439366 0.439366
14.749677 0.000000 3332.609131 0.000000 0.743631 0.000000 -0.668591 0.467619 0.467619 0.467619
30.190783 0.000000 3369.632080 0.000000 0.829632 0.000000 -0.558311 0.474672 0.474672 0.474672
4.140621 0.000000 3374.145996 0.000000 0.631587 0.000000 -0.775305 0.464833 0.464833 0.464833
47.029823 0.000000 3346.821533 0.000000 0.710217 0.000000 -0.703982 0.482446 0.482446 0.482446
13.322299 0.000000 3337.174805 0.000000 0.889752 0.000000 -0.456445 0.505105 0.505105 0.505105
17.775757 0.000000 3380.151367 0.000000 0.646156 0.000000 -0.763205 0.484136 0.484136 0.484136
24.231186 0.000000 3347.586914 0.000000 0.604766 0.000000 -0.796403 0.507776 0.507776 0.507776
21.353340 0.000000 3368.468018 0.000000 0.611422 0.000000 -0.791305 0.528851 0.528851 0.528851
48.350967 0.000000 3341.487061 0.000000 0.775760 0.000000 -0.631028 0.538871 0.538871 0.538871
46.269688 0.000000 3367.879639 0.000000 0.607213 0.000000 -0.794539 0.550304 0.550304 0.550304
32.387829 0.000000 3341.871582 0.000000 0.949631 0.000000 -0.313370 0.521911 0.521911 0.521911
49.067833 0.000000 3337.107178 0.000000 0.736488 0.000000 -0.676450 0.551551 0.551551 0.551551
46.633274 0.000000 3337.293945 0.000000 0.744670 0.000000 -0.667432 0.541438 0.541438 0.541438
33.799435 0.000000 3371.464111 0.000000 0.734133 0.000000 -0.679006 0.551639 0.551639 0.551639
0.649201 0.000000 3347.493164 0.000000 0.701891 0.000000 -0.712285 0.626362 0.626362 0.626362
27.824034 0.000000 3345.439697 0.000000 0.600599 0.000000 -0.799551 0.597712 0.597712 0.597712
34.086384 0.000000 3339.476074 0.000000 0.866778 0.000000 -0.498694 0.561070 0.561070 0.561070
58.830074 0.000000 3350.832520 0.000000 0.918896 0.000000 -0.394501 0.551139 0.551139 0.551139
63.022358 0.000000 3345.026123 0.000000 0.906068 0.000000 -0.423133 0.546504 0.546504 0.546504
63.554020 0.000000 3340.906006 0.000000 0.640208 0.000000 -0.768202 0.580538 0.580538 0.580538
24.943939 0.000000 3345.504150 0.000000 0.834743 0.000000 -0.550639 0.619348 0.619348 0.619348
98.934753 0.000000 3336.147217 0.000000 0.911419 0.000000 -0.411479 0.422797 0.422797 0.422797
88.512573 0.000000 3340.311035 0.000000 0.914648 0.000000 -0.404251 0.452382 0.452382 0.452382
93.325607 0.000000 3337.053223 0.000000 0.656256 0.000000 -0.754538 0.453071 0.453071 0.453071
69.850792 0.000000 3350.356445 0.000000 0.743037 0.000000 -0.669250 0.482910 0.482910 0.482910
77.735245 0.000000 3348.246338 0.000000 0.661134 0.000000 -0.750268 0.510453 0.510453 0.510453
94.425446 0.000000 3339.462402 0.000000 0.589455 0.000000 -0.807801 0.515274 0.515274 0.515274
88.631813 0.000000 3343.190918 0.000000 0.898334 0.000000 -0.439314 0.493800 0.493800 0.493800
72.904671 0.000000 3338.857910 0.000000 0.946612 0.000000 -0.322376 0.503274 0.503274 0.503274
80.268196 0.000000 3344.856201 0.000000 0.666068 0.000000 -0.745891 0.548403 0.548403 0.548403
69.292946 0.000000 3338.595459 0.000000 0.848105 0.000000 -0.529828 0.546863 0.546863 0.546863
65.313171 0.000000 3352.063721 0.000000 0.614031 0.000000 -0.789282 0.537293 0.537293 0.537293
64.213211 0.000000 3344.679688 0.000000 0.897242 0.000000 -0.441539 0.600431 0.600431 0.600431
68.596832 0.000000 3337.917480 0.000000 0.782061 0.000000 -0.623202 0.602895 0.602895 0.602895
161.519379 0.000000 3283.954834 0.000000 0.802177 0.000000 -0.597086 0.453546 0.453546 0.453546
160.594543 0.000000 3295.732178 0.000000 0.823167 0.000000 -0.567799 0.465273 0.465273 0.465273
163.595795 0.000000 3296.205566 0.000000 0.919456 0.000000 -0.393192 0.477852 0.477852 0.477852
164.813614 0.000000 3293.248047 0.000000 0.844550 0.000000 -0.535477 0.472782 0.472782 0.472782
141.299561 0.000000 3287.560303 0.000000 0.684136 0.000000 -0.729354 0.530876 0.530876 0.530876
40.389160 0.000000 3499.177246 0.000000 0.698634 0.000000 -0.715479 0.446530 0.446530 0.446530
0.860138 0.000000 3501.388428 0.000000 0.937123 0.000000 -0.348999 0.518749 0.518749 0.518749
12.307374 0.000000 3486.307373 0.000000 0.769016 0.000000 -0.639230 0.600717 0.600717 0.600717
38.826000 0.000000 3501.003418 0.000000 0.777248 0.000000 -0.629195 0.593312 0.593312 0.593312
10.928961 0.000000 3484.699951 0.000000 0.755183 0.000000 -0.655514 0.605587 0.605587 0.605587
5.709598 0.000000 3498.376465 0.000000 0.833956 0.000000 -0.551831 0.580763 0.580763 0.580763
37.378693 0.000000 3501.976074 0.000000 0.935132 0.000000 -0.354300 0.611908 0.611908 0.611908
30.961891 0.000000 3502.992676 0.000000 0.769426 0.000000 -0.638736 0.410391 0.410391 0.410391
16.728302 0.000000 3502.037842 0.000000 0.611368 0.000000 -0.791347 0.449848 0.449848 0.449848
19.350300 0.000000 3504.385010 0.000000 0.916717 0.000000 -0.399537 0.472574 0.472574 0.472574
5.937494 0.000000 3502.531250 0.000000 0.774200 0.000000 -0.632941 0.622688 0.622688 0.622688
"}
object={
	name="pine_dense_generator_3_4"
	clamp_to_water_level=no
	render_under_water=no
	generated_content=yes
	layer="semidynamic_high"
	pdxmesh="tree_fir_005_mesh"
	count=125
	transform="123.003357 0.000000 3265.619141 0.000000 0.021499 0.000000 -0.999769 0.448711 0.448711 0.448711
115.824036 0.000000 3263.943848 0.000000 0.270943 0.000000 -0.962595 0.496789 0.496789 0.496789
82.536636 0.000000 3273.079102 0.000000 0.297114 0.000000 -0.954842 0.477420 0.477420 0.477420
102.014145 0.000000 3250.437988 0.000000 0.117950 0.000000 -0.993020 0.513134 0.513134 0.513134
104.675240 0.000000 3266.649658 0.000000 0.081230 0.000000 -0.996695 0.512419 0.512419 0.512419
116.696014 0.000000 3255.713135 0.000000 0.566132 0.000000 -0.824314 0.523015 0.523015 0.523015
117.408546 0.000000 3248.022949 0.000000 0.181159 0.000000 -0.983454 0.564980 0.564980 0.564980
99.546722 0.000000 3272.569580 0.000000 0.283174 0.000000 -0.959069 0.562342 0.562342 0.562342
115.955841 0.000000 3265.044189 0.000000 0.558386 0.000000 -0.829581 0.560398 0.560398 0.560398
145.033585 0.000000 3259.570312 0.000000 0.201078 0.000000 -0.979575 0.458882 0.458882 0.458882
142.469437 0.000000 3238.267822 0.000000 0.468003 0.000000 -0.883727 0.492599 0.492599 0.492599
137.880356 0.000000 3253.127930 0.000000 0.172505 0.000000 -0.985009 0.497314 0.497314 0.497314
134.267380 0.000000 3244.049316 0.000000 0.508849 0.000000 -0.860856 0.518810 0.518810 0.518810
150.248932 0.000000 3275.976562 0.000000 0.493394 0.000000 -0.869806 0.487749 0.487749 0.487749
149.231125 0.000000 3258.121826 0.000000 0.318000 0.000000 -0.948091 0.514687 0.514687 0.514687
131.455811 0.000000 3238.290527 0.000000 0.410664 0.000000 -0.911787 0.512575 0.512575 0.512575
134.988892 0.000000 3261.069580 0.000000 0.380410 0.000000 -0.924818 0.562666 0.562666 0.562666
136.099228 0.000000 3254.999023 0.000000 0.244154 0.000000 -0.969736 0.569270 0.569270 0.569270
135.968643 0.000000 3260.562500 0.000000 0.053220 0.000000 -0.998583 0.571226 0.571226 0.571226
134.709900 0.000000 3275.739258 0.000000 0.277971 0.000000 -0.960589 0.569845 0.569845 0.569845
32.426636 0.000000 3288.531494 0.000000 0.548307 0.000000 -0.836277 0.413056 0.413056 0.413056
48.918732 0.000000 3291.079834 0.000000 0.009795 0.000000 -0.999952 0.420966 0.420966 0.420966
35.689827 0.000000 3327.695312 0.000000 0.384925 0.000000 -0.922948 0.425702 0.425702 0.425702
2.575770 0.000000 3317.220703 0.000000 0.392640 0.000000 -0.919692 0.419897 0.419897 0.419897
55.405457 0.000000 3310.946777 0.000000 0.358080 0.000000 -0.933691 0.431829 0.431829 0.431829
50.317932 0.000000 3280.546875 0.000000 0.290796 0.000000 -0.956785 0.447255 0.447255 0.447255
12.970928 0.000000 3323.079590 0.000000 0.123055 0.000000 -0.992400 0.488008 0.488008 0.488008
42.375282 0.000000 3307.636963 0.000000 0.387819 0.000000 -0.921736 0.474222 0.474222 0.474222
15.974605 0.000000 3309.653564 0.000000 0.587391 0.000000 -0.809303 0.477109 0.477109 0.477109
59.955013 0.000000 3307.148926 0.000000 0.078102 0.000000 -0.996945 0.487386 0.487386 0.487386
19.525003 0.000000 3313.027588 0.000000 0.017281 0.000000 -0.999851 0.519694 0.519694 0.519694
37.086033 0.000000 3302.464600 0.000000 0.014735 0.000000 -0.999891 0.531683 0.531683 0.531683
46.744255 0.000000 3301.747314 0.000000 0.259730 0.000000 -0.965681 0.507218 0.507218 0.507218
0.328297 0.000000 3324.562012 0.000000 0.564429 0.000000 -0.825481 0.527337 0.527337 0.527337
62.499657 0.000000 3305.482422 0.000000 0.558841 0.000000 -0.829275 0.508974 0.508974 0.508974
46.797337 0.000000 3327.896973 0.000000 0.124219 0.000000 -0.992255 0.566429 0.566429 0.566429
41.341953 0.000000 3304.743652 0.000000 0.484199 0.000000 -0.874958 0.530921 0.530921 0.530921
55.950893 0.000000 3314.277832 0.000000 0.520613 0.000000 -0.853793 0.529957 0.529957 0.529957
60.871712 0.000000 3305.288574 0.000000 0.044618 0.000000 -0.999004 0.571445 0.571445 0.571445
31.081850 0.000000 3312.241455 0.000000 0.248243 0.000000 -0.968698 0.544096 0.544096 0.544096
58.650726 0.000000 3287.271729 0.000000 0.504602 0.000000 -0.863352 0.576465 0.576465 0.576465
18.234278 0.000000 3307.556885 0.000000 0.222237 0.000000 -0.974993 0.580230 0.580230 0.580230
45.243725 0.000000 3284.955811 0.000000 0.334771 0.000000 -0.942300 0.563908 0.563908 0.563908
3.149765 0.000000 3321.886963 0.000000 0.534036 0.000000 -0.845462 0.576977 0.576977 0.576977
45.281307 0.000000 3281.213379 0.000000 0.030331 0.000000 -0.999540 0.580851 0.580851 0.580851
29.189386 0.000000 3313.013428 0.000000 0.003719 0.000000 -0.999993 0.655633 0.655633 0.655633
22.974306 0.000000 3306.934082 0.000000 0.027864 0.000000 -0.999612 0.652811 0.652811 0.652811
29.604830 0.000000 3313.784424 0.000000 0.202849 0.000000 -0.979210 0.648513 0.648513 0.648513
69.119217 0.000000 3292.528076 0.000000 0.530578 0.000000 -0.847636 0.413384 0.413384 0.413384
80.382469 0.000000 3331.910156 0.000000 0.584471 0.000000 -0.811415 0.423749 0.423749 0.423749
100.342056 0.000000 3331.762451 0.000000 0.098088 0.000000 -0.995178 0.444583 0.444583 0.444583
120.246414 0.000000 3278.950684 0.000000 0.406993 0.000000 -0.913431 0.448116 0.448116 0.448116
76.773804 0.000000 3310.277832 0.000000 0.521447 0.000000 -0.853284 0.460157 0.460157 0.460157
78.389839 0.000000 3313.878174 0.000000 0.077559 0.000000 -0.996988 0.465367 0.465367 0.465367
103.089630 0.000000 3291.406982 0.000000 0.504858 0.000000 -0.863202 0.467585 0.467585 0.467585
88.203865 0.000000 3320.621338 0.000000 0.329917 0.000000 -0.944010 0.476790 0.476790 0.476790
75.377602 0.000000 3295.637207 0.000000 0.285297 0.000000 -0.958439 0.493590 0.493590 0.493590
77.189148 0.000000 3284.348389 0.000000 0.171458 0.000000 -0.985191 0.482703 0.482703 0.482703
81.288200 0.000000 3281.175049 0.000000 0.404889 0.000000 -0.914366 0.486795 0.486795 0.486795
86.338623 0.000000 3289.076172 0.000000 0.302927 0.000000 -0.953014 0.472975 0.472975 0.472975
126.905975 0.000000 3281.904053 0.000000 0.388857 0.000000 -0.921298 0.488568 0.488568 0.488568
99.500252 0.000000 3303.678223 0.000000 0.267084 0.000000 -0.963673 0.501234 0.501234 0.501234
125.294662 0.000000 3291.609131 0.000000 0.469532 0.000000 -0.882916 0.489705 0.489705 0.489705
87.285583 0.000000 3315.804199 0.000000 0.187810 0.000000 -0.982205 0.536690 0.536690 0.536690
78.622849 0.000000 3280.805176 0.000000 0.176500 0.000000 -0.984301 0.519259 0.519259 0.519259
69.108879 0.000000 3325.726318 0.000000 0.445698 0.000000 -0.895183 0.553599 0.553599 0.553599
118.395004 0.000000 3286.156982 0.000000 0.540374 0.000000 -0.841425 0.558078 0.558078 0.558078
105.821640 0.000000 3290.550781 0.000000 0.381611 0.000000 -0.924323 0.562633 0.562633 0.562633
93.995644 0.000000 3300.659912 0.000000 0.316604 0.000000 -0.948558 0.536577 0.536577 0.536577
98.360718 0.000000 3321.467041 0.000000 0.257293 0.000000 -0.966333 0.555647 0.555647 0.555647
81.206535 0.000000 3313.425049 0.000000 0.194135 0.000000 -0.980975 0.570586 0.570586 0.570586
75.042679 0.000000 3317.125732 0.000000 0.457205 0.000000 -0.889361 0.611429 0.611429 0.611429
88.429367 0.000000 3300.027344 0.000000 0.253022 0.000000 -0.967461 0.583831 0.583831 0.583831
78.050072 0.000000 3308.246826 0.000000 0.036610 0.000000 -0.999330 0.571648 0.571648 0.571648
97.533234 0.000000 3302.153076 0.000000 0.117307 0.000000 -0.993096 0.601079 0.601079 0.601079
77.516876 0.000000 3317.362549 0.000000 0.577868 0.000000 -0.816131 0.632963 0.632963 0.632963
54.158852 0.000000 3364.637939 0.000000 0.577177 0.000000 -0.816619 0.414082 0.414082 0.414082
4.756706 0.000000 3351.371338 0.000000 0.378598 0.000000 -0.925561 0.428649 0.428649 0.428649
15.325411 0.000000 3367.586670 0.000000 0.257798 0.000000 -0.966199 0.460795 0.460795 0.460795
37.379227 0.000000 3369.464844 0.000000 0.130726 0.000000 -0.991419 0.467374 0.467374 0.467374
63.169304 0.000000 3349.455811 0.000000 0.315153 0.000000 -0.949041 0.462657 0.462657 0.462657
32.131546 0.000000 3337.697510 0.000000 0.524242 0.000000 -0.851569 0.471435 0.471435 0.471435
25.742411 0.000000 3361.629395 0.000000 0.267594 0.000000 -0.963532 0.485234 0.485234 0.485234
20.063816 0.000000 3373.452393 0.000000 0.275883 0.000000 -0.961191 0.527309 0.527309 0.527309
6.510255 0.000000 3349.178467 0.000000 0.187348 0.000000 -0.982294 0.507275 0.507275 0.507275
44.221958 0.000000 3365.963867 0.000000 0.479477 0.000000 -0.877555 0.526731 0.526731 0.526731
31.443840 0.000000 3370.689453 0.000000 0.430604 0.000000 -0.902541 0.540976 0.540976 0.540976
14.689802 0.000000 3368.922363 0.000000 0.461484 0.000000 -0.887149 0.538719 0.538719 0.538719
2.857883 0.000000 3374.921631 0.000000 0.351332 0.000000 -0.936251 0.519739 0.519739 0.519739
59.503834 0.000000 3334.483398 0.000000 0.352154 0.000000 -0.935942 0.563438 0.563438 0.563438
13.130426 0.000000 3374.754395 0.000000 0.259997 0.000000 -0.965609 0.543811 0.543811 0.543811
47.984989 0.000000 3366.158447 0.000000 0.428601 0.000000 -0.903494 0.555521 0.555521 0.555521
36.740711 0.000000 3357.680176 0.000000 0.024392 0.000000 -0.999702 0.549420 0.549420 0.549420
58.650726 0.000000 3343.756104 0.000000 0.417651 0.000000 -0.908608 0.564543 0.564543 0.564543
5.351759 0.000000 3384.211182 0.000000 0.552245 0.000000 -0.833682 0.557718 0.557718 0.557718
25.886429 0.000000 3374.650635 0.000000 0.551325 0.000000 -0.834290 0.608144 0.608144 0.608144
59.256241 0.000000 3341.548584 0.000000 0.495768 0.000000 -0.868455 0.594127 0.594127 0.594127
40.466320 0.000000 3366.115479 0.000000 0.336766 0.000000 -0.941588 0.593240 0.593240 0.593240
1.343920 0.000000 3345.891602 0.000000 0.264931 0.000000 -0.964267 0.568719 0.568719 0.568719
33.533230 0.000000 3358.637451 0.000000 0.195812 0.000000 -0.980641 0.573513 0.573513 0.573513
56.785469 0.000000 3361.102295 0.000000 0.190378 0.000000 -0.981711 0.578118 0.578118 0.578118
22.239109 0.000000 3372.109131 0.000000 0.550508 0.000000 -0.834830 0.632997 0.632997 0.632997
58.291847 0.000000 3341.923340 0.000000 0.114293 0.000000 -0.993447 0.605681 0.605681 0.605681
3.858156 0.000000 3347.352539 0.000000 0.320897 0.000000 -0.947114 0.618855 0.618855 0.618855
25.814308 0.000000 3345.237549 0.000000 0.385445 0.000000 -0.922731 0.638989 0.638989 0.638989
70.474854 0.000000 3347.168701 0.000000 0.520204 0.000000 -0.854042 0.436158 0.436158 0.436158
73.352463 0.000000 3334.187744 0.000000 0.007370 0.000000 -0.999973 0.536332 0.536332 0.536332
95.069382 0.000000 3341.961182 0.000000 0.393160 0.000000 -0.919470 0.511536 0.511536 0.511536
66.058357 0.000000 3351.017578 0.000000 0.453238 0.000000 -0.891390 0.513011 0.513011 0.513011
83.389236 0.000000 3345.160889 0.000000 0.465313 0.000000 -0.885146 0.560285 0.560285 0.560285
68.727264 0.000000 3339.829102 0.000000 0.318697 0.000000 -0.947857 0.564340 0.564340 0.564340
90.770927 0.000000 3342.178711 0.000000 0.401569 0.000000 -0.915829 0.579585 0.579585 0.579585
79.853683 0.000000 3347.315430 0.000000 0.215965 0.000000 -0.976401 0.567049 0.567049 0.567049
147.771835 0.000000 3298.719238 0.000000 0.044596 0.000000 -0.999005 0.420118 0.420118 0.420118
148.984848 0.000000 3313.291748 0.000000 0.364200 0.000000 -0.931321 0.416689 0.416689 0.416689
132.602219 0.000000 3278.699463 0.000000 0.185199 0.000000 -0.982701 0.433089 0.433089 0.433089
153.632507 0.000000 3291.311279 0.000000 0.404743 0.000000 -0.914431 0.486798 0.486798 0.486798
145.357849 0.000000 3309.509521 0.000000 0.394208 0.000000 -0.919021 0.544825 0.544825 0.544825
131.610794 0.000000 3278.075439 0.000000 0.283865 0.000000 -0.958864 0.546161 0.546161 0.546161
6.508041 0.000000 3497.637939 0.000000 0.216081 0.000000 -0.976375 0.418646 0.418646 0.418646
5.456094 0.000000 3500.102783 0.000000 0.196779 0.000000 -0.980448 0.652434 0.652434 0.652434
3.405928 0.000000 3501.228760 0.000000 0.055982 0.000000 -0.998432 0.656159 0.656159 0.656159
9.795441 0.000000 3502.055664 0.000000 0.175697 0.000000 -0.984444 0.428900 0.428900 0.428900
23.366154 0.000000 3504.683838 0.000000 0.024852 0.000000 -0.999691 0.454520 0.454520 0.454520
3.497974 0.000000 3502.788818 0.000000 0.101182 0.000000 -0.994868 0.512006 0.512006 0.512006
"}
