object={
	name="pine_dense_generator_1_0"
	clamp_to_water_level=no
	render_under_water=no
	generated_content=yes
	layer="semidynamic"
	pdxmesh="tree_fir_001_mesh"
	count=0
}
object={
	name="pine_dense_generator_1_1"
	clamp_to_water_level=no
	render_under_water=no
	generated_content=yes
	layer="semidynamic"
	pdxmesh="tree_fir_002_mesh"
	count=117
	transform="42.009567 0.000000 3274.546143 0.000000 0.159012 0.000000 0.987277 0.380413 0.380413 0.380413
84.968513 0.000000 3271.734375 0.000000 0.510823 0.000000 0.859686 0.386723 0.386723 0.386723
120.065750 0.000000 3244.971924 0.000000 0.705246 0.000000 0.708962 0.389455 0.389455 0.389455
101.982437 0.000000 3269.871094 0.000000 0.611343 0.000000 0.791365 0.392698 0.392698 0.392698
111.722519 0.000000 3263.928955 0.000000 0.548097 0.000000 0.836415 0.386693 0.386693 0.386693
98.932579 0.000000 3273.686279 0.000000 0.430336 0.000000 0.902669 0.501756 0.501756 0.501756
94.060638 0.000000 3267.764160 0.000000 0.690823 0.000000 0.723024 0.449235 0.449235 0.449235
122.305252 0.000000 3263.590820 0.000000 0.185625 0.000000 0.982621 0.480539 0.480539 0.480539
143.130920 0.000000 3258.981201 0.000000 0.478493 0.000000 0.878091 0.385764 0.385764 0.385764
137.640945 0.000000 3272.797119 0.000000 0.178259 0.000000 0.983984 0.400986 0.400986 0.400986
128.156708 0.000000 3274.509521 0.000000 0.298927 0.000000 0.954276 0.429942 0.429942 0.429942
155.595108 0.000000 3270.133057 0.000000 0.279503 0.000000 0.960145 0.416712 0.416712 0.416712
134.724258 0.000000 3253.116943 0.000000 0.459657 0.000000 0.888096 0.431912 0.431912 0.431912
145.360931 0.000000 3265.769775 0.000000 0.191357 0.000000 0.981521 0.477265 0.477265 0.477265
4.458565 0.000000 3330.559814 0.000000 0.019844 0.000000 0.999803 0.379478 0.379478 0.379478
58.807110 0.000000 3282.748291 0.000000 0.450338 0.000000 0.892858 0.385617 0.385617 0.385617
40.832367 0.000000 3279.594971 0.000000 0.098299 0.000000 0.995157 0.472836 0.472836 0.472836
49.272938 0.000000 3309.718750 0.000000 0.179777 0.000000 0.983707 0.457610 0.457610 0.457610
63.487244 0.000000 3306.321533 0.000000 0.354008 0.000000 0.935243 0.455599 0.455599 0.455599
30.236908 0.000000 3328.623535 0.000000 0.281531 0.000000 0.959552 0.386139 0.386139 0.386139
48.542023 0.000000 3298.678955 0.000000 0.484920 0.000000 0.874559 0.426467 0.426467 0.426467
51.455956 0.000000 3326.382080 0.000000 0.646190 0.000000 0.763176 0.425043 0.425043 0.425043
6.215335 0.000000 3325.031494 0.000000 0.334425 0.000000 0.942422 0.398797 0.398797 0.398797
45.943581 0.000000 3278.448730 0.000000 0.293924 0.000000 0.955829 0.419313 0.419313 0.419313
36.276176 0.000000 3309.340576 0.000000 0.112847 0.000000 0.993612 0.413824 0.413824 0.413824
21.208269 0.000000 3315.972900 0.000000 0.498578 0.000000 0.866845 0.396760 0.396760 0.396760
42.009567 0.000000 3331.030518 0.000000 0.069547 0.000000 0.997579 0.400416 0.400416 0.400416
45.433887 0.000000 3305.822998 0.000000 0.400139 0.000000 0.916454 0.465992 0.465992 0.465992
50.318432 0.000000 3276.299561 0.000000 0.131905 0.000000 0.991262 0.436023 0.436023 0.436023
54.864239 0.000000 3331.092285 0.000000 0.280406 0.000000 0.959881 0.431924 0.431924 0.431924
0.156715 0.000000 3330.993896 0.000000 0.570557 0.000000 0.821258 0.471378 0.471378 0.471378
53.013477 0.000000 3310.739990 0.000000 0.237743 0.000000 0.971328 0.470349 0.470349 0.470349
48.024090 0.000000 3328.628662 0.000000 0.170719 0.000000 0.985320 0.427546 0.427546 0.427546
17.939386 0.000000 3317.889404 0.000000 0.670905 0.000000 0.741544 0.445072 0.445072 0.445072
52.003998 0.000000 3279.421387 0.000000 0.595010 0.000000 0.803718 0.485169 0.485169 0.485169
25.680981 0.000000 3309.871338 0.000000 0.702188 0.000000 0.711992 0.494448 0.494448 0.494448
12.457558 0.000000 3327.869629 0.000000 0.513523 0.000000 0.858076 0.443768 0.443768 0.443768
42.835903 0.000000 3282.100098 0.000000 0.599157 0.000000 0.800631 0.436092 0.436092 0.436092
3.510957 0.000000 3323.021729 0.000000 0.617624 0.000000 0.786474 0.570445 0.570445 0.570445
57.384567 0.000000 3332.345459 0.000000 0.537130 0.000000 0.843500 0.459807 0.459807 0.459807
43.690216 0.000000 3279.657715 0.000000 0.048093 0.000000 0.998843 0.453684 0.453684 0.453684
23.340023 0.000000 3308.501221 0.000000 0.313883 0.000000 0.949462 0.558101 0.558101 0.558101
1.118544 0.000000 3320.823975 0.000000 0.329156 0.000000 0.944276 0.495555 0.495555 0.495555
122.807114 0.000000 3282.748291 0.000000 0.420795 0.000000 0.907156 0.385133 0.385133 0.385133
119.637939 0.000000 3291.837158 0.000000 0.023652 0.000000 0.999720 0.380069 0.380069 0.380069
113.519058 0.000000 3282.423340 0.000000 0.575271 0.000000 0.817963 0.482231 0.482231 0.482231
64.255028 0.000000 3323.234619 0.000000 0.160386 0.000000 0.987054 0.380362 0.380362 0.380362
98.900955 0.000000 3276.158447 0.000000 0.268145 0.000000 0.963379 0.382393 0.382393 0.382393
73.203842 0.000000 3311.794434 0.000000 0.665209 0.000000 0.746657 0.484831 0.484831 0.484831
108.063141 0.000000 3285.082764 0.000000 0.237276 0.000000 0.971442 0.498866 0.498866 0.498866
99.764938 0.000000 3301.940918 0.000000 0.036196 0.000000 0.999345 0.401038 0.401038 0.401038
87.491867 0.000000 3276.725342 0.000000 0.211156 0.000000 0.977452 0.387448 0.387448 0.387448
78.875725 0.000000 3320.855713 0.000000 0.464538 0.000000 0.885553 0.388975 0.388975 0.388975
74.351433 0.000000 3296.972656 0.000000 0.394664 0.000000 0.918825 0.501929 0.501929 0.501929
98.932579 0.000000 3330.170654 0.000000 0.329554 0.000000 0.944137 0.408174 0.408174 0.408174
114.318436 0.000000 3276.299561 0.000000 0.279797 0.000000 0.960059 0.390840 0.390840 0.390840
91.131508 0.000000 3292.214844 0.000000 0.668677 0.000000 0.743553 0.423115 0.423115 0.423115
126.270142 0.000000 3280.525146 0.000000 0.502499 0.000000 0.864578 0.445905 0.445905 0.445905
67.837212 0.000000 3299.655762 0.000000 0.635895 0.000000 0.771776 0.476752 0.476752 0.476752
75.941940 0.000000 3317.897705 0.000000 0.501563 0.000000 0.865121 0.546956 0.546956 0.546956
79.831329 0.000000 3280.265625 0.000000 0.277471 0.000000 0.960734 0.462039 0.462039 0.462039
92.431702 0.000000 3283.601562 0.000000 0.706958 0.000000 0.707256 0.430125 0.430125 0.430125
76.526733 0.000000 3299.139648 0.000000 0.232674 0.000000 0.972555 0.446071 0.446071 0.446071
64.936134 0.000000 3298.703369 0.000000 0.422003 0.000000 0.906594 0.471195 0.471195 0.471195
65.451508 0.000000 3285.486084 0.000000 0.641631 0.000000 0.767013 0.470899 0.470899 0.470899
84.984848 0.000000 3313.291748 0.000000 0.593526 0.000000 0.804815 0.471987 0.471987 0.471987
87.068283 0.000000 3280.604980 0.000000 0.452676 0.000000 0.891675 0.484850 0.484850 0.484850
86.077621 0.000000 3293.268311 0.000000 0.277272 0.000000 0.960791 0.473562 0.473562 0.473562
70.363693 0.000000 3285.606445 0.000000 0.289941 0.000000 0.957045 0.500253 0.500253 0.500253
74.235733 0.000000 3319.778076 0.000000 0.250657 0.000000 0.968076 0.523009 0.523009 0.523009
45.516556 0.000000 3347.311523 0.000000 0.559315 0.000000 0.828955 0.461544 0.461544 0.461544
21.705021 0.000000 3359.445801 0.000000 0.485287 0.000000 0.874355 0.385761 0.385761 0.385761
38.231171 0.000000 3371.107178 0.000000 0.192132 0.000000 0.981369 0.381499 0.381499 0.381499
31.758541 0.000000 3362.737793 0.000000 0.464676 0.000000 0.885481 0.384959 0.384959 0.384959
2.396606 0.000000 3334.440186 0.000000 0.299525 0.000000 0.954089 0.382672 0.382672 0.382672
55.637943 0.000000 3348.321533 0.000000 0.604818 0.000000 0.796363 0.426557 0.426557 0.426557
49.519058 0.000000 3338.907715 0.000000 0.180927 0.000000 0.983496 0.494015 0.494015 0.494015
9.400869 0.000000 3348.697266 0.000000 0.683046 0.000000 0.730376 0.466023 0.466023 0.466023
7.979943 0.000000 3374.713379 0.000000 0.664027 0.000000 0.747709 0.388529 0.388529 0.388529
56.550991 0.000000 3365.437256 0.000000 0.326125 0.000000 0.945327 0.386811 0.386811 0.386811
44.760445 0.000000 3371.083252 0.000000 0.181911 0.000000 0.983315 0.381290 0.381290 0.381290
17.256926 0.000000 3367.292969 0.000000 0.393244 0.000000 0.919434 0.383690 0.383690 0.383690
45.433887 0.000000 3362.307373 0.000000 0.066495 0.000000 0.997787 0.379514 0.379514 0.379514
14.875725 0.000000 3377.340088 0.000000 0.253294 0.000000 0.967389 0.392790 0.392790 0.392790
21.668737 0.000000 3342.366943 0.000000 0.559016 0.000000 0.829157 0.423176 0.423176 0.423176
5.119216 0.000000 3349.012451 0.000000 0.040599 0.000000 0.999176 0.402259 0.402259 0.402259
0.513980 0.000000 3348.658936 0.000000 0.646624 0.000000 0.762809 0.501069 0.501069 0.501069
45.374916 0.000000 3357.499756 0.000000 0.001360 0.000000 0.999999 0.419908 0.419908 0.419908
0.009782 0.000000 3374.770752 0.000000 0.637265 0.000000 0.770644 0.497182 0.497182 0.497182
29.020523 0.000000 3345.408447 0.000000 0.456636 0.000000 0.889654 0.427096 0.427096 0.427096
25.680981 0.000000 3366.355713 0.000000 0.234415 0.000000 0.972137 0.431050 0.431050 0.431050
34.857525 0.000000 3361.707031 0.000000 0.412580 0.000000 0.910921 0.435697 0.435697 0.435697
32.448994 0.000000 3358.573486 0.000000 0.465680 0.000000 0.884953 0.509751 0.509751 0.509751
9.278112 0.000000 3382.661621 0.000000 0.052313 0.000000 0.998631 0.428806 0.428806 0.428806
0.042355 0.000000 3332.585449 0.000000 0.467933 0.000000 0.883764 0.481728 0.481728 0.481728
25.283907 0.000000 3354.195801 0.000000 0.016661 0.000000 0.999861 0.479884 0.479884 0.479884
33.491734 0.000000 3338.473389 0.000000 0.114141 0.000000 0.993465 0.505743 0.505743 0.505743
57.460709 0.000000 3332.681396 0.000000 0.307745 0.000000 0.951469 0.454593 0.454593 0.454593
44.051785 0.000000 3364.672363 0.000000 0.548023 0.000000 0.836463 0.480298 0.480298 0.480298
53.428066 0.000000 3350.419434 0.000000 0.091338 0.000000 0.995820 0.495104 0.495104 0.495104
92.793762 0.000000 3335.419922 0.000000 0.110439 0.000000 0.993883 0.380899 0.380899 0.380899
64.098709 0.000000 3339.527100 0.000000 0.377954 0.000000 0.925824 0.383753 0.383753 0.383753
96.618027 0.000000 3335.943848 0.000000 0.232702 0.000000 0.972548 0.408883 0.408883 0.408883
93.020523 0.000000 3345.408447 0.000000 0.614904 0.000000 0.788602 0.424355 0.424355 0.424355
100.575264 0.000000 3334.967041 0.000000 0.632512 0.000000 0.774550 0.489851 0.489851 0.489851
93.958832 0.000000 3342.778564 0.000000 0.519494 0.000000 0.854474 0.488991 0.488991 0.488991
159.453522 0.000000 3292.823975 0.000000 0.314079 0.000000 0.949397 0.383630 0.383630 0.383630
162.015045 0.000000 3296.589355 0.000000 0.462302 0.000000 0.886723 0.448575 0.448575 0.448575
132.948593 0.000000 3276.208740 0.000000 0.486285 0.000000 0.873801 0.433649 0.433649 0.433649
155.678024 0.000000 3281.107910 0.000000 0.163599 0.000000 0.986527 0.474343 0.474343 0.474343
12.978472 0.000000 3389.798584 0.000000 0.228600 0.000000 0.973520 0.381464 0.381464 0.381464
4.458565 0.000000 3500.012939 0.000000 0.317283 0.000000 0.948331 0.552332 0.552332 0.552332
38.346775 0.000000 3499.804443 0.000000 0.234236 0.000000 0.972180 0.501056 0.501056 0.501056
9.866176 0.000000 3484.619141 0.000000 0.018748 0.000000 0.999824 0.427048 0.427048 0.427048
10.235731 0.000000 3489.231201 0.000000 0.502394 0.000000 0.864639 0.523702 0.523702 0.523702
2.552782 0.000000 3501.623047 0.000000 0.424284 0.000000 0.905529 0.558009 0.558009 0.558009
20.569408 0.000000 3507.417725 0.000000 0.542338 0.000000 0.840160 0.386601 0.386601 0.386601
"}
object={
	name="pine_dense_generator_1_2"
	clamp_to_water_level=no
	render_under_water=no
	generated_content=yes
	layer="semidynamic"
	pdxmesh="tree_fir_003_mesh"
	count=93
	transform="122.368271 0.000000 3271.535400 0.000000 0.945636 0.000000 0.325227 0.395402 0.395402 0.395402
118.382050 0.000000 3248.937012 0.000000 0.961100 0.000000 0.276199 0.509039 0.509039 0.509039
121.910492 0.000000 3267.560303 0.000000 0.912497 0.000000 0.409083 0.470490 0.470490 0.470490
91.595108 0.000000 3270.133057 0.000000 0.724139 0.000000 0.689654 0.458687 0.458687 0.458687
102.646332 0.000000 3251.766602 0.000000 0.988642 0.000000 0.150290 0.479878 0.479878 0.479878
117.633766 0.000000 3256.666504 0.000000 0.741724 0.000000 0.670705 0.520066 0.520066 0.520066
148.968506 0.000000 3271.734375 0.000000 0.990762 0.000000 0.135611 0.416856 0.416856 0.416856
137.400864 0.000000 3235.728516 0.000000 0.981982 0.000000 0.188974 0.414733 0.414733 0.414733
145.939392 0.000000 3261.405029 0.000000 0.994469 0.000000 0.105031 0.498950 0.498950 0.498950
137.866180 0.000000 3258.681641 0.000000 0.857249 0.000000 0.514901 0.474276 0.474276 0.474276
146.230423 0.000000 3257.645020 0.000000 0.873421 0.000000 0.486966 0.432437 0.432437 0.432437
142.604950 0.000000 3267.186279 0.000000 0.876270 0.000000 0.481820 0.536048 0.536048 0.536048
130.552780 0.000000 3275.685547 0.000000 0.939361 0.000000 0.342931 0.541447 0.541447 0.541447
20.968512 0.000000 3328.218750 0.000000 0.999757 0.000000 0.022034 0.400344 0.400344 0.400344
21.705021 0.000000 3302.961426 0.000000 0.830383 0.000000 0.557194 0.392328 0.392328 0.392328
48.205395 0.000000 3332.552490 0.000000 0.982901 0.000000 0.184133 0.397448 0.397448 0.397448
41.563477 0.000000 3302.584717 0.000000 0.956444 0.000000 0.291915 0.469225 0.469225 0.469225
37.982437 0.000000 3326.355469 0.000000 0.937640 0.000000 0.347609 0.492090 0.492090 0.492090
9.203840 0.000000 3311.794434 0.000000 0.813457 0.000000 0.581625 0.391508 0.391508 0.391508
32.032192 0.000000 3313.031738 0.000000 0.993399 0.000000 0.114706 0.401630 0.401630 0.401630
4.763561 0.000000 3312.285889 0.000000 0.860108 0.000000 0.510112 0.423221 0.423221 0.423221
38.535759 0.000000 3305.601807 0.000000 0.999985 0.000000 0.005532 0.523394 0.523394 0.523394
38.889183 0.000000 3299.533447 0.000000 0.928849 0.000000 0.370459 0.427052 0.427052 0.427052
40.974636 0.000000 3287.615234 0.000000 0.864548 0.000000 0.502551 0.420860 0.420860 0.420860
46.043034 0.000000 3281.948486 0.000000 0.994984 0.000000 0.100035 0.579294 0.579294 0.579294
58.305252 0.000000 3320.075195 0.000000 0.993315 0.000000 0.115436 0.462491 0.462491 0.462491
18.230425 0.000000 3314.129395 0.000000 0.853618 0.000000 0.520899 0.493995 0.493995 0.493995
50.798107 0.000000 3312.774902 0.000000 0.961963 0.000000 0.273179 0.496382 0.496382 0.496382
53.633766 0.000000 3313.150879 0.000000 0.792227 0.000000 0.610226 0.491513 0.491513 0.491513
109.516556 0.000000 3290.827148 0.000000 0.937376 0.000000 0.348319 0.412194 0.412194 0.412194
85.705017 0.000000 3302.961426 0.000000 0.961541 0.000000 0.274661 0.396430 0.396430 0.396430
76.978470 0.000000 3276.829834 0.000000 0.999840 0.000000 0.017913 0.399769 0.399769 0.399769
71.671623 0.000000 3300.950195 0.000000 0.972468 0.000000 0.233035 0.396782 0.396782 0.396782
75.959480 0.000000 3324.584717 0.000000 0.912063 0.000000 0.410050 0.521948 0.521948 0.521948
127.957878 0.000000 3296.992676 0.000000 0.796219 0.000000 0.605009 0.426296 0.426296 0.426296
84.569412 0.000000 3281.480225 0.000000 0.936420 0.000000 0.350880 0.426129 0.426129 0.426129
72.407578 0.000000 3283.906006 0.000000 0.974474 0.000000 0.224501 0.402613 0.402613 0.402613
79.273125 0.000000 3298.012207 0.000000 0.787196 0.000000 0.616703 0.390842 0.390842 0.390842
68.032555 0.000000 3307.705322 0.000000 0.773538 0.000000 0.633750 0.436785 0.436785 0.436785
71.979942 0.000000 3318.229004 0.000000 0.933320 0.000000 0.359046 0.394994 0.394994 0.394994
94.530106 0.000000 3299.553711 0.000000 0.933774 0.000000 0.357862 0.395510 0.395510 0.395510
125.292694 0.000000 3288.652832 0.000000 0.996928 0.000000 0.078318 0.422942 0.422942 0.422942
73.640953 0.000000 3329.281494 0.000000 0.913535 0.000000 0.406761 0.399834 0.399834 0.399834
70.330482 0.000000 3288.190674 0.000000 0.894744 0.000000 0.446579 0.401722 0.401722 0.401722
99.991211 0.000000 3291.820312 0.000000 0.970203 0.000000 0.242294 0.545590 0.545590 0.545590
125.524185 0.000000 3293.163574 0.000000 0.833035 0.000000 0.553220 0.479516 0.479516 0.479516
68.763565 0.000000 3312.285889 0.000000 0.881269 0.000000 0.472616 0.405069 0.405069 0.405069
76.457558 0.000000 3327.869629 0.000000 0.954387 0.000000 0.298572 0.463994 0.463994 0.463994
122.462234 0.000000 3293.163818 0.000000 0.796622 0.000000 0.604477 0.439924 0.439924 0.439924
74.072250 0.000000 3332.265869 0.000000 0.768612 0.000000 0.639715 0.493092 0.493092 0.493092
99.200424 0.000000 3288.890625 0.000000 0.975168 0.000000 0.221467 0.468123 0.468123 0.468123
103.591423 0.000000 3317.929688 0.000000 0.976301 0.000000 0.216418 0.510505 0.510505 0.510505
66.822769 0.000000 3310.061768 0.000000 0.970407 0.000000 0.241476 0.483063 0.483063 0.483063
76.721344 0.000000 3314.418701 0.000000 0.832621 0.000000 0.553844 0.468354 0.468354 0.468354
78.389336 0.000000 3309.478516 0.000000 0.826755 0.000000 0.562562 0.517504 0.517504 0.517504
63.957878 0.000000 3353.477051 0.000000 0.945795 0.000000 0.324766 0.529336 0.529336 0.529336
8.407581 0.000000 3340.390381 0.000000 0.994022 0.000000 0.109176 0.398531 0.398531 0.398531
48.542023 0.000000 3355.163330 0.000000 0.833769 0.000000 0.552113 0.392173 0.392173 0.392173
22.477802 0.000000 3367.471436 0.000000 0.978550 0.000000 0.206009 0.417039 0.417039 0.417039
61.512291 0.000000 3332.604248 0.000000 0.977644 0.000000 0.210266 0.454232 0.454232 0.454232
36.045864 0.000000 3337.853027 0.000000 0.835959 0.000000 0.548792 0.401246 0.401246 0.401246
50.318432 0.000000 3332.783936 0.000000 0.923204 0.000000 0.384311 0.438194 0.438194 0.438194
38.535759 0.000000 3362.086182 0.000000 0.986125 0.000000 0.166007 0.416381 0.416381 0.416381
1.884608 0.000000 3383.630615 0.000000 0.921432 0.000000 0.388541 0.474730 0.474730 0.474730
27.932798 0.000000 3352.847656 0.000000 0.735113 0.000000 0.677945 0.449221 0.449221 0.449221
47.663208 0.000000 3342.590088 0.000000 0.791259 0.000000 0.611481 0.515968 0.515968 0.515968
40.974636 0.000000 3344.099609 0.000000 0.993072 0.000000 0.117504 0.445626 0.445626 0.445626
52.003998 0.000000 3335.905762 0.000000 0.853186 0.000000 0.521607 0.470382 0.470382 0.470382
47.917362 0.000000 3369.360107 0.000000 0.842098 0.000000 0.539325 0.446337 0.446337 0.446337
33.099709 0.000000 3366.527832 0.000000 0.961678 0.000000 0.274182 0.502725 0.502725 0.502725
6.508041 0.000000 3384.669189 0.000000 0.831545 0.000000 0.555458 0.453433 0.453433 0.453433
38.581123 0.000000 3367.702637 0.000000 0.965857 0.000000 0.259077 0.576892 0.576892 0.576892
10.072254 0.000000 3388.750244 0.000000 0.824358 0.000000 0.566069 0.448226 0.448226 0.448226
7.437282 0.000000 3387.621826 0.000000 0.811480 0.000000 0.584381 0.482397 0.482397 0.482397
20.094954 0.000000 3347.979004 0.000000 0.732222 0.000000 0.681067 0.474783 0.474783 0.474783
24.795364 0.000000 3360.490234 0.000000 0.921745 0.000000 0.387797 0.453294 0.453294 0.453294
27.635559 0.000000 3355.628418 0.000000 0.727722 0.000000 0.685873 0.483160 0.483160 0.483160
61.738361 0.000000 3360.827393 0.000000 0.984895 0.000000 0.173152 0.470387 0.470387 0.470387
6.363694 0.000000 3342.090820 0.000000 0.978960 0.000000 0.204052 0.495421 0.495421 0.495421
37.463818 0.000000 3340.183594 0.000000 0.994596 0.000000 0.103820 0.530038 0.530038 0.530038
56.742149 0.000000 3362.471924 0.000000 0.894287 0.000000 0.447494 0.510911 0.510911 0.510911
66.396606 0.000000 3334.440186 0.000000 0.798839 0.000000 0.601544 0.391105 0.391105 0.391105
100.045868 0.000000 3337.853027 0.000000 0.979198 0.000000 0.202908 0.406794 0.406794 0.406794
78.686684 0.000000 3347.169678 0.000000 0.997710 0.000000 0.067643 0.530960 0.530960 0.530960
145.256927 0.000000 3310.808594 0.000000 0.851526 0.000000 0.524313 0.461610 0.461610 0.461610
153.237595 0.000000 3282.252686 0.000000 0.947463 0.000000 0.319865 0.419028 0.419028 0.419028
157.237427 0.000000 3309.615967 0.000000 0.873455 0.000000 0.486906 0.432439 0.432439 0.432439
143.197052 0.000000 3287.726562 0.000000 0.962327 0.000000 0.271894 0.437723 0.437723 0.437723
147.991608 0.000000 3309.321289 0.000000 0.810624 0.000000 0.585567 0.446542 0.446542 0.446542
128.042358 0.000000 3276.101074 0.000000 0.938978 0.000000 0.343978 0.532591 0.532591 0.532591
8.908510 0.000000 3491.446777 0.000000 0.775941 0.000000 0.630805 0.452870 0.452870 0.452870
28.793758 0.000000 3504.873047 0.000000 0.943341 0.000000 0.331825 0.408642 0.408642 0.408642
34.900955 0.000000 3502.095947 0.000000 0.952872 0.000000 0.303372 0.528653 0.528653 0.528653
"}
object={
	name="pine_dense_generator_1_3"
	clamp_to_water_level=no
	render_under_water=no
	generated_content=yes
	layer="semidynamic"
	pdxmesh="tree_fir_004_mesh"
	count=102
	transform="105.563477 0.000000 3246.100342 0.000000 0.893129 0.000000 -0.449801 0.462767 0.462767 0.462767
94.236908 0.000000 3272.139160 0.000000 0.966255 0.000000 -0.257589 0.403460 0.403460 0.403460
105.385597 0.000000 3252.527588 0.000000 0.949916 0.000000 -0.312506 0.531318 0.531318 0.531318
119.107956 0.000000 3264.810791 0.000000 0.952370 0.000000 -0.304943 0.449181 0.449181 0.449181
114.585175 0.000000 3247.503662 0.000000 0.988448 0.000000 -0.151559 0.416012 0.416012 0.416012
100.276176 0.000000 3252.856201 0.000000 0.981959 0.000000 -0.189094 0.411281 0.411281 0.411281
105.322739 0.000000 3267.885010 0.000000 0.826306 0.000000 -0.563221 0.494038 0.494038 0.494038
102.581123 0.000000 3254.733887 0.000000 0.788014 0.000000 -0.615658 0.571836 0.571836 0.571836
127.976585 0.000000 3270.224854 0.000000 0.770771 0.000000 -0.637113 0.526523 0.526523 0.526523
144.971893 0.000000 3268.786377 0.000000 0.967817 0.000000 -0.251657 0.438878 0.438878 0.438878
131.837204 0.000000 3243.171387 0.000000 0.796364 0.000000 -0.604817 0.442710 0.442710 0.442710
135.437286 0.000000 3274.653076 0.000000 0.813733 0.000000 -0.581239 0.552597 0.552597 0.552597
140.375214 0.000000 3274.277100 0.000000 0.919476 0.000000 -0.393145 0.545662 0.545662 0.545662
45.516556 0.000000 3290.827148 0.000000 0.923318 0.000000 -0.384036 0.564436 0.564436 0.564436
15.130927 0.000000 3315.465576 0.000000 0.891580 0.000000 -0.452863 0.449252 0.449252 0.449252
31.758541 0.000000 3306.253418 0.000000 0.932564 0.000000 -0.361005 0.424652 0.424652 0.424652
49.519058 0.000000 3282.423340 0.000000 0.815346 0.000000 -0.578974 0.522052 0.522052 0.522052
14.007314 0.000000 3306.983887 0.000000 0.800848 0.000000 -0.598867 0.408624 0.408624 0.408624
4.032556 0.000000 3307.705322 0.000000 0.741248 0.000000 -0.671232 0.409957 0.409957 0.409957
7.979943 0.000000 3318.229004 0.000000 0.989254 0.000000 -0.146207 0.408001 0.408001 0.408001
41.385597 0.000000 3309.011963 0.000000 0.995202 0.000000 -0.097846 0.404664 0.404664 0.404664
55.107960 0.000000 3321.295166 0.000000 0.879932 0.000000 -0.475100 0.452403 0.452403 0.452403
26.074072 0.000000 3306.610107 0.000000 0.729173 0.000000 -0.684329 0.415385 0.415385 0.415385
26.709890 0.000000 3313.133789 0.000000 0.907155 0.000000 -0.420796 0.614573 0.614573 0.614573
3.505235 0.000000 3319.520020 0.000000 0.798615 0.000000 -0.601843 0.449522 0.449522 0.449522
59.211338 0.000000 3305.711914 0.000000 0.994297 0.000000 -0.106647 0.466751 0.466751 0.466751
29.237432 0.000000 3309.615967 0.000000 0.841965 0.000000 -0.539533 0.455072 0.455072 0.455072
31.334412 0.000000 3317.079102 0.000000 0.995655 0.000000 -0.093116 0.419076 0.419076 0.419076
38.686340 0.000000 3276.399414 0.000000 0.946852 0.000000 -0.321668 0.430708 0.430708 0.430708
42.673435 0.000000 3276.237549 0.000000 0.873798 0.000000 -0.486289 0.483979 0.483979 0.483979
33.099709 0.000000 3310.043457 0.000000 0.993299 0.000000 -0.115574 0.452404 0.452404 0.452404
59.100796 0.000000 3286.186523 0.000000 0.878097 0.000000 -0.478482 0.561822 0.561822 0.561822
17.722639 0.000000 3328.270996 0.000000 0.760194 0.000000 -0.649696 0.461624 0.461624 0.461624
29.423063 0.000000 3314.645508 0.000000 0.993172 0.000000 -0.116657 0.604317 0.604317 0.604317
61.738361 0.000000 3304.343018 0.000000 0.838492 0.000000 -0.544914 0.547318 0.547318 0.547318
16.716866 0.000000 3308.191650 0.000000 0.857358 0.000000 -0.514721 0.549167 0.549167 0.549167
49.393936 0.000000 3301.423584 0.000000 0.993472 0.000000 -0.114072 0.534262 0.534262 0.534262
105.563477 0.000000 3302.584717 0.000000 0.999074 0.000000 -0.043033 0.400585 0.400585 0.400585
95.758545 0.000000 3306.253418 0.000000 1.000000 0.000000 -0.000651 0.400009 0.400009 0.400009
78.007317 0.000000 3306.983887 0.000000 0.919259 0.000000 -0.393652 0.522582 0.522582 0.522582
78.873108 0.000000 3284.140869 0.000000 0.978127 0.000000 -0.208009 0.538002 0.538002 0.538002
70.215332 0.000000 3325.031494 0.000000 0.999284 0.000000 -0.037834 0.475922 0.475922 0.475922
64.098709 0.000000 3283.042725 0.000000 0.772420 0.000000 -0.635112 0.410325 0.410325 0.410325
81.256927 0.000000 3310.808594 0.000000 0.853902 0.000000 -0.520433 0.460142 0.460142 0.460142
73.063751 0.000000 3306.555664 0.000000 0.989760 0.000000 -0.142741 0.442315 0.442315 0.442315
82.283546 0.000000 3277.226562 0.000000 0.726849 0.000000 -0.686797 0.426486 0.426486 0.426486
86.937180 0.000000 3290.520996 0.000000 0.840659 0.000000 -0.541565 0.547216 0.547216 0.547216
70.424667 0.000000 3296.453857 0.000000 0.999770 0.000000 -0.021445 0.469045 0.469045 0.469045
111.663208 0.000000 3286.105713 0.000000 0.776228 0.000000 -0.630452 0.440491 0.440491 0.440491
70.724258 0.000000 3309.601318 0.000000 0.751723 0.000000 -0.659479 0.550971 0.550971 0.550971
67.510956 0.000000 3323.021729 0.000000 0.932952 0.000000 -0.360002 0.493345 0.493345 0.493345
88.535683 0.000000 3292.448730 0.000000 0.997664 0.000000 -0.068311 0.498892 0.498892 0.498892
107.095459 0.000000 3290.412354 0.000000 0.773141 0.000000 -0.634235 0.543155 0.543155 0.543155
12.978472 0.000000 3333.314209 0.000000 0.932419 0.000000 -0.361380 0.417938 0.417938 0.417938
56.065750 0.000000 3357.940674 0.000000 0.959633 0.000000 -0.281256 0.403673 0.403673 0.403673
49.272938 0.000000 3366.203125 0.000000 0.905001 0.000000 -0.425410 0.424382 0.424382 0.424382
11.959483 0.000000 3381.069092 0.000000 0.722863 0.000000 -0.690992 0.410284 0.410284 0.410284
54.816753 0.000000 3333.828857 0.000000 0.922904 0.000000 -0.385030 0.534573 0.534573 0.534573
6.215335 0.000000 3381.515869 0.000000 0.854658 0.000000 -0.519191 0.442369 0.442369 0.442369
35.764935 0.000000 3358.425293 0.000000 0.773564 0.000000 -0.633718 0.519464 0.519464 0.519464
9.640952 0.000000 3385.765869 0.000000 0.949990 0.000000 -0.312279 0.418498 0.418498 0.418498
58.511623 0.000000 3353.088135 0.000000 0.995278 0.000000 -0.097067 0.452070 0.452070 0.452070
36.276176 0.000000 3365.824951 0.000000 0.792807 0.000000 -0.609473 0.570225 0.570225 0.570225
40.763306 0.000000 3347.700195 0.000000 0.999826 0.000000 -0.018641 0.513510 0.513510 0.513510
3.505235 0.000000 3376.004395 0.000000 0.999705 0.000000 -0.024288 0.414091 0.414091 0.414091
53.993916 0.000000 3353.864258 0.000000 0.951660 0.000000 -0.307153 0.481422 0.481422 0.481422
31.334412 0.000000 3373.563477 0.000000 0.998463 0.000000 -0.055416 0.469707 0.469707 0.469707
38.889183 0.000000 3356.017822 0.000000 0.785930 0.000000 -0.618316 0.512078 0.512078 0.512078
6.424666 0.000000 3352.938232 0.000000 0.873227 0.000000 -0.487314 0.441759 0.441759 0.441759
58.385124 0.000000 3335.170166 0.000000 0.994900 0.000000 -0.100867 0.535246 0.535246 0.535246
4.957437 0.000000 3372.425293 0.000000 0.840256 0.000000 -0.542190 0.453759 0.453759 0.453759
41.204685 0.000000 3369.139404 0.000000 0.966760 0.000000 -0.255685 0.492381 0.492381 0.492381
14.604953 0.000000 3380.155029 0.000000 0.719084 0.000000 -0.694924 0.517119 0.517119 0.517119
44.352146 0.000000 3349.839111 0.000000 0.999380 0.000000 -0.035197 0.507342 0.507342 0.507342
20.832733 0.000000 3345.157715 0.000000 0.998933 0.000000 -0.046181 0.507593 0.507593 0.507593
20.984850 0.000000 3369.776123 0.000000 0.773019 0.000000 -0.634382 0.523657 0.523657 0.523657
7.408907 0.000000 3350.415527 0.000000 0.873808 0.000000 -0.486271 0.514052 0.514052 0.514052
63.814640 0.000000 3351.022705 0.000000 0.964831 0.000000 -0.262872 0.554198 0.554198 0.554198
73.400871 0.000000 3348.697266 0.000000 0.986343 0.000000 -0.164702 0.402288 0.402288 0.402288
84.569412 0.000000 3337.964600 0.000000 0.772644 0.000000 -0.634840 0.409547 0.409547 0.409547
89.237595 0.000000 3338.737061 0.000000 0.982560 0.000000 -0.185945 0.421840 0.421840 0.421840
68.048035 0.000000 3340.928223 0.000000 0.995819 0.000000 -0.091349 0.413784 0.413784 0.413784
69.119217 0.000000 3349.012451 0.000000 0.753409 0.000000 -0.657552 0.550906 0.550906 0.550906
64.513977 0.000000 3348.658936 0.000000 0.736189 0.000000 -0.676776 0.470598 0.470598 0.470598
69.464828 0.000000 3337.360107 0.000000 0.836341 0.000000 -0.548209 0.600068 0.600068 0.600068
76.112297 0.000000 3347.484863 0.000000 0.721424 0.000000 -0.692494 0.552110 0.552110 0.552110
140.978470 0.000000 3276.829834 0.000000 0.722000 0.000000 -0.691894 0.422444 0.422444 0.422444
130.500519 0.000000 3295.837891 0.000000 0.829970 0.000000 -0.557809 0.408214 0.408214 0.408214
159.825958 0.000000 3284.216064 0.000000 0.857808 0.000000 -0.513970 0.420477 0.420477 0.420477
149.208267 0.000000 3315.972900 0.000000 0.788203 0.000000 -0.615416 0.481541 0.481541 0.481541
155.131516 0.000000 3292.214844 0.000000 0.757534 0.000000 -0.652795 0.467235 0.467235 0.467235
164.029358 0.000000 3294.646484 0.000000 0.934203 0.000000 -0.356741 0.506777 0.506777 0.506777
128.090134 0.000000 3279.389404 0.000000 0.839216 0.000000 -0.543798 0.590193 0.590193 0.590193
144.716858 0.000000 3308.191650 0.000000 0.954206 0.000000 -0.299150 0.524248 0.524248 0.524248
15.130927 0.000000 3484.918701 0.000000 0.716776 0.000000 -0.697304 0.441944 0.441944 0.441944
9.640952 0.000000 3498.734619 0.000000 0.997168 0.000000 -0.075201 0.403026 0.403026 0.403026
0.156715 0.000000 3500.447021 0.000000 0.765063 0.000000 -0.643956 0.526730 0.526730 0.526730
2.396606 0.000000 3503.893311 0.000000 0.758676 0.000000 -0.651468 0.496333 0.496333 0.496333
7.914793 0.000000 3503.868164 0.000000 0.959619 0.000000 -0.281303 0.589712 0.589712 0.589712
11.786283 0.000000 3507.084229 0.000000 0.986873 0.000000 -0.161498 0.428075 0.428075 0.428075
15.831329 0.000000 3506.203125 0.000000 0.883323 0.000000 -0.468765 0.433264 0.433264 0.433264
4.948599 0.000000 3502.146240 0.000000 0.720287 0.000000 -0.693676 0.625377 0.625377 0.625377
"}
object={
	name="pine_dense_generator_1_4"
	clamp_to_water_level=no
	render_under_water=no
	generated_content=yes
	layer="semidynamic"
	pdxmesh="tree_fir_005_mesh"
	count=99
	transform="127.586395 0.000000 3273.043945 0.000000 0.008229 0.000000 -0.999966 0.470971 0.470971 0.470971
93.392128 0.000000 3264.282715 0.000000 0.577265 0.000000 -0.816557 0.453369 0.453369 0.453369
150.477798 0.000000 3254.502686 0.000000 0.207065 0.000000 -0.978327 0.483490 0.483490 0.483490
135.979950 0.000000 3261.744629 0.000000 0.113870 0.000000 -0.993496 0.569680 0.569680 0.569680
142.953262 0.000000 3273.581055 0.000000 0.497954 0.000000 -0.867203 0.494778 0.494778 0.494778
140.552628 0.000000 3245.803467 0.000000 0.590557 0.000000 -0.806996 0.505317 0.505317 0.505317
142.875732 0.000000 3264.371338 0.000000 0.248613 0.000000 -0.968603 0.592856 0.592856 0.592856
129.884613 0.000000 3270.661865 0.000000 0.183143 0.000000 -0.983086 0.441793 0.441793 0.441793
132.957443 0.000000 3259.456543 0.000000 0.052481 0.000000 -0.998622 0.489341 0.489341 0.489341
137.604477 0.000000 3247.063721 0.000000 0.176512 0.000000 -0.984298 0.636940 0.636940 0.636940
156.380157 0.000000 3274.459717 0.000000 0.094474 0.000000 -0.995527 0.498857 0.498857 0.498857
142.979874 0.000000 3244.449463 0.000000 0.178934 0.000000 -0.983861 0.532467 0.532467 0.532467
148.984848 0.000000 3256.807373 0.000000 0.100295 0.000000 -0.994958 0.562550 0.562550 0.562550
135.142914 0.000000 3246.993896 0.000000 0.675836 0.000000 -0.737052 0.621910 0.621910 0.621910
61.292694 0.000000 3288.652832 0.000000 0.297463 0.000000 -0.954733 0.534115 0.534115 0.534115
44.063145 0.000000 3285.082764 0.000000 0.307336 0.000000 -0.951601 0.564644 0.564644 0.564644
1.884608 0.000000 3327.146240 0.000000 0.415659 0.000000 -0.909521 0.449387 0.449387 0.449387
62.624443 0.000000 3284.913818 0.000000 0.507349 0.000000 -0.861741 0.550423 0.550423 0.550423
47.663208 0.000000 3286.105713 0.000000 0.097283 0.000000 -0.995257 0.454801 0.454801 0.454801
0.009782 0.000000 3318.286377 0.000000 0.120858 0.000000 -0.992670 0.492456 0.492456 0.492456
58.028484 0.000000 3289.192383 0.000000 0.251080 0.000000 -0.967966 0.554331 0.554331 0.554331
27.595112 0.000000 3326.617432 0.000000 0.319078 0.000000 -0.947728 0.466906 0.466906 0.466906
24.572311 0.000000 3315.558105 0.000000 0.656185 0.000000 -0.754600 0.475465 0.475465 0.475465
41.967705 0.000000 3305.911621 0.000000 0.240875 0.000000 -0.970556 0.536922 0.536922 0.536922
44.194828 0.000000 3288.171143 0.000000 0.329820 0.000000 -0.944044 0.534797 0.534797 0.534797
38.469555 0.000000 3302.687744 0.000000 0.678856 0.000000 -0.734272 0.529636 0.529636 0.529636
44.352146 0.000000 3293.354736 0.000000 0.092478 0.000000 -0.995715 0.562744 0.562744 0.562744
44.128105 0.000000 3303.535156 0.000000 0.500608 0.000000 -0.865674 0.497571 0.497571 0.497571
43.601616 0.000000 3328.993896 0.000000 0.346070 0.000000 -0.938209 0.544604 0.544604 0.544604
43.095455 0.000000 3290.412354 0.000000 0.260939 0.000000 -0.965355 0.592502 0.592502 0.592502
65.451385 0.000000 3288.269287 0.000000 0.045060 0.000000 -0.998984 0.438113 0.438113 0.438113
102.231171 0.000000 3314.622803 0.000000 0.029430 0.000000 -0.999567 0.435430 0.435430 0.435430
73.400871 0.000000 3292.212891 0.000000 0.334279 0.000000 -0.942474 0.416581 0.416581 0.416581
87.890739 0.000000 3295.151367 0.000000 0.284160 0.000000 -0.958777 0.424404 0.424404 0.424404
78.953270 0.000000 3330.065430 0.000000 0.230543 0.000000 -0.973062 0.620217 0.620217 0.620217
100.276176 0.000000 3309.340576 0.000000 0.573214 0.000000 -0.819405 0.415550 0.415550 0.415550
104.763306 0.000000 3291.215820 0.000000 0.240967 0.000000 -0.970533 0.566397 0.566397 0.566397
96.426636 0.000000 3288.531494 0.000000 0.596195 0.000000 -0.802840 0.506586 0.506586 0.506586
68.048035 0.000000 3284.443848 0.000000 0.589499 0.000000 -0.807769 0.506762 0.506762 0.506762
77.506981 0.000000 3311.908203 0.000000 0.187818 0.000000 -0.982204 0.466374 0.466374 0.466374
122.385124 0.000000 3278.685791 0.000000 0.609370 0.000000 -0.792886 0.462527 0.462527 0.462527
96.618027 0.000000 3279.459473 0.000000 0.627966 0.000000 -0.778241 0.438303 0.438303 0.438303
116.003998 0.000000 3279.421387 0.000000 0.301710 0.000000 -0.953400 0.576567 0.576567 0.576567
82.230423 0.000000 3314.129395 0.000000 0.601869 0.000000 -0.798595 0.630481 0.630481 0.630481
79.197052 0.000000 3287.726562 0.000000 0.642219 0.000000 -0.766521 0.535017 0.535017 0.535017
89.917198 0.000000 3320.859863 0.000000 0.578384 0.000000 -0.815765 0.471668 0.471668 0.471668
76.083702 0.000000 3321.607666 0.000000 0.280347 0.000000 -0.959899 0.487885 0.487885 0.487885
76.375214 0.000000 3330.761475 0.000000 0.590612 0.000000 -0.806956 0.635796 0.635796 0.635796
97.910469 0.000000 3318.416504 0.000000 0.173410 0.000000 -0.984850 0.542937 0.542937 0.542937
97.411980 0.000000 3291.050781 0.000000 0.683981 0.000000 -0.729500 0.627372 0.627372 0.627372
72.173828 0.000000 3298.360107 0.000000 0.314202 0.000000 -0.949356 0.535174 0.535174 0.535174
92.928299 0.000000 3293.973877 0.000000 0.000212 0.000000 -1.000000 0.526024 0.526024 0.526024
91.678017 0.000000 3281.107910 0.000000 0.446118 0.000000 -0.894974 0.533349 0.533349 0.533349
127.814636 0.000000 3294.538330 0.000000 0.635693 0.000000 -0.771942 0.525307 0.525307 0.525307
78.401901 0.000000 3317.789551 0.000000 0.040922 0.000000 -0.999162 0.610819 0.610819 0.610819
1.319075 0.000000 3371.466553 0.000000 0.554440 0.000000 -0.832223 0.412714 0.412714 0.412714
26.979828 0.000000 3374.410889 0.000000 0.396490 0.000000 -0.918039 0.502804 0.502804 0.502804
63.487244 0.000000 3362.805908 0.000000 0.072837 0.000000 -0.997344 0.420717 0.420717 0.420717
30.530104 0.000000 3356.038086 0.000000 0.488507 0.000000 -0.872560 0.426838 0.426838 0.426838
61.292694 0.000000 3345.137207 0.000000 0.163437 0.000000 -0.986554 0.488704 0.488704 0.488704
31.825958 0.000000 3340.700439 0.000000 0.138756 0.000000 -0.990327 0.492110 0.492110 0.492110
44.063145 0.000000 3341.567139 0.000000 0.540009 0.000000 -0.841659 0.475347 0.475347 0.475347
26.074072 0.000000 3363.094482 0.000000 0.134766 0.000000 -0.990877 0.422274 0.422274 0.422274
50.842564 0.000000 3350.447998 0.000000 0.161379 0.000000 -0.986893 0.529912 0.529912 0.529912
11.786283 0.000000 3337.631104 0.000000 0.256361 0.000000 -0.966581 0.536556 0.536556 0.536556
11.941936 0.000000 3374.382080 0.000000 0.084360 0.000000 -0.996435 0.468180 0.468180 0.468180
13.506982 0.000000 3368.392578 0.000000 0.326900 0.000000 -0.945059 0.456694 0.456694 0.456694
51.863510 0.000000 3356.950928 0.000000 0.007593 0.000000 -0.999971 0.453333 0.453333 0.453333
46.043034 0.000000 3338.432861 0.000000 0.425334 0.000000 -0.905036 0.570144 0.570144 0.570144
59.100796 0.000000 3342.670898 0.000000 0.374277 0.000000 -0.927317 0.565756 0.565756 0.565756
55.819290 0.000000 3351.408936 0.000000 0.192304 0.000000 -0.981335 0.511572 0.511572 0.511572
51.016064 0.000000 3353.429199 0.000000 0.626755 0.000000 -0.779216 0.466348 0.466348 0.466348
48.746593 0.000000 3335.815674 0.000000 0.271120 0.000000 -0.962546 0.485165 0.485165 0.485165
3.820880 0.000000 3346.383545 0.000000 0.487067 0.000000 -0.873364 0.613322 0.613322 0.613322
17.360935 0.000000 3378.738525 0.000000 0.374448 0.000000 -0.927248 0.504736 0.504736 0.504736
38.337952 0.000000 3346.314209 0.000000 0.249915 0.000000 -0.968268 0.535240 0.535240 0.535240
23.408079 0.000000 3344.416260 0.000000 0.367993 0.000000 -0.929828 0.565929 0.565929 0.565929
14.650765 0.000000 3382.918945 0.000000 0.044006 0.000000 -0.999031 0.535511 0.535511 0.535511
38.646328 0.000000 3364.735352 0.000000 0.323861 0.000000 -0.946105 0.578892 0.578892 0.578892
34.111412 0.000000 3364.193359 0.000000 0.263506 0.000000 -0.964658 0.552546 0.552546 0.552546
11.442867 0.000000 3350.386719 0.000000 0.699006 0.000000 -0.715116 0.510740 0.510740 0.510740
15.869938 0.000000 3369.400879 0.000000 0.073632 0.000000 -0.997285 0.548261 0.548261 0.548261
71.914795 0.000000 3334.415039 0.000000 0.382726 0.000000 -0.923862 0.578674 0.578674 0.578674
75.786285 0.000000 3337.631104 0.000000 0.614308 0.000000 -0.789066 0.444180 0.444180 0.444180
66.356850 0.000000 3337.476318 0.000000 0.652950 0.000000 -0.757401 0.471339 0.471339 0.471339
129.451385 0.000000 3288.269287 0.000000 0.095100 0.000000 -0.995468 0.466530 0.466530 0.466530
148.569412 0.000000 3281.480225 0.000000 0.451461 0.000000 -0.892291 0.450159 0.450159 0.450159
137.203842 0.000000 3311.794434 0.000000 0.431032 0.000000 -0.902337 0.471932 0.471932 0.471932
135.914795 0.000000 3277.930664 0.000000 0.187213 0.000000 -0.982319 0.444623 0.444623 0.444623
139.929565 0.000000 3288.099609 0.000000 0.553292 0.000000 -0.832987 0.414489 0.414489 0.414489
146.190613 0.000000 3285.615967 0.000000 0.648253 0.000000 -0.761425 0.461646 0.461646 0.461646
137.084747 0.000000 3286.911621 0.000000 0.677772 0.000000 -0.735272 0.472126 0.472126 0.472126
150.782501 0.000000 3283.397217 0.000000 0.636338 0.000000 -0.771411 0.497052 0.497052 0.497052
26.979828 0.000000 3487.379639 0.000000 0.165824 0.000000 -0.986155 0.622215 0.622215 0.622215
11.941936 0.000000 3487.350830 0.000000 0.228889 0.000000 -0.973453 0.646864 0.646864 0.646864
7.437282 0.000000 3500.590576 0.000000 0.509802 0.000000 -0.860292 0.637627 0.637627 0.637627
12.978472 0.000000 3502.767334 0.000000 0.059091 0.000000 -0.998253 0.452501 0.452501 0.452501
23.491865 0.000000 3502.662842 0.000000 0.701069 0.000000 -0.713093 0.427043 0.427043 0.427043
18.283546 0.000000 3503.164062 0.000000 0.031285 0.000000 -0.999511 0.442705 0.442705 0.442705
"}
