object={
	name="pine_dense_generator_2_0"
	clamp_to_water_level=no
	render_under_water=no
	generated_content=yes
	layer="semidynamic_medium"
	pdxmesh="tree_fir_001_mesh"
	count=0
}
object={
	name="pine_dense_generator_2_1"
	clamp_to_water_level=no
	render_under_water=no
	generated_content=yes
	layer="semidynamic_medium"
	pdxmesh="tree_fir_002_mesh"
	count=282
	transform="125.248260 0.000000 3265.611328 0.000000 0.360948 0.000000 0.932586 0.384282 0.384282 0.384282
78.953270 0.000000 3273.581055 0.000000 0.445559 0.000000 0.895253 0.385326 0.385326 0.385326
98.857529 0.000000 3248.738281 0.000000 0.006081 0.000000 0.999982 0.380977 0.380977 0.380977
99.689827 0.000000 3271.210938 0.000000 0.151573 0.000000 0.988446 0.444432 0.444432 0.444432
118.158852 0.000000 3251.669189 0.000000 0.167424 0.000000 0.985885 0.401977 0.401977 0.401977
100.550415 0.000000 3250.403320 0.000000 0.559995 0.000000 0.828496 0.454393 0.454393 0.454393
107.596481 0.000000 3268.150879 0.000000 0.627835 0.000000 0.778346 0.418568 0.418568 0.418568
120.096588 0.000000 3247.253418 0.000000 0.240652 0.000000 0.970611 0.417196 0.417196 0.417196
121.072586 0.000000 3269.726562 0.000000 0.241785 0.000000 0.970330 0.453186 0.453186 0.453186
104.179832 0.000000 3247.793945 0.000000 0.642592 0.000000 0.766209 0.438310 0.438310 0.438310
116.316956 0.000000 3248.735352 0.000000 0.586526 0.000000 0.809930 0.506329 0.506329 0.506329
94.716225 0.000000 3265.847412 0.000000 0.564882 0.000000 0.825172 0.510392 0.510392 0.510392
114.216225 0.000000 3264.154297 0.000000 0.532854 0.000000 0.846207 0.509409 0.509409 0.509409
117.101273 0.000000 3264.934814 0.000000 0.080687 0.000000 0.996740 0.445292 0.445292 0.445292
121.007492 0.000000 3265.270020 0.000000 0.365287 0.000000 0.930895 0.442968 0.442968 0.442968
114.395042 0.000000 3249.625977 0.000000 0.380902 0.000000 0.924615 0.473707 0.473707 0.473707
119.893387 0.000000 3263.114258 0.000000 0.686831 0.000000 0.726817 0.468555 0.468555 0.468555
126.675140 0.000000 3271.360596 0.000000 0.524716 0.000000 0.851277 0.486772 0.486772 0.486772
103.382309 0.000000 3253.227783 0.000000 0.059891 0.000000 0.998205 0.475319 0.475319 0.475319
101.366020 0.000000 3271.309082 0.000000 0.207369 0.000000 0.978263 0.457056 0.457056 0.457056
122.590446 0.000000 3262.163818 0.000000 0.626448 0.000000 0.779463 0.492063 0.492063 0.492063
112.927490 0.000000 3264.625244 0.000000 0.303976 0.000000 0.952680 0.516611 0.516611 0.516611
134.508041 0.000000 3271.700439 0.000000 0.654835 0.000000 0.755772 0.388021 0.388021 0.388021
153.917191 0.000000 3264.375488 0.000000 0.409498 0.000000 0.912311 0.424991 0.424991 0.424991
145.436584 0.000000 3243.478516 0.000000 0.595402 0.000000 0.803428 0.445642 0.445642 0.445642
148.435806 0.000000 3261.881348 0.000000 0.356611 0.000000 0.934253 0.401532 0.401532 0.401532
144.382477 0.000000 3275.425781 0.000000 0.516896 0.000000 0.856048 0.430704 0.430704 0.430704
132.756699 0.000000 3238.402588 0.000000 0.662723 0.000000 0.748865 0.444866 0.444866 0.444866
133.729431 0.000000 3261.638184 0.000000 0.085179 0.000000 0.996366 0.446519 0.446519 0.446519
145.493088 0.000000 3263.582275 0.000000 0.056018 0.000000 0.998430 0.426592 0.426592 0.426592
134.952942 0.000000 3255.219727 0.000000 0.653180 0.000000 0.757203 0.434923 0.434923 0.434923
146.979782 0.000000 3259.623291 0.000000 0.318641 0.000000 0.947875 0.435001 0.435001 0.435001
136.722107 0.000000 3252.128418 0.000000 0.541837 0.000000 0.840483 0.450378 0.450378 0.450378
138.618240 0.000000 3233.153809 0.000000 0.265148 0.000000 0.964208 0.436287 0.436287 0.436287
136.859406 0.000000 3257.096436 0.000000 0.291241 0.000000 0.956650 0.453079 0.453079 0.453079
141.306625 0.000000 3244.160889 0.000000 0.116073 0.000000 0.993241 0.455115 0.455115 0.455115
132.140625 0.000000 3261.177246 0.000000 0.085968 0.000000 0.996298 0.446535 0.446535 0.446535
133.808853 0.000000 3275.092529 0.000000 0.007262 0.000000 0.999974 0.506198 0.506198 0.506198
131.597275 0.000000 3244.716064 0.000000 0.306747 0.000000 0.951791 0.475411 0.475411 0.475411
157.034485 0.000000 3273.093262 0.000000 0.696920 0.000000 0.717149 0.512367 0.512367 0.512367
139.568604 0.000000 3275.562744 0.000000 0.281130 0.000000 0.959670 0.482849 0.482849 0.482849
140.955750 0.000000 3275.473389 0.000000 0.106220 0.000000 0.994343 0.497720 0.497720 0.497720
25.621531 0.000000 3323.968506 0.000000 0.666922 0.000000 0.745127 0.388750 0.388750 0.388750
59.981640 0.000000 3331.312988 0.000000 0.604840 0.000000 0.796347 0.387213 0.387213 0.387213
60.832737 0.000000 3308.415527 0.000000 0.306145 0.000000 0.951985 0.397159 0.397159 0.397159
38.646328 0.000000 3308.250977 0.000000 0.645510 0.000000 0.763752 0.398221 0.398221 0.398221
34.111412 0.000000 3307.708984 0.000000 0.518671 0.000000 0.854974 0.401929 0.401929 0.401929
14.389338 0.000000 3309.478516 0.000000 0.597815 0.000000 0.801634 0.442088 0.442088 0.442088
15.869938 0.000000 3312.916504 0.000000 0.339683 0.000000 0.940540 0.465758 0.465758 0.465758
60.008198 0.000000 3318.370850 0.000000 0.140728 0.000000 0.990048 0.400388 0.400388 0.400388
49.129253 0.000000 3326.499756 0.000000 0.608981 0.000000 0.793185 0.491541 0.491541 0.491541
49.687939 0.000000 3285.046387 0.000000 0.565660 0.000000 0.824639 0.412457 0.412457 0.412457
16.382469 0.000000 3331.910156 0.000000 0.403069 0.000000 0.915170 0.461376 0.461376 0.461376
52.657673 0.000000 3276.129883 0.000000 0.260119 0.000000 0.965577 0.466262 0.466262 0.466262
23.348877 0.000000 3329.092285 0.000000 0.513609 0.000000 0.858024 0.449727 0.449727 0.449727
31.330511 0.000000 3308.514893 0.000000 0.609918 0.000000 0.792465 0.480813 0.480813 0.480813
2.026641 0.000000 3324.719971 0.000000 0.030656 0.000000 0.999530 0.514536 0.514536 0.514536
59.305828 0.000000 3325.872803 0.000000 0.134987 0.000000 0.990847 0.413046 0.413046 0.413046
31.005480 0.000000 3310.998535 0.000000 0.362078 0.000000 0.932148 0.454608 0.454608 0.454608
50.103756 0.000000 3324.426758 0.000000 0.615522 0.000000 0.788119 0.485758 0.485758 0.485758
40.179832 0.000000 3304.278320 0.000000 0.301673 0.000000 0.953411 0.477596 0.477596 0.477596
25.618526 0.000000 3327.770996 0.000000 0.161262 0.000000 0.986912 0.468609 0.468609 0.468609
18.979780 0.000000 3316.107666 0.000000 0.126130 0.000000 0.992014 0.433619 0.433619 0.433619
5.572366 0.000000 3323.024658 0.000000 0.441043 0.000000 0.897486 0.510197 0.510197 0.510197
42.440418 0.000000 3292.302734 0.000000 0.530717 0.000000 0.847549 0.466786 0.466786 0.466786
15.590557 0.000000 3328.190186 0.000000 0.291370 0.000000 0.956610 0.442625 0.442625 0.442625
10.234947 0.000000 3323.539551 0.000000 0.109809 0.000000 0.993953 0.425281 0.425281 0.425281
45.587715 0.000000 3283.865967 0.000000 0.351047 0.000000 0.936358 0.560600 0.560600 0.560600
57.360485 0.000000 3287.350342 0.000000 0.048526 0.000000 0.998822 0.434429 0.434429 0.434429
16.905241 0.000000 3329.993164 0.000000 0.409490 0.000000 0.912315 0.428542 0.428542 0.428542
28.720064 0.000000 3316.602783 0.000000 0.442927 0.000000 0.896557 0.471704 0.471704 0.471704
15.325411 0.000000 3311.102295 0.000000 0.705474 0.000000 0.708736 0.499393 0.499393 0.499393
21.008392 0.000000 3305.198730 0.000000 0.010906 0.000000 0.999941 0.424630 0.424630 0.424630
53.449558 0.000000 3325.985352 0.000000 0.148549 0.000000 0.988905 0.439786 0.439786 0.439786
10.618361 0.000000 3327.537109 0.000000 0.339939 0.000000 0.940448 0.427204 0.427204 0.427204
41.262447 0.000000 3289.431396 0.000000 0.533661 0.000000 0.845698 0.454958 0.454958 0.454958
22.981554 0.000000 3304.318359 0.000000 0.595565 0.000000 0.803307 0.436011 0.436011 0.436011
48.891335 0.000000 3304.467773 0.000000 0.563416 0.000000 0.826173 0.481904 0.481904 0.481904
17.862202 0.000000 3312.421143 0.000000 0.345728 0.000000 0.938335 0.491379 0.491379 0.491379
19.881601 0.000000 3314.631348 0.000000 0.417819 0.000000 0.908530 0.480448 0.480448 0.480448
39.989597 0.000000 3301.997559 0.000000 0.063594 0.000000 0.997976 0.463040 0.463040 0.463040
30.190783 0.000000 3313.147705 0.000000 0.557793 0.000000 0.829980 0.490059 0.490059 0.490059
42.439987 0.000000 3288.317627 0.000000 0.230111 0.000000 0.973164 0.496408 0.496408 0.496408
52.122795 0.000000 3313.758789 0.000000 0.005729 0.000000 0.999984 0.470713 0.470713 0.470713
44.147430 0.000000 3291.729248 0.000000 0.454605 0.000000 0.890693 0.523372 0.523372 0.523372
3.051579 0.000000 3325.946289 0.000000 0.171235 0.000000 0.985230 0.518483 0.518483 0.518483
51.609528 0.000000 3311.442871 0.000000 0.080565 0.000000 0.996749 0.472428 0.472428 0.472428
49.135281 0.000000 3302.930664 0.000000 0.380908 0.000000 0.924613 0.549745 0.549745 0.549745
18.727882 0.000000 3310.251709 0.000000 0.522914 0.000000 0.852385 0.498520 0.498520 0.498520
105.260620 0.000000 3320.315918 0.000000 0.128275 0.000000 0.991739 0.380990 0.380990 0.380990
90.074074 0.000000 3306.610107 0.000000 0.079456 0.000000 0.996838 0.380417 0.380417 0.380417
72.908508 0.000000 3321.993652 0.000000 0.254743 0.000000 0.967009 0.382198 0.382198 0.382198
104.974640 0.000000 3287.615234 0.000000 0.492499 0.000000 0.870313 0.395452 0.395452 0.395452
93.020523 0.000000 3288.924072 0.000000 0.219956 0.000000 0.975510 0.381274 0.381274 0.381274
75.486984 0.000000 3284.653320 0.000000 0.143672 0.000000 0.989625 0.385282 0.385282 0.385282
108.194824 0.000000 3288.171143 0.000000 0.453092 0.000000 0.891464 0.401975 0.401975 0.401975
117.566856 0.000000 3288.555908 0.000000 0.439566 0.000000 0.898211 0.399351 0.399351 0.399351
86.782494 0.000000 3283.397217 0.000000 0.439091 0.000000 0.898443 0.399343 0.399343 0.399343
70.395348 0.000000 3306.149414 0.000000 0.353582 0.000000 0.935404 0.419217 0.419217 0.419217
80.716866 0.000000 3308.191650 0.000000 0.022531 0.000000 0.999746 0.411142 0.411142 0.411142
74.329483 0.000000 3300.798340 0.000000 0.405839 0.000000 0.913945 0.432017 0.432017 0.432017
67.912979 0.000000 3287.030273 0.000000 0.345206 0.000000 0.938527 0.409624 0.409624 0.409624
96.544556 0.000000 3323.425293 0.000000 0.556513 0.000000 0.830839 0.425531 0.425531 0.425531
91.698929 0.000000 3322.593018 0.000000 0.454672 0.000000 0.890659 0.397212 0.397212 0.397212
97.641785 0.000000 3294.172363 0.000000 0.462062 0.000000 0.886848 0.408115 0.408115 0.408115
100.952644 0.000000 3316.570557 0.000000 0.422893 0.000000 0.906180 0.489912 0.489912 0.489912
70.070274 0.000000 3283.133789 0.000000 0.207852 0.000000 0.978160 0.422432 0.422432 0.422432
68.756706 0.000000 3294.886963 0.000000 0.464463 0.000000 0.885593 0.420102 0.420102 0.420102
87.885269 0.000000 3301.873779 0.000000 0.573209 0.000000 0.819409 0.508286 0.508286 0.508286
116.657669 0.000000 3276.129883 0.000000 0.079424 0.000000 0.996841 0.463388 0.463388 0.463388
91.203262 0.000000 3315.411377 0.000000 0.307552 0.000000 0.951531 0.405443 0.405443 0.405443
124.727539 0.000000 3278.588135 0.000000 0.418120 0.000000 0.908392 0.510694 0.510694 0.510694
119.794861 0.000000 3289.099854 0.000000 0.481526 0.000000 0.876432 0.470299 0.470299 0.470299
99.523140 0.000000 3320.739746 0.000000 0.656998 0.000000 0.753892 0.502602 0.502602 0.502602
95.373390 0.000000 3319.526855 0.000000 0.170747 0.000000 0.985315 0.474509 0.474509 0.474509
70.028816 0.000000 3299.023438 0.000000 0.502938 0.000000 0.864323 0.432803 0.432803 0.432803
83.576492 0.000000 3311.545410 0.000000 0.624665 0.000000 0.780893 0.420928 0.420928 0.420928
72.237343 0.000000 3324.120361 0.000000 0.521158 0.000000 0.853460 0.447516 0.447516 0.447516
73.322266 0.000000 3295.061279 0.000000 0.607297 0.000000 0.794475 0.435070 0.435070 0.435070
81.219833 0.000000 3287.552490 0.000000 0.169331 0.000000 0.985559 0.451667 0.451667 0.451667
82.979782 0.000000 3316.107666 0.000000 0.658625 0.000000 0.752472 0.489444 0.489444 0.489444
72.722115 0.000000 3308.612793 0.000000 0.022317 0.000000 0.999751 0.490023 0.490023 0.490023
69.572365 0.000000 3323.024658 0.000000 0.391416 0.000000 0.920214 0.502996 0.502996 0.502996
74.234947 0.000000 3323.539551 0.000000 0.039204 0.000000 0.999231 0.477073 0.477073 0.477073
114.317932 0.000000 3280.546875 0.000000 0.233977 0.000000 0.972242 0.461079 0.461079 0.461079
117.177567 0.000000 3286.614258 0.000000 0.371969 0.000000 0.928245 0.431350 0.431350 0.431350
68.788872 0.000000 3309.950684 0.000000 0.319532 0.000000 0.947575 0.501042 0.501042 0.501042
79.800026 0.000000 3319.157471 0.000000 0.077958 0.000000 0.996957 0.493648 0.493648 0.493648
94.725815 0.000000 3279.686279 0.000000 0.260730 0.000000 0.965412 0.485785 0.485785 0.485785
78.368752 0.000000 3331.947266 0.000000 0.157937 0.000000 0.987449 0.537020 0.537020 0.537020
74.618362 0.000000 3327.537109 0.000000 0.247459 0.000000 0.968898 0.452151 0.452151 0.452151
94.609543 0.000000 3301.756348 0.000000 0.453086 0.000000 0.891467 0.500060 0.500060 0.500060
105.262451 0.000000 3289.431396 0.000000 0.556672 0.000000 0.830732 0.480532 0.480532 0.480532
73.693359 0.000000 3285.156494 0.000000 0.009399 0.000000 0.999956 0.435949 0.435949 0.435949
77.340454 0.000000 3316.320557 0.000000 0.680036 0.000000 0.733179 0.571585 0.571585 0.571585
116.915985 0.000000 3283.456787 0.000000 0.636218 0.000000 0.771509 0.477963 0.477963 0.477963
88.512573 0.000000 3283.826660 0.000000 0.459376 0.000000 0.888242 0.446142 0.446142 0.446142
90.957542 0.000000 3282.720459 0.000000 0.703198 0.000000 0.710994 0.469032 0.469032 0.469032
74.663673 0.000000 3330.678711 0.000000 0.021841 0.000000 0.999761 0.545920 0.545920 0.545920
89.336479 0.000000 3314.092041 0.000000 0.272906 0.000000 0.962041 0.459628 0.459628 0.459628
79.736130 0.000000 3306.854980 0.000000 0.452845 0.000000 0.891589 0.487197 0.487197 0.487197
71.434654 0.000000 3286.837402 0.000000 0.607147 0.000000 0.794590 0.485516 0.485516 0.485516
75.049339 0.000000 3325.974609 0.000000 0.563652 0.000000 0.826012 0.507991 0.507991 0.507991
77.021339 0.000000 3308.722656 0.000000 0.219443 0.000000 0.975625 0.498401 0.498401 0.498401
117.071396 0.000000 3280.834961 0.000000 0.107387 0.000000 0.994217 0.483179 0.483179 0.483179
86.025200 0.000000 3318.387695 0.000000 0.465521 0.000000 0.885037 0.484013 0.484013 0.484013
96.240410 0.000000 3290.063721 0.000000 0.651392 0.000000 0.758742 0.571162 0.571162 0.571162
95.740898 0.000000 3321.062256 0.000000 0.412008 0.000000 0.911180 0.503567 0.503567 0.503567
86.248924 0.000000 3332.460938 0.000000 0.010747 0.000000 0.999942 0.470828 0.470828 0.470828
95.834549 0.000000 3278.247314 0.000000 0.334929 0.000000 0.942243 0.487641 0.487641 0.487641
86.014114 0.000000 3281.627930 0.000000 0.347155 0.000000 0.937808 0.482170 0.482170 0.482170
91.304581 0.000000 3321.232422 0.000000 0.549815 0.000000 0.835286 0.494570 0.494570 0.494570
118.908249 0.000000 3287.967773 0.000000 0.300794 0.000000 0.953689 0.500542 0.500542 0.500542
88.470505 0.000000 3298.841797 0.000000 0.155955 0.000000 0.987764 0.491128 0.491128 0.491128
74.665855 0.000000 3318.455322 0.000000 0.606657 0.000000 0.794964 0.534237 0.534237 0.534237
99.804214 0.000000 3319.395264 0.000000 0.523645 0.000000 0.851937 0.506780 0.506780 0.506780
95.902786 0.000000 3291.377441 0.000000 0.484288 0.000000 0.874909 0.538245 0.538245 0.538245
78.755760 0.000000 3285.541748 0.000000 0.183398 0.000000 0.983039 0.497466 0.497466 0.497466
45.943581 0.000000 3334.933105 0.000000 0.046487 0.000000 0.998919 0.379679 0.379679 0.379679
11.929558 0.000000 3344.583984 0.000000 0.665679 0.000000 0.746238 0.388854 0.388854 0.388854
4.048032 0.000000 3340.928223 0.000000 0.199304 0.000000 0.979938 0.380981 0.380981 0.380981
62.270138 0.000000 3337.009521 0.000000 0.030542 0.000000 0.999533 0.379158 0.379158 0.379158
48.918732 0.000000 3347.564209 0.000000 0.576103 0.000000 0.817377 0.386814 0.386814 0.386814
58.028484 0.000000 3345.676758 0.000000 0.198927 0.000000 0.980014 0.391957 0.391957 0.391957
48.580479 0.000000 3363.018799 0.000000 0.705562 0.000000 0.708648 0.392048 0.392048 0.392048
41.676899 0.000000 3350.645020 0.000000 0.017304 0.000000 0.999850 0.378359 0.378359 0.378359
44.194828 0.000000 3344.655518 0.000000 0.293127 0.000000 0.956073 0.405202 0.405202 0.405202
12.083702 0.000000 3378.092041 0.000000 0.322863 0.000000 0.946446 0.422186 0.422186 0.422186
16.939686 0.000000 3348.506836 0.000000 0.190782 0.000000 0.981632 0.388318 0.388318 0.388318
29.958828 0.000000 3342.778564 0.000000 0.180290 0.000000 0.983613 0.399852 0.399852 0.399852
47.447956 0.000000 3345.263916 0.000000 0.018747 0.000000 0.999824 0.425911 0.425911 0.425911
0.090135 0.000000 3335.873779 0.000000 0.430876 0.000000 0.902411 0.408751 0.408751 0.408751
20.435802 0.000000 3374.850098 0.000000 0.576098 0.000000 0.817380 0.417495 0.417495 0.417495
46.693954 0.000000 3364.636719 0.000000 0.192483 0.000000 0.981300 0.459028 0.459028 0.459028
23.340023 0.000000 3364.985596 0.000000 0.426828 0.000000 0.904333 0.419388 0.419388 0.419388
1.118544 0.000000 3377.308350 0.000000 0.210517 0.000000 0.977590 0.410844 0.410844 0.410844
24.077566 0.000000 3341.974609 0.000000 0.642865 0.000000 0.765979 0.407931 0.407931 0.407931
14.401897 0.000000 3374.273926 0.000000 0.688347 0.000000 0.725382 0.415007 0.415007 0.415007
59.739182 0.000000 3337.084717 0.000000 0.028960 0.000000 0.999581 0.460033 0.460033 0.460033
19.253370 0.000000 3380.164795 0.000000 0.195212 0.000000 0.980761 0.488716 0.488716 0.488716
23.885273 0.000000 3358.358154 0.000000 0.632301 0.000000 0.774722 0.419878 0.419878 0.419878
52.657673 0.000000 3332.614258 0.000000 0.442366 0.000000 0.896835 0.504420 0.504420 0.504420
5.729435 0.000000 3374.606934 0.000000 0.148221 0.000000 0.988954 0.423674 0.423674 0.423674
32.608067 0.000000 3371.668701 0.000000 0.401500 0.000000 0.915859 0.503275 0.503275 0.503275
61.252289 0.000000 3343.004395 0.000000 0.517757 0.000000 0.855528 0.565632 0.565632 0.565632
47.436134 0.000000 3367.299561 0.000000 0.145080 0.000000 0.989420 0.491981 0.491981 0.491981
1.654296 0.000000 3346.936279 0.000000 0.017302 0.000000 0.999850 0.548340 0.548340 0.548340
40.688873 0.000000 3356.978516 0.000000 0.221118 0.000000 0.975247 0.435434 0.435434 0.435434
22.603943 0.000000 3371.107666 0.000000 0.541346 0.000000 0.840800 0.440803 0.440803 0.440803
27.528440 0.000000 3367.117432 0.000000 0.303710 0.000000 0.952765 0.425351 0.425351 0.425351
52.679241 0.000000 3352.267334 0.000000 0.236375 0.000000 0.971662 0.448456 0.448456 0.448456
34.177551 0.000000 3359.511230 0.000000 0.702252 0.000000 0.711929 0.485981 0.485981 0.485981
50.516357 0.000000 3348.609619 0.000000 0.257912 0.000000 0.966169 0.429167 0.429167 0.429167
11.557472 0.000000 3372.525879 0.000000 0.540955 0.000000 0.841051 0.445578 0.445578 0.445578
30.945990 0.000000 3361.041992 0.000000 0.624890 0.000000 0.780713 0.459613 0.459613 0.459613
3.095563 0.000000 3348.028320 0.000000 0.464209 0.000000 0.885726 0.454533 0.454533 0.454533
33.433609 0.000000 3368.381592 0.000000 0.255022 0.000000 0.966935 0.479922 0.479922 0.479922
30.021521 0.000000 3340.844971 0.000000 0.624647 0.000000 0.780907 0.447552 0.447552 0.447552
0.517197 0.000000 3382.355225 0.000000 0.592612 0.000000 0.805488 0.463583 0.463583 0.463583
36.830185 0.000000 3367.505859 0.000000 0.322160 0.000000 0.946685 0.550062 0.550062 0.550062
17.862202 0.000000 3368.905518 0.000000 0.395407 0.000000 0.918506 0.455342 0.455342 0.455342
33.519371 0.000000 3340.439209 0.000000 0.628353 0.000000 0.777928 0.493317 0.493317 0.493317
47.105343 0.000000 3336.139404 0.000000 0.129107 0.000000 0.991631 0.488207 0.488207 0.488207
52.078316 0.000000 3349.248779 0.000000 0.097558 0.000000 0.995230 0.447907 0.447907 0.447907
60.201157 0.000000 3353.168701 0.000000 0.065216 0.000000 0.997871 0.447249 0.447249 0.447249
10.256517 0.000000 3336.808838 0.000000 0.595975 0.000000 0.803003 0.485196 0.485196 0.485196
39.382309 0.000000 3366.196533 0.000000 0.529848 0.000000 0.848092 0.553772 0.553772 0.553772
3.049553 0.000000 3344.848877 0.000000 0.199202 0.000000 0.979958 0.522641 0.522641 0.522641
4.635588 0.000000 3344.980957 0.000000 0.278746 0.000000 0.960365 0.521564 0.521564 0.521564
26.869223 0.000000 3354.027100 0.000000 0.103769 0.000000 0.994601 0.467316 0.467316 0.467316
25.935322 0.000000 3372.980713 0.000000 0.357720 0.000000 0.933829 0.560562 0.560562 0.560562
3.162206 0.000000 3384.629883 0.000000 0.706662 0.000000 0.707552 0.534380 0.534380 0.534380
25.632511 0.000000 3347.795654 0.000000 0.515489 0.000000 0.856896 0.466407 0.466407 0.466407
26.692209 0.000000 3345.029053 0.000000 0.289502 0.000000 0.957177 0.533203 0.533203 0.533203
25.045277 0.000000 3344.469971 0.000000 0.627725 0.000000 0.778435 0.570399 0.570399 0.570399
42.059128 0.000000 3367.861084 0.000000 0.550017 0.000000 0.835154 0.501670 0.501670 0.501670
37.374260 0.000000 3338.544678 0.000000 0.072405 0.000000 0.997375 0.475610 0.475610 0.475610
9.923818 0.000000 3350.172607 0.000000 0.492356 0.000000 0.870394 0.482365 0.482365 0.482365
4.846689 0.000000 3347.485352 0.000000 0.477856 0.000000 0.878438 0.471387 0.471387 0.471387
1.657812 0.000000 3333.081787 0.000000 0.558572 0.000000 0.829456 0.484147 0.484147 0.484147
54.609161 0.000000 3360.426758 0.000000 0.322239 0.000000 0.946658 0.521697 0.521697 0.521697
18.425690 0.000000 3381.430176 0.000000 0.623823 0.000000 0.781566 0.500349 0.500349 0.500349
7.231833 0.000000 3345.817383 0.000000 0.649750 0.000000 0.760148 0.501169 0.501169 0.501169
58.093548 0.000000 3363.014893 0.000000 0.377951 0.000000 0.925825 0.502626 0.502626 0.502626
49.096691 0.000000 3340.271729 0.000000 0.501491 0.000000 0.865163 0.496733 0.496733 0.496733
54.041950 0.000000 3332.620361 0.000000 0.056692 0.000000 0.998392 0.487540 0.487540 0.487540
52.156086 0.000000 3350.946289 0.000000 0.440862 0.000000 0.897575 0.504378 0.504378 0.504378
47.546291 0.000000 3338.925537 0.000000 0.609426 0.000000 0.792843 0.516557 0.516557 0.516557
46.744255 0.000000 3358.231689 0.000000 0.551446 0.000000 0.834210 0.511156 0.511156 0.511156
60.125690 0.000000 3343.472656 0.000000 0.600762 0.000000 0.799428 0.568987 0.568987 0.568987
70.330482 0.000000 3344.675049 0.000000 0.676054 0.000000 0.736852 0.388667 0.388667 0.388667
90.987259 0.000000 3332.666992 0.000000 0.217823 0.000000 0.975988 0.381244 0.381244 0.381244
74.565079 0.000000 3335.126953 0.000000 0.455458 0.000000 0.890257 0.403213 0.403213 0.403213
91.678017 0.000000 3337.592285 0.000000 0.329239 0.000000 0.944247 0.399897 0.399897 0.399897
68.756706 0.000000 3351.371338 0.000000 0.248775 0.000000 0.968561 0.442926 0.442926 0.442926
90.165771 0.000000 3340.835938 0.000000 0.473992 0.000000 0.880529 0.512329 0.512329 0.512329
64.712509 0.000000 3350.799072 0.000000 0.353455 0.000000 0.935451 0.493888 0.493888 0.493888
65.654297 0.000000 3346.936279 0.000000 0.448192 0.000000 0.893937 0.478875 0.478875 0.478875
77.704803 0.000000 3345.404785 0.000000 0.200331 0.000000 0.979728 0.437343 0.437343 0.437343
80.278542 0.000000 3346.133789 0.000000 0.231285 0.000000 0.972886 0.498709 0.498709 0.498709
70.054306 0.000000 3334.176758 0.000000 0.696756 0.000000 0.717308 0.525591 0.525591 0.525591
75.316460 0.000000 3333.495117 0.000000 0.108548 0.000000 0.994091 0.475327 0.475327 0.475327
64.233849 0.000000 3346.021484 0.000000 0.473253 0.000000 0.880926 0.479514 0.479514 0.479514
67.049553 0.000000 3344.848877 0.000000 0.245443 0.000000 0.969411 0.508160 0.508160 0.508160
93.055557 0.000000 3338.591797 0.000000 0.376068 0.000000 0.926592 0.509494 0.509494 0.509494
76.289757 0.000000 3346.025391 0.000000 0.439678 0.000000 0.898155 0.504344 0.504344 0.504344
69.597885 0.000000 3346.045654 0.000000 0.116448 0.000000 0.993197 0.490140 0.490140 0.490140
70.753448 0.000000 3337.742920 0.000000 0.567940 0.000000 0.823070 0.564737 0.564737 0.564737
137.400864 0.000000 3292.212891 0.000000 0.102165 0.000000 0.994767 0.380790 0.380790 0.380790
163.991211 0.000000 3291.820312 0.000000 0.184403 0.000000 0.982851 0.380770 0.380770 0.380770
132.048035 0.000000 3284.443848 0.000000 0.552432 0.000000 0.833558 0.386566 0.386566 0.386566
128.513977 0.000000 3292.174561 0.000000 0.565860 0.000000 0.824501 0.389459 0.389459 0.389459
131.912979 0.000000 3287.030273 0.000000 0.362179 0.000000 0.932108 0.405182 0.405182 0.405182
139.442871 0.000000 3293.902344 0.000000 0.379193 0.000000 0.925317 0.399532 0.399532 0.399532
152.535675 0.000000 3292.448730 0.000000 0.659528 0.000000 0.751680 0.421691 0.421691 0.421691
128.712509 0.000000 3294.314697 0.000000 0.442835 0.000000 0.896603 0.457586 0.457586 0.457586
136.722107 0.000000 3308.612793 0.000000 0.564615 0.000000 0.825355 0.425700 0.425700 0.425700
128.371521 0.000000 3281.178467 0.000000 0.013078 0.000000 0.999914 0.429216 0.429216 0.429216
138.780380 0.000000 3310.877686 0.000000 0.642585 0.000000 0.766214 0.460077 0.460077 0.460077
154.057098 0.000000 3311.556885 0.000000 0.149156 0.000000 0.988814 0.440945 0.440945 0.440945
162.376175 0.000000 3292.536377 0.000000 0.643357 0.000000 0.765566 0.464922 0.464922 0.464922
144.004898 0.000000 3293.561523 0.000000 0.594359 0.000000 0.804200 0.504198 0.504198 0.504198
139.377609 0.000000 3295.637207 0.000000 0.483121 0.000000 0.875554 0.489177 0.489177 0.489177
165.265289 0.000000 3295.757324 0.000000 0.663868 0.000000 0.747849 0.479971 0.479971 0.479971
128.369720 0.000000 3286.995605 0.000000 0.306853 0.000000 0.951757 0.489232 0.489232 0.489232
157.055557 0.000000 3282.107422 0.000000 0.592312 0.000000 0.805709 0.510069 0.510069 0.510069
149.272583 0.000000 3284.463379 0.000000 0.492918 0.000000 0.870076 0.501186 0.501186 0.501186
154.256638 0.000000 3280.818604 0.000000 0.176201 0.000000 0.984354 0.474636 0.474636 0.474636
157.684845 0.000000 3310.848389 0.000000 0.630910 0.000000 0.775856 0.517274 0.517274 0.517274
24.572311 0.000000 3485.011230 0.000000 0.696559 0.000000 0.717500 0.411514 0.411514 0.411514
39.778408 0.000000 3501.381836 0.000000 0.372874 0.000000 0.927882 0.538076 0.538076 0.538076
8.076853 0.000000 3489.600342 0.000000 0.271972 0.000000 0.962305 0.452669 0.452669 0.452669
4.679741 0.000000 3498.161865 0.000000 0.094738 0.000000 0.995502 0.521862 0.521862 0.521862
4.298877 0.000000 3501.445312 0.000000 0.201841 0.000000 0.979418 0.547763 0.547763 0.547763
27.430897 0.000000 3486.181641 0.000000 0.035067 0.000000 0.999385 0.533284 0.533284 0.533284
39.513687 0.000000 3500.188965 0.000000 0.114675 0.000000 0.993403 0.530181 0.530181 0.530181
26.987261 0.000000 3502.120117 0.000000 0.299271 0.000000 0.954168 0.393505 0.393505 0.393505
25.661161 0.000000 3505.097412 0.000000 0.315246 0.000000 0.949010 0.387832 0.387832 0.387832
20.994425 0.000000 3504.583984 0.000000 0.338708 0.000000 0.940891 0.398867 0.398867 0.398867
10.565080 0.000000 3504.580078 0.000000 0.650161 0.000000 0.759797 0.427564 0.427564 0.427564
15.671463 0.000000 3503.560303 0.000000 0.126065 0.000000 0.992022 0.419819 0.419819 0.419819
6.054309 0.000000 3503.629883 0.000000 0.543692 0.000000 0.839285 0.550778 0.550778 0.550778
"}
object={
	name="pine_dense_generator_2_2"
	clamp_to_water_level=no
	render_under_water=no
	generated_content=yes
	layer="semidynamic_medium"
	pdxmesh="tree_fir_003_mesh"
	count=269
	transform="123.211334 0.000000 3249.227539 0.000000 0.999915 0.000000 0.013014 0.399821 0.399821 0.399821
127.510612 0.000000 3244.346191 0.000000 0.973877 0.000000 0.227077 0.435958 0.435958 0.435958
96.330139 0.000000 3273.906738 0.000000 0.866455 0.000000 0.499255 0.428439 0.428439 0.428439
113.315109 0.000000 3262.307617 0.000000 0.989618 0.000000 0.143720 0.451615 0.451615 0.451615
117.789291 0.000000 3263.053223 0.000000 0.720647 0.000000 0.693302 0.443931 0.443931 0.443931
114.103760 0.000000 3267.942383 0.000000 0.911960 0.000000 0.410278 0.427599 0.427599 0.427599
107.060303 0.000000 3253.742920 0.000000 0.973584 0.000000 0.228328 0.447478 0.447478 0.447478
106.375282 0.000000 3251.152588 0.000000 0.780167 0.000000 0.625571 0.462843 0.462843 0.462843
116.122795 0.000000 3257.274414 0.000000 0.823579 0.000000 0.567202 0.523506 0.523506 0.523506
104.459259 0.000000 3249.128906 0.000000 0.714991 0.000000 0.699133 0.521461 0.521461 0.521461
139.941940 0.000000 3261.413330 0.000000 0.879245 0.000000 0.476369 0.393182 0.393182 0.393182
140.083710 0.000000 3265.123291 0.000000 0.884933 0.000000 0.465718 0.419029 0.419029 0.419029
134.395355 0.000000 3249.665039 0.000000 0.911474 0.000000 0.411357 0.436416 0.436416 0.436416
142.650772 0.000000 3269.950195 0.000000 0.999140 0.000000 0.041456 0.466517 0.466517 0.466517
139.442871 0.000000 3237.417969 0.000000 0.894305 0.000000 0.447458 0.411797 0.411797 0.411797
155.698929 0.000000 3266.108643 0.000000 0.993214 0.000000 0.116300 0.440468 0.440468 0.440468
133.141632 0.000000 3245.115723 0.000000 0.858644 0.000000 0.512572 0.456897 0.456897 0.456897
130.268875 0.000000 3273.043213 0.000000 0.989338 0.000000 0.145638 0.473524 0.473524 0.473524
132.248779 0.000000 3240.909180 0.000000 0.751671 0.000000 0.659538 0.421412 0.421412 0.421412
152.641159 0.000000 3275.333984 0.000000 0.841393 0.000000 0.540424 0.443824 0.443824 0.443824
131.099243 0.000000 3246.311035 0.000000 0.929509 0.000000 0.368801 0.486536 0.486536 0.486536
132.679749 0.000000 3272.224365 0.000000 0.981146 0.000000 0.193266 0.496950 0.496950 0.496950
135.784225 0.000000 3272.925781 0.000000 0.999648 0.000000 0.026529 0.499409 0.499409 0.499409
142.777451 0.000000 3239.861572 0.000000 0.904017 0.000000 0.427496 0.462537 0.462537 0.462537
144.985138 0.000000 3241.785156 0.000000 0.964176 0.000000 0.265263 0.496567 0.496567 0.496567
136.280045 0.000000 3253.840332 0.000000 0.777597 0.000000 0.628763 0.456612 0.456612 0.456612
136.953217 0.000000 3245.540039 0.000000 0.753269 0.000000 0.657712 0.485227 0.485227 0.485227
142.035355 0.000000 3245.609131 0.000000 0.719651 0.000000 0.694336 0.484113 0.484113 0.484113
141.763489 0.000000 3274.247559 0.000000 0.757013 0.000000 0.653400 0.517024 0.517024 0.517024
136.415680 0.000000 3246.681641 0.000000 0.892391 0.000000 0.451263 0.577982 0.577982 0.577982
55.531330 0.000000 3286.697510 0.000000 0.756318 0.000000 0.654204 0.390350 0.390350 0.390350
0.163141 0.000000 3310.840332 0.000000 0.942863 0.000000 0.333180 0.395268 0.395268 0.395268
51.402554 0.000000 3330.061035 0.000000 0.996769 0.000000 0.080316 0.406021 0.406021 0.406021
38.346775 0.000000 3330.351318 0.000000 0.968996 0.000000 0.247077 0.396534 0.396534 0.396534
51.759064 0.000000 3307.458496 0.000000 0.789586 0.000000 0.613640 0.396343 0.396343 0.396343
47.447956 0.000000 3288.779541 0.000000 0.801425 0.000000 0.598095 0.407820 0.407820 0.407820
45.942936 0.000000 3298.034668 0.000000 0.965828 0.000000 0.259184 0.408504 0.408504 0.408504
14.650765 0.000000 3326.434570 0.000000 0.991206 0.000000 0.132329 0.422082 0.422082 0.422082
2.552782 0.000000 3332.169922 0.000000 0.830539 0.000000 0.556960 0.433515 0.433515 0.433515
52.706345 0.000000 3332.409180 0.000000 0.988691 0.000000 0.149964 0.528856 0.528856 0.528856
36.550415 0.000000 3306.887695 0.000000 0.782849 0.000000 0.622212 0.430873 0.430873 0.430873
51.914272 0.000000 3281.882080 0.000000 0.974844 0.000000 0.222890 0.423193 0.423193 0.423193
47.645950 0.000000 3283.791748 0.000000 0.911503 0.000000 0.411293 0.585111 0.585111 0.585111
5.729435 0.000000 3318.122559 0.000000 0.996738 0.000000 0.080705 0.429398 0.429398 0.429398
19.576488 0.000000 3311.545410 0.000000 0.992855 0.000000 0.119330 0.520598 0.520598 0.520598
11.263193 0.000000 3312.656006 0.000000 0.895301 0.000000 0.445461 0.453357 0.453357 0.453357
58.561474 0.000000 3307.853027 0.000000 0.769492 0.000000 0.638656 0.446524 0.446524 0.446524
49.031509 0.000000 3322.432373 0.000000 0.968907 0.000000 0.247424 0.496983 0.496983 0.496983
36.682018 0.000000 3299.883057 0.000000 0.916707 0.000000 0.399561 0.460621 0.460621 0.460621
61.252289 0.000000 3286.520020 0.000000 0.956309 0.000000 0.292358 0.572029 0.572029 0.572029
20.822008 0.000000 3307.204834 0.000000 0.730641 0.000000 0.682762 0.574558 0.574558 0.574558
6.996994 0.000000 3316.350586 0.000000 0.973418 0.000000 0.229035 0.473092 0.473092 0.473092
39.167755 0.000000 3324.563721 0.000000 0.998793 0.000000 0.049125 0.452049 0.452049 0.452049
38.819958 0.000000 3328.345459 0.000000 0.870249 0.000000 0.492613 0.478557 0.478557 0.478557
47.883022 0.000000 3281.117432 0.000000 0.912633 0.000000 0.408779 0.569496 0.569496 0.569496
46.245499 0.000000 3296.016357 0.000000 0.948827 0.000000 0.315798 0.500450 0.500450 0.500450
35.217339 0.000000 3286.932373 0.000000 0.737813 0.000000 0.675005 0.451746 0.451746 0.451746
4.167016 0.000000 3324.858398 0.000000 0.918591 0.000000 0.395209 0.504779 0.504779 0.504779
51.318478 0.000000 3309.735107 0.000000 0.997389 0.000000 0.072211 0.489300 0.489300 0.489300
51.561188 0.000000 3302.355713 0.000000 0.759959 0.000000 0.649971 0.479346 0.479346 0.479346
55.431961 0.000000 3325.177490 0.000000 0.994522 0.000000 0.104525 0.489899 0.489899 0.489899
55.893391 0.000000 3319.598633 0.000000 0.715435 0.000000 0.698679 0.483978 0.483978 0.483978
42.257763 0.000000 3278.356201 0.000000 0.967159 0.000000 0.254174 0.480231 0.480231 0.480231
4.189892 0.000000 3321.257080 0.000000 0.917759 0.000000 0.397138 0.487126 0.487126 0.487126
1.725940 0.000000 3318.998291 0.000000 0.781961 0.000000 0.623327 0.451823 0.451823 0.451823
52.072796 0.000000 3324.596924 0.000000 0.973836 0.000000 0.227251 0.462880 0.462880 0.462880
34.087215 0.000000 3301.148926 0.000000 0.907041 0.000000 0.421041 0.461420 0.461420 0.461420
0.517197 0.000000 3325.870850 0.000000 0.952062 0.000000 0.305905 0.498151 0.498151 0.498151
53.188725 0.000000 3330.506592 0.000000 0.997568 0.000000 0.069702 0.469867 0.469867 0.469867
36.748943 0.000000 3285.463135 0.000000 0.824029 0.000000 0.566548 0.453176 0.453176 0.453176
5.351081 0.000000 3314.219727 0.000000 0.875790 0.000000 0.482693 0.481295 0.481295 0.481295
42.442177 0.000000 3304.144531 0.000000 0.728821 0.000000 0.684704 0.492917 0.492917 0.492917
12.920008 0.000000 3326.129395 0.000000 0.947817 0.000000 0.318816 0.457224 0.457224 0.457224
14.389839 0.000000 3313.878174 0.000000 0.764740 0.000000 0.644339 0.477059 0.477059 0.477059
18.362778 0.000000 3308.730225 0.000000 0.927751 0.000000 0.373201 0.587454 0.587454 0.587454
21.609949 0.000000 3308.742676 0.000000 0.999905 0.000000 0.013810 0.599522 0.599522 0.599522
25.034557 0.000000 3308.040283 0.000000 0.998752 0.000000 0.049954 0.511897 0.511897 0.511897
43.765369 0.000000 3305.377930 0.000000 0.725860 0.000000 0.687842 0.492817 0.492817 0.492817
45.674564 0.000000 3289.097168 0.000000 0.831555 0.000000 0.555443 0.493057 0.493057 0.493057
37.967491 0.000000 3300.990967 0.000000 0.955855 0.000000 0.293838 0.525104 0.525104 0.525104
45.531021 0.000000 3294.486816 0.000000 0.786457 0.000000 0.617645 0.485166 0.485166 0.485166
11.049341 0.000000 3325.974609 0.000000 0.948648 0.000000 0.316334 0.486485 0.486485 0.486485
48.395576 0.000000 3308.424805 0.000000 0.802585 0.000000 0.596537 0.473447 0.473447 0.473447
46.421333 0.000000 3285.140869 0.000000 0.883524 0.000000 0.468386 0.527762 0.527762 0.527762
2.657730 0.000000 3320.856201 0.000000 0.889871 0.000000 0.456212 0.536834 0.536834 0.536834
54.238205 0.000000 3332.455811 0.000000 0.844142 0.000000 0.536119 0.510898 0.510898 0.510898
59.524090 0.000000 3289.552979 0.000000 0.709576 0.000000 0.704629 0.503159 0.503159 0.503159
19.521734 0.000000 3307.869385 0.000000 0.846910 0.000000 0.531737 0.529546 0.529546 0.529546
22.292521 0.000000 3307.514404 0.000000 0.999883 0.000000 0.015313 0.599476 0.599476 0.599476
47.546291 0.000000 3282.441162 0.000000 0.999761 0.000000 0.021874 0.599232 0.599232 0.599232
0.126348 0.000000 3321.776611 0.000000 0.898882 0.000000 0.438191 0.514913 0.514913 0.514913
49.044437 0.000000 3325.174072 0.000000 0.994833 0.000000 0.101521 0.539154 0.539154 0.539154
29.817520 0.000000 3315.973145 0.000000 0.797094 0.000000 0.603855 0.576061 0.576061 0.576061
61.982227 0.000000 3287.618652 0.000000 0.740388 0.000000 0.672180 0.558644 0.558644 0.558644
57.239830 0.000000 3319.423096 0.000000 0.783181 0.000000 0.621793 0.563078 0.563078 0.563078
101.432388 0.000000 3287.120850 0.000000 0.871524 0.000000 0.490352 0.393296 0.393296 0.393296
84.089462 0.000000 3320.910645 0.000000 0.994265 0.000000 0.106947 0.398588 0.398588 0.398588
89.621529 0.000000 3323.968506 0.000000 0.960959 0.000000 0.276691 0.396249 0.396249 0.396249
73.866173 0.000000 3315.166016 0.000000 0.978736 0.000000 0.205125 0.397153 0.397153 0.397153
89.661163 0.000000 3279.159912 0.000000 0.983373 0.000000 0.181595 0.430311 0.430311 0.430311
73.084747 0.000000 3286.911621 0.000000 0.828315 0.000000 0.560262 0.437177 0.437177 0.437177
77.099617 0.000000 3295.870361 0.000000 0.990094 0.000000 0.140406 0.424538 0.424538 0.424538
89.283905 0.000000 3297.711426 0.000000 0.992156 0.000000 0.125009 0.415726 0.415726 0.415726
125.638237 0.000000 3295.816895 0.000000 0.789800 0.000000 0.613364 0.436014 0.436014 0.436014
126.948219 0.000000 3278.247803 0.000000 0.994035 0.000000 0.109064 0.573849 0.573849 0.573849
77.487930 0.000000 3286.110352 0.000000 0.951994 0.000000 0.306116 0.439653 0.439653 0.439653
113.687943 0.000000 3285.046387 0.000000 0.961760 0.000000 0.273894 0.474702 0.474702 0.474702
115.914276 0.000000 3281.882080 0.000000 0.958490 0.000000 0.285126 0.483376 0.483376 0.483376
78.033722 0.000000 3281.984619 0.000000 0.711751 0.000000 0.702432 0.472933 0.472933 0.472933
127.273636 0.000000 3287.484863 0.000000 0.913249 0.000000 0.407401 0.466751 0.466751 0.466751
64.712509 0.000000 3294.314697 0.000000 0.847939 0.000000 0.530093 0.446539 0.446539 0.446539
88.887932 0.000000 3317.693848 0.000000 0.974307 0.000000 0.225222 0.592497 0.592497 0.592497
94.716225 0.000000 3322.331787 0.000000 0.964544 0.000000 0.263923 0.450650 0.450650 0.450650
80.098763 0.000000 3285.853271 0.000000 0.707335 0.000000 0.706878 0.478869 0.478869 0.478869
106.440414 0.000000 3292.302734 0.000000 0.996565 0.000000 0.082811 0.444945 0.444945 0.444945
79.590561 0.000000 3328.190186 0.000000 0.958024 0.000000 0.286689 0.462963 0.462963 0.462963
86.911812 0.000000 3317.083252 0.000000 0.999293 0.000000 0.037593 0.569487 0.569487 0.569487
86.603943 0.000000 3314.623291 0.000000 0.999866 0.000000 0.016378 0.504856 0.504856 0.504856
121.360489 0.000000 3287.350342 0.000000 0.975652 0.000000 0.219326 0.527063 0.527063 0.527063
64.597443 0.000000 3296.561035 0.000000 0.768665 0.000000 0.639651 0.515051 0.515051 0.515051
81.033585 0.000000 3316.054688 0.000000 0.916774 0.000000 0.399405 0.497132 0.497132 0.497132
94.945992 0.000000 3304.557617 0.000000 0.798232 0.000000 0.602350 0.491740 0.491740 0.491740
79.855011 0.000000 3282.623535 0.000000 0.887649 0.000000 0.460520 0.464316 0.464316 0.464316
100.560699 0.000000 3290.149414 0.000000 0.824376 0.000000 0.566043 0.455667 0.455667 0.455667
72.404785 0.000000 3296.521729 0.000000 0.908025 0.000000 0.418916 0.502912 0.502912 0.502912
71.260429 0.000000 3322.698242 0.000000 0.817627 0.000000 0.575748 0.465337 0.465337 0.465337
76.970932 0.000000 3323.079590 0.000000 0.952335 0.000000 0.305054 0.481661 0.481661 0.481661
72.280045 0.000000 3310.324707 0.000000 0.999363 0.000000 0.035679 0.503114 0.503114 0.503114
83.881599 0.000000 3314.631348 0.000000 0.936035 0.000000 0.351908 0.588149 0.588149 0.588149
95.972641 0.000000 3300.474609 0.000000 0.755658 0.000000 0.654966 0.509678 0.509678 0.509678
106.439987 0.000000 3288.317627 0.000000 0.922716 0.000000 0.385481 0.493701 0.493701 0.493701
80.024704 0.000000 3317.512451 0.000000 0.979924 0.000000 0.199374 0.501942 0.501942 0.501942
64.369728 0.000000 3286.995605 0.000000 0.978064 0.000000 0.208304 0.495324 0.495324 0.495324
89.935318 0.000000 3316.496338 0.000000 0.891724 0.000000 0.452579 0.584488 0.584488 0.584488
89.632507 0.000000 3291.311279 0.000000 0.939352 0.000000 0.342955 0.517476 0.517476 0.517476
97.699341 0.000000 3289.523926 0.000000 0.977027 0.000000 0.213116 0.482398 0.482398 0.482398
102.078064 0.000000 3317.723389 0.000000 0.805492 0.000000 0.592606 0.500620 0.500620 0.500620
110.421333 0.000000 3285.140869 0.000000 0.977976 0.000000 0.208717 0.506849 0.506849 0.506849
87.560562 0.000000 3293.619629 0.000000 0.881384 0.000000 0.472400 0.491533 0.491533 0.491533
126.321770 0.000000 3294.426025 0.000000 0.809103 0.000000 0.587667 0.490927 0.490927 0.490927
94.191208 0.000000 3278.307861 0.000000 0.992227 0.000000 0.124443 0.514014 0.514014 0.514014
86.404526 0.000000 3301.708984 0.000000 0.955734 0.000000 0.294231 0.525094 0.525094 0.525094
71.015350 0.000000 3284.315918 0.000000 0.989490 0.000000 0.144600 0.528994 0.528994 0.528994
88.231186 0.000000 3291.102539 0.000000 0.992487 0.000000 0.122350 0.523107 0.523107 0.523107
69.854294 0.000000 3310.846924 0.000000 0.982290 0.000000 0.187365 0.511209 0.511209 0.511209
84.063812 0.000000 3316.968018 0.000000 0.923003 0.000000 0.384793 0.531438 0.531438 0.531438
89.036407 0.000000 3301.028564 0.000000 0.968625 0.000000 0.248525 0.541592 0.541592 0.541592
127.423401 0.000000 3279.569092 0.000000 0.914027 0.000000 0.405654 0.564606 0.564606 0.564606
124.926285 0.000000 3279.936768 0.000000 0.889975 0.000000 0.456010 0.528127 0.528127 0.528127
77.763489 0.000000 3330.731934 0.000000 0.795125 0.000000 0.606445 0.575160 0.575160 0.575160
66.009384 0.000000 3297.142578 0.000000 0.849239 0.000000 0.528009 0.518551 0.518551 0.518551
85.231125 0.000000 3314.606201 0.000000 0.738475 0.000000 0.674281 0.566972 0.566972 0.566972
77.130424 0.000000 3318.270020 0.000000 0.999660 0.000000 0.026059 0.599151 0.599151 0.599151
78.943466 0.000000 3316.688232 0.000000 0.809375 0.000000 0.587292 0.548551 0.548551 0.548551
19.007542 0.000000 3350.656494 0.000000 0.896737 0.000000 0.442564 0.393934 0.393934 0.393934
26.709890 0.000000 3369.618164 0.000000 0.979064 0.000000 0.203551 0.397237 0.397237 0.397237
27.131510 0.000000 3348.699219 0.000000 0.879992 0.000000 0.474989 0.393352 0.393352 0.393352
47.145573 0.000000 3350.726074 0.000000 0.885210 0.000000 0.465192 0.419038 0.419038 0.419038
28.431702 0.000000 3340.085938 0.000000 0.999922 0.000000 0.012465 0.403090 0.403090 0.403090
8.667559 0.000000 3337.357422 0.000000 0.963654 0.000000 0.267155 0.421181 0.421181 0.421181
25.917196 0.000000 3377.344238 0.000000 0.998531 0.000000 0.054174 0.433738 0.433738 0.433738
12.526736 0.000000 3355.624023 0.000000 0.997190 0.000000 0.074919 0.417797 0.417797 0.417797
29.423063 0.000000 3371.129883 0.000000 0.727097 0.000000 0.686535 0.399888 0.399888 0.399888
38.469555 0.000000 3359.172119 0.000000 0.840510 0.000000 0.541796 0.426351 0.426351 0.426351
56.639126 0.000000 3337.550537 0.000000 0.844409 0.000000 0.535700 0.421479 0.421479 0.421479
12.721340 0.000000 3370.903076 0.000000 0.940932 0.000000 0.338595 0.430158 0.430158 0.430158
19.443787 0.000000 3382.497803 0.000000 0.873584 0.000000 0.486673 0.407344 0.407344 0.407344
49.393936 0.000000 3357.907959 0.000000 0.999316 0.000000 0.036975 0.454876 0.454876 0.454876
4.384881 0.000000 3383.350830 0.000000 0.726202 0.000000 0.687481 0.448973 0.448973 0.448973
13.872210 0.000000 3360.980713 0.000000 0.846876 0.000000 0.531790 0.445257 0.445257 0.445257
43.659817 0.000000 3368.757812 0.000000 0.840962 0.000000 0.541094 0.446299 0.446299 0.446299
49.687939 0.000000 3341.530762 0.000000 0.861699 0.000000 0.507420 0.509247 0.509247 0.509247
47.645950 0.000000 3340.276123 0.000000 0.768380 0.000000 0.639994 0.540562 0.540562 0.540562
56.096592 0.000000 3360.222168 0.000000 0.958757 0.000000 0.284226 0.534248 0.534248 0.534248
19.576488 0.000000 3368.029785 0.000000 0.752856 0.000000 0.658185 0.466883 0.466883 0.466883
10.166640 0.000000 3339.091797 0.000000 0.860265 0.000000 0.509847 0.469420 0.469420 0.469420
9.322262 0.000000 3351.545654 0.000000 0.789708 0.000000 0.613483 0.491419 0.491419 0.491419
32.801384 0.000000 3360.893311 0.000000 0.994484 0.000000 0.104885 0.515778 0.515778 0.515778
56.246414 0.000000 3335.435059 0.000000 0.997395 0.000000 0.072136 0.495794 0.495794 0.495794
43.060299 0.000000 3366.711670 0.000000 0.989284 0.000000 0.146002 0.522516 0.522516 0.522516
47.135536 0.000000 3348.634277 0.000000 0.763606 0.000000 0.645683 0.474573 0.474573 0.474573
61.382484 0.000000 3362.880371 0.000000 0.841470 0.000000 0.540304 0.468686 0.468686 0.468686
59.529690 0.000000 3333.225098 0.000000 0.901442 0.000000 0.432900 0.473721 0.473721 0.473721
17.219837 0.000000 3344.036865 0.000000 0.994322 0.000000 0.106413 0.435457 0.435457 0.435457
22.911810 0.000000 3373.567627 0.000000 0.730732 0.000000 0.682664 0.574900 0.574900 0.574900
51.561188 0.000000 3358.840088 0.000000 0.973782 0.000000 0.227484 0.501283 0.501283 0.501283
47.250313 0.000000 3361.559082 0.000000 0.918277 0.000000 0.395939 0.446816 0.446816 0.446816
7.440795 0.000000 3382.985352 0.000000 0.772349 0.000000 0.635199 0.489559 0.489559 0.489559
30.609547 0.000000 3358.240723 0.000000 0.982952 0.000000 0.183862 0.485599 0.485599 0.485599
57.814365 0.000000 3351.420654 0.000000 0.975848 0.000000 0.218450 0.492532 0.492532 0.492532
0.588509 0.000000 3384.880615 0.000000 0.754750 0.000000 0.656012 0.466942 0.466942 0.466942
13.340456 0.000000 3372.804932 0.000000 0.908644 0.000000 0.417571 0.476586 0.476586 0.476586
56.654137 0.000000 3349.791016 0.000000 0.886706 0.000000 0.462334 0.463023 0.463023 0.463023
6.073332 0.000000 3386.365723 0.000000 0.994037 0.000000 0.109044 0.493683 0.493683 0.493683
57.864922 0.000000 3361.169434 0.000000 0.932939 0.000000 0.360036 0.532140 0.532140 0.532140
13.306627 0.000000 3357.129639 0.000000 0.987517 0.000000 0.157513 0.462968 0.462968 0.462968
50.132313 0.000000 3351.999268 0.000000 0.952465 0.000000 0.304649 0.491832 0.491832 0.491832
59.993336 0.000000 3349.121826 0.000000 0.926989 0.000000 0.375088 0.502775 0.502775 0.502775
0.233849 0.000000 3346.021484 0.000000 0.843347 0.000000 0.537369 0.581134 0.581134 0.581134
34.559731 0.000000 3365.783691 0.000000 0.819057 0.000000 0.573712 0.506095 0.506095 0.506095
44.147430 0.000000 3348.213623 0.000000 0.840151 0.000000 0.542352 0.493415 0.493415 0.493415
24.030245 0.000000 3345.883301 0.000000 0.997881 0.000000 0.065071 0.597839 0.597839 0.597839
46.421333 0.000000 3341.625244 0.000000 0.880144 0.000000 0.474707 0.546193 0.546193 0.546193
62.321770 0.000000 3350.910400 0.000000 0.903556 0.000000 0.428470 0.535175 0.535175 0.535175
31.751005 0.000000 3339.161133 0.000000 0.847364 0.000000 0.531013 0.492484 0.492484 0.492484
59.913876 0.000000 3360.900879 0.000000 0.880794 0.000000 0.473500 0.512686 0.512686 0.512686
11.583925 0.000000 3336.135742 0.000000 0.884873 0.000000 0.465833 0.495445 0.495445 0.495445
37.210297 0.000000 3364.659668 0.000000 0.927540 0.000000 0.373723 0.541805 0.541805 0.541805
44.409813 0.000000 3358.606445 0.000000 0.984445 0.000000 0.175695 0.530763 0.530763 0.530763
24.470505 0.000000 3355.326172 0.000000 0.982043 0.000000 0.188657 0.512462 0.512462 0.512462
19.615978 0.000000 3378.836914 0.000000 0.934608 0.000000 0.355680 0.523443 0.523443 0.523443
62.420261 0.000000 3345.918945 0.000000 0.847300 0.000000 0.531115 0.520927 0.520927 0.520927
55.777786 0.000000 3361.513184 0.000000 0.999419 0.000000 0.034092 0.555262 0.555262 0.555262
61.505814 0.000000 3340.654541 0.000000 0.872370 0.000000 0.488846 0.582479 0.582479 0.582479
2.597586 0.000000 3346.043213 0.000000 0.785562 0.000000 0.618782 0.560770 0.560770 0.560770
44.134262 0.000000 3367.559326 0.000000 0.976313 0.000000 0.216362 0.548875 0.548875 0.548875
24.179880 0.000000 3373.186279 0.000000 0.828468 0.000000 0.560036 0.580544 0.580544 0.580544
84.094955 0.000000 3347.979004 0.000000 0.992459 0.000000 0.122581 0.439065 0.439065 0.439065
80.939682 0.000000 3348.506836 0.000000 0.975590 0.000000 0.219601 0.445073 0.445073 0.445073
84.832733 0.000000 3345.157715 0.000000 0.953991 0.000000 0.299836 0.435944 0.435944 0.435944
87.068283 0.000000 3337.089355 0.000000 0.738026 0.000000 0.674772 0.455423 0.455423 0.455423
73.795441 0.000000 3332.602539 0.000000 0.860073 0.000000 0.510172 0.411948 0.411948 0.411948
88.077568 0.000000 3341.974609 0.000000 0.967908 0.000000 0.251306 0.440652 0.440652 0.440652
77.612129 0.000000 3335.706787 0.000000 0.846193 0.000000 0.532876 0.414035 0.414035 0.414035
97.049339 0.000000 3333.828369 0.000000 0.951220 0.000000 0.308515 0.429417 0.429417 0.429417
66.199295 0.000000 3339.690430 0.000000 0.874656 0.000000 0.484745 0.436241 0.436241 0.436241
91.966225 0.000000 3342.191162 0.000000 0.857497 0.000000 0.514490 0.533791 0.533791 0.533791
81.219833 0.000000 3344.036865 0.000000 0.983748 0.000000 0.179553 0.522958 0.522958 0.522958
91.877533 0.000000 3344.069092 0.000000 0.856806 0.000000 0.515639 0.480475 0.480475 0.480475
71.620750 0.000000 3338.807373 0.000000 0.980999 0.000000 0.194013 0.575112 0.575112 0.575112
100.990524 0.000000 3333.263672 0.000000 0.998699 0.000000 0.050997 0.517076 0.517076 0.517076
90.957542 0.000000 3339.204834 0.000000 0.937950 0.000000 0.346771 0.470597 0.470597 0.470597
82.442375 0.000000 3347.594727 0.000000 0.999986 0.000000 0.005252 0.532546 0.532546 0.532546
76.617691 0.000000 3349.225342 0.000000 0.931493 0.000000 0.363760 0.484129 0.484129 0.484129
69.529205 0.000000 3336.068115 0.000000 0.760271 0.000000 0.649606 0.560765 0.560765 0.560765
92.834938 0.000000 3341.253906 0.000000 0.955584 0.000000 0.294717 0.556767 0.556767 0.556767
142.007309 0.000000 3306.983887 0.000000 0.973032 0.000000 0.230668 0.396955 0.396955 0.396955
147.007538 0.000000 3294.172119 0.000000 0.820699 0.000000 0.571360 0.391740 0.391740 0.391740
145.939392 0.000000 3317.889404 0.000000 0.980139 0.000000 0.198312 0.397279 0.397279 0.397279
141.099625 0.000000 3295.870361 0.000000 0.752040 0.000000 0.659118 0.421422 0.421422 0.421422
158.608795 0.000000 3281.633301 0.000000 0.999095 0.000000 0.042544 0.437840 0.437840 0.437840
155.635559 0.000000 3299.144043 0.000000 0.886843 0.000000 0.462070 0.400207 0.400207 0.400207
161.641785 0.000000 3294.172363 0.000000 0.876246 0.000000 0.481865 0.445068 0.445068 0.445068
155.528442 0.000000 3310.633057 0.000000 0.911527 0.000000 0.411241 0.460372 0.460372 0.460372
154.957550 0.000000 3282.720459 0.000000 0.853020 0.000000 0.521879 0.505122 0.505122 0.505122
147.881607 0.000000 3314.631348 0.000000 0.887359 0.000000 0.461080 0.475570 0.475570 0.475570
128.523315 0.000000 3277.749756 0.000000 0.750453 0.000000 0.660923 0.522833 0.522833 0.522833
143.824722 0.000000 3299.540527 0.000000 0.717323 0.000000 0.696740 0.456052 0.456052 0.456052
131.497971 0.000000 3276.851318 0.000000 0.708943 0.000000 0.705265 0.522439 0.522439 0.522439
159.751007 0.000000 3282.676758 0.000000 0.853732 0.000000 0.520713 0.484073 0.484073 0.484073
165.802078 0.000000 3294.370605 0.000000 0.973415 0.000000 0.229049 0.493571 0.493571 0.493571
34.932579 0.000000 3499.623779 0.000000 0.975496 0.000000 0.220015 0.396910 0.396910 0.396910
31.334412 0.000000 3486.532227 0.000000 0.799346 0.000000 0.600871 0.391595 0.391595 0.391595
29.290867 0.000000 3487.889404 0.000000 0.893588 0.000000 0.448888 0.499631 0.499631 0.499631
27.203262 0.000000 3484.864502 0.000000 0.978613 0.000000 0.205710 0.467159 0.467159 0.467159
28.720064 0.000000 3486.055908 0.000000 0.967067 0.000000 0.254520 0.504472 0.504472 0.504472
36.742126 0.000000 3498.751953 0.000000 0.940523 0.000000 0.339729 0.494807 0.494807 0.494807
7.784226 0.000000 3498.863281 0.000000 0.988144 0.000000 0.153528 0.508161 0.508161 0.508161
6.073332 0.000000 3499.334473 0.000000 0.921064 0.000000 0.389410 0.502413 0.502413 0.502413
11.735130 0.000000 3489.600098 0.000000 0.998660 0.000000 0.051749 0.550871 0.550871 0.550871
10.665855 0.000000 3487.908447 0.000000 0.927387 0.000000 0.374102 0.586589 0.586589 0.586589
0.926999 0.000000 3499.240479 0.000000 0.998516 0.000000 0.054460 0.518293 0.518293 0.518293
13.130426 0.000000 3487.723145 0.000000 0.857894 0.000000 0.513827 0.563415 0.563415 0.563415
35.060928 0.000000 3500.863770 0.000000 0.913934 0.000000 0.405864 0.540849 0.540849 0.540849
38.686340 0.000000 3502.336914 0.000000 0.785842 0.000000 0.618428 0.390679 0.390679 0.390679
18.498642 0.000000 3505.849365 0.000000 0.990098 0.000000 0.140376 0.462010 0.462010 0.462010
6.912702 0.000000 3502.032959 0.000000 0.988873 0.000000 0.148760 0.576508 0.576508 0.576508
36.990524 0.000000 3502.716797 0.000000 0.992192 0.000000 0.124720 0.475242 0.475242 0.475242
12.241831 0.000000 3504.296143 0.000000 0.738471 0.000000 0.674285 0.517518 0.517518 0.517518
"}
object={
	name="pine_dense_generator_2_3"
	clamp_to_water_level=no
	render_under_water=no
	generated_content=yes
	layer="semidynamic_medium"
	pdxmesh="tree_fir_004_mesh"
	count=223
	transform="127.957878 0.000000 3240.508301 0.000000 0.777983 0.000000 -0.628286 0.408819 0.408819 0.408819
105.065125 0.000000 3271.314941 0.000000 0.982487 0.000000 -0.186330 0.421846 0.421846 0.421846
117.861061 0.000000 3267.675781 0.000000 0.870225 0.000000 -0.492655 0.424184 0.424184 0.424184
114.798111 0.000000 3256.290527 0.000000 0.911417 0.000000 -0.411485 0.445759 0.445759 0.445759
119.405457 0.000000 3254.462402 0.000000 0.980485 0.000000 -0.196596 0.481790 0.481790 0.481790
92.161179 0.000000 3268.221436 0.000000 0.810286 0.000000 -0.586034 0.458805 0.458805 0.458805
100.742126 0.000000 3272.814453 0.000000 0.927678 0.000000 -0.373381 0.473381 0.473381 0.473381
103.147354 0.000000 3256.512695 0.000000 0.936358 0.000000 -0.351045 0.464837 0.464837 0.464837
107.765366 0.000000 3248.893555 0.000000 0.957304 0.000000 -0.289084 0.493114 0.493114 0.493114
121.864922 0.000000 3248.200684 0.000000 0.964486 0.000000 -0.264132 0.472497 0.472497 0.472497
98.393036 0.000000 3272.311035 0.000000 0.723244 0.000000 -0.690593 0.549232 0.549232 0.549232
95.740898 0.000000 3264.577881 0.000000 0.931919 0.000000 -0.362666 0.544817 0.544817 0.544817
137.063751 0.000000 3250.071289 0.000000 0.981168 0.000000 -0.193157 0.402688 0.402688 0.402688
141.506989 0.000000 3255.423828 0.000000 0.875431 0.000000 -0.483344 0.406927 0.406927 0.406927
139.406174 0.000000 3252.680176 0.000000 0.809050 0.000000 -0.587740 0.408721 0.408721 0.408721
149.934509 0.000000 3274.421387 0.000000 0.999286 0.000000 -0.037781 0.407739 0.407739 0.407739
141.099625 0.000000 3239.385986 0.000000 0.723639 0.000000 -0.690179 0.422408 0.422408 0.422408
140.721344 0.000000 3257.934326 0.000000 0.942149 0.000000 -0.335195 0.417521 0.417521 0.417521
151.935638 0.000000 3256.664551 0.000000 0.965655 0.000000 -0.259828 0.464392 0.464392 0.464392
139.263199 0.000000 3256.171631 0.000000 0.732020 0.000000 -0.681283 0.513906 0.513906 0.513906
134.996994 0.000000 3259.866211 0.000000 0.957924 0.000000 -0.287022 0.521258 0.521258 0.521258
137.807907 0.000000 3260.776611 0.000000 0.829832 0.000000 -0.558013 0.488407 0.488407 0.488407
143.228546 0.000000 3246.621582 0.000000 0.859285 0.000000 -0.511498 0.465418 0.465418 0.465418
142.368759 0.000000 3275.462891 0.000000 0.907735 0.000000 -0.419544 0.550493 0.550493 0.550493
138.663666 0.000000 3274.194336 0.000000 0.866899 0.000000 -0.498484 0.525338 0.525338 0.525338
139.461288 0.000000 3247.203857 0.000000 0.824069 0.000000 -0.566489 0.483110 0.483110 0.483110
144.310593 0.000000 3267.204834 0.000000 0.978054 0.000000 -0.208353 0.496683 0.496683 0.496683
139.147293 0.000000 3257.774902 0.000000 0.923870 0.000000 -0.382706 0.506042 0.506042 0.506042
144.278503 0.000000 3240.328613 0.000000 0.891622 0.000000 -0.452781 0.513198 0.513198 0.513198
136.627655 0.000000 3259.633789 0.000000 0.911517 0.000000 -0.411262 0.494511 0.494511 0.494511
143.355179 0.000000 3265.831543 0.000000 0.927744 0.000000 -0.373218 0.566831 0.566831 0.566831
132.298874 0.000000 3275.507812 0.000000 0.973199 0.000000 -0.229964 0.554624 0.554624 0.554624
131.094742 0.000000 3274.393555 0.000000 0.895918 0.000000 -0.444219 0.563517 0.563517 0.563517
41.322735 0.000000 3324.369385 0.000000 0.995318 0.000000 -0.096659 0.409914 0.409914 0.409914
48.746593 0.000000 3279.331299 0.000000 0.903860 0.000000 -0.427828 0.427126 0.427126 0.427126
12.721340 0.000000 3314.418701 0.000000 0.991595 0.000000 -0.129377 0.423596 0.423596 0.423596
55.044807 0.000000 3315.182129 0.000000 0.892742 0.000000 -0.450569 0.517234 0.517234 0.517234
48.587826 0.000000 3296.346924 0.000000 0.892892 0.000000 -0.450270 0.449202 0.449202 0.449202
27.203262 0.000000 3315.411377 0.000000 0.990415 0.000000 -0.138127 0.604795 0.604795 0.604795
46.880833 0.000000 3326.629395 0.000000 0.716802 0.000000 -0.697277 0.549466 0.549466 0.549466
57.190536 0.000000 3318.200684 0.000000 0.803881 0.000000 -0.594790 0.603199 0.603199 0.603199
40.648033 0.000000 3277.420410 0.000000 0.743186 0.000000 -0.669084 0.509357 0.509357 0.509357
45.836609 0.000000 3328.726562 0.000000 0.991138 0.000000 -0.132835 0.522822 0.522822 0.522822
59.003357 0.000000 3322.103516 0.000000 0.984160 0.000000 -0.177281 0.460156 0.460156 0.460156
61.382484 0.000000 3306.395996 0.000000 0.827752 0.000000 -0.561094 0.538128 0.538128 0.538128
40.198982 0.000000 3306.939697 0.000000 0.770912 0.000000 -0.636941 0.501492 0.501492 0.501492
42.638874 0.000000 3326.526367 0.000000 0.969995 0.000000 -0.243126 0.513494 0.513494 0.513494
40.389160 0.000000 3329.724121 0.000000 0.728185 0.000000 -0.685381 0.501459 0.501459 0.501459
57.129452 0.000000 3314.912354 0.000000 0.999111 0.000000 -0.042167 0.494379 0.494379 0.494379
23.417036 0.000000 3324.026611 0.000000 0.999006 0.000000 -0.044585 0.451127 0.451127 0.451127
60.271610 0.000000 3284.607178 0.000000 0.807082 0.000000 -0.590439 0.507159 0.507159 0.507159
27.528440 0.000000 3310.633057 0.000000 0.758413 0.000000 -0.651774 0.463057 0.463057 0.463057
50.425446 0.000000 3278.248047 0.000000 0.799274 0.000000 -0.600967 0.486708 0.486708 0.486708
26.529629 0.000000 3331.500488 0.000000 0.778710 0.000000 -0.627384 0.520669 0.520669 0.520669
34.967751 0.000000 3310.836426 0.000000 0.938776 0.000000 -0.344529 0.463362 0.463362 0.463362
47.250313 0.000000 3305.074707 0.000000 0.770518 0.000000 -0.637419 0.532103 0.532103 0.532103
63.824955 0.000000 3289.346436 0.000000 0.880945 0.000000 -0.473219 0.472780 0.472780 0.472780
39.104729 0.000000 3287.987305 0.000000 0.866109 0.000000 -0.499856 0.463805 0.463805 0.463805
53.097374 0.000000 3277.879150 0.000000 0.991799 0.000000 -0.127811 0.497565 0.497565 0.497565
44.442234 0.000000 3282.606445 0.000000 0.962955 0.000000 -0.269661 0.608875 0.608875 0.608875
30.924673 0.000000 3315.398682 0.000000 0.959453 0.000000 -0.281870 0.525159 0.525159 0.525159
34.559731 0.000000 3309.299316 0.000000 0.999880 0.000000 -0.015485 0.487255 0.487255 0.487255
47.391930 0.000000 3297.374023 0.000000 0.968799 0.000000 -0.247847 0.513607 0.513607 0.513607
45.641373 0.000000 3292.450684 0.000000 0.729795 0.000000 -0.683666 0.544783 0.544783 0.544783
54.280472 0.000000 3322.673096 0.000000 0.963535 0.000000 -0.267584 0.502017 0.502017 0.502017
44.189102 0.000000 3281.114990 0.000000 0.997859 0.000000 -0.065408 0.542236 0.542236 0.542236
13.467096 0.000000 3324.740479 0.000000 0.995549 0.000000 -0.094245 0.508696 0.508696 0.508696
38.782387 0.000000 3304.103516 0.000000 0.999179 0.000000 -0.040525 0.524523 0.524523 0.524523
39.243389 0.000000 3326.994141 0.000000 0.725904 0.000000 -0.687797 0.542116 0.542116 0.542116
46.633274 0.000000 3280.809570 0.000000 0.996428 0.000000 -0.084450 0.584934 0.584934 0.584934
46.601547 0.000000 3283.196289 0.000000 0.835086 0.000000 -0.550119 0.620461 0.620461 0.620461
64.163139 0.000000 3310.840332 0.000000 0.892049 0.000000 -0.451939 0.407244 0.407244 0.407244
110.043030 0.000000 3281.948486 0.000000 0.980824 0.000000 -0.194896 0.407388 0.407388 0.407388
64.894737 0.000000 3306.393799 0.000000 0.854743 0.000000 -0.519052 0.416483 0.416483 0.416483
81.664764 0.000000 3282.749756 0.000000 0.931012 0.000000 -0.364988 0.448943 0.448943 0.448943
87.192017 0.000000 3321.984375 0.000000 0.758562 0.000000 -0.651601 0.412003 0.412003 0.412003
84.094955 0.000000 3291.494629 0.000000 0.788966 0.000000 -0.614437 0.437408 0.437408 0.437408
98.111412 0.000000 3307.708984 0.000000 0.908461 0.000000 -0.417970 0.418856 0.418856 0.418856
68.384880 0.000000 3326.866455 0.000000 0.913752 0.000000 -0.406272 0.422711 0.422711 0.422711
93.290863 0.000000 3318.436279 0.000000 0.964407 0.000000 -0.264422 0.539477 0.539477 0.539477
94.816772 0.000000 3290.531494 0.000000 0.910316 0.000000 -0.413914 0.581715 0.581715 0.581715
66.026642 0.000000 3324.719971 0.000000 0.986972 0.000000 -0.160892 0.483706 0.483706 0.483706
100.915909 0.000000 3304.156250 0.000000 0.973502 0.000000 -0.228680 0.534530 0.534530 0.534530
73.807907 0.000000 3317.260986 0.000000 0.931940 0.000000 -0.362613 0.477205 0.477205 0.477205
92.979858 0.000000 3291.372803 0.000000 0.738413 0.000000 -0.674349 0.495570 0.495570 0.495570
114.425446 0.000000 3278.248047 0.000000 0.962895 0.000000 -0.269875 0.456564 0.456564 0.456564
76.079964 0.000000 3307.382568 0.000000 0.721643 0.000000 -0.692266 0.531044 0.531044 0.531044
98.177551 0.000000 3303.026855 0.000000 0.942907 0.000000 -0.333057 0.481971 0.481971 0.481971
74.704590 0.000000 3298.836182 0.000000 0.862398 0.000000 -0.506231 0.537912 0.537912 0.537912
117.097374 0.000000 3277.879150 0.000000 0.999998 0.000000 -0.002021 0.496123 0.496123 0.496123
91.848907 0.000000 3302.699463 0.000000 0.770137 0.000000 -0.637878 0.494579 0.494579 0.494579
103.039322 0.000000 3316.255371 0.000000 0.718743 0.000000 -0.695276 0.533948 0.533948 0.533948
101.294586 0.000000 3321.049805 0.000000 0.999990 0.000000 -0.004505 0.489639 0.489639 0.489639
80.790352 0.000000 3284.249023 0.000000 0.856403 0.000000 -0.516308 0.507971 0.507971 0.507971
88.779694 0.000000 3280.630371 0.000000 0.977393 0.000000 -0.211430 0.538091 0.538091 0.538091
98.376175 0.000000 3292.536377 0.000000 0.812701 0.000000 -0.582681 0.518007 0.518007 0.518007
80.584167 0.000000 3314.449951 0.000000 0.950700 0.000000 -0.310112 0.574416 0.574416 0.574416
93.325607 0.000000 3280.568848 0.000000 0.827920 0.000000 -0.560846 0.521544 0.521544 0.521544
77.642204 0.000000 3297.745361 0.000000 0.978216 0.000000 -0.207589 0.482018 0.482018 0.482018
127.462921 0.000000 3276.443604 0.000000 0.892784 0.000000 -0.450485 0.536348 0.536348 0.536348
79.974602 0.000000 3309.653564 0.000000 0.951670 0.000000 -0.307122 0.540609 0.540609 0.540609
98.977509 0.000000 3290.593262 0.000000 0.898446 0.000000 -0.439085 0.564729 0.564729 0.564729
119.848488 0.000000 3276.156738 0.000000 0.885418 0.000000 -0.464797 0.499852 0.499852 0.499852
96.284004 0.000000 3318.282471 0.000000 0.824633 0.000000 -0.565668 0.524441 0.524441 0.524441
93.938904 0.000000 3292.627197 0.000000 0.972307 0.000000 -0.233709 0.497244 0.497244 0.497244
77.467094 0.000000 3324.740479 0.000000 0.855553 0.000000 -0.517715 0.518992 0.518992 0.518992
90.256638 0.000000 3280.818604 0.000000 0.924681 0.000000 -0.380742 0.516832 0.516832 0.516832
98.377457 0.000000 3319.821045 0.000000 0.757354 0.000000 -0.653004 0.550753 0.550753 0.550753
96.813705 0.000000 3319.599609 0.000000 0.965781 0.000000 -0.259359 0.516559 0.516559 0.516559
102.782387 0.000000 3304.103516 0.000000 0.999757 0.000000 -0.022052 0.533240 0.533240 0.533240
102.464584 0.000000 3318.987793 0.000000 0.988636 0.000000 -0.150328 0.535186 0.535186 0.535186
126.025436 0.000000 3279.221924 0.000000 0.868568 0.000000 -0.495571 0.592663 0.592663 0.592663
85.323334 0.000000 3317.315674 0.000000 0.969369 0.000000 -0.245608 0.548359 0.548359 0.548359
88.179878 0.000000 3316.701904 0.000000 0.985932 0.000000 -0.167147 0.605547 0.605547 0.605547
79.939713 0.000000 3330.791748 0.000000 0.983320 0.000000 -0.181885 0.585271 0.585271 0.585271
15.273128 0.000000 3354.496582 0.000000 0.999998 0.000000 -0.002192 0.400029 0.400029 0.400029
18.283546 0.000000 3333.710938 0.000000 0.984559 0.000000 -0.175055 0.402346 0.402346 0.402346
17.260078 0.000000 3359.035156 0.000000 0.892594 0.000000 -0.450861 0.406352 0.406352 0.406352
29.237432 0.000000 3366.100342 0.000000 0.732543 0.000000 -0.680721 0.410169 0.410169 0.410169
34.735790 0.000000 3372.231201 0.000000 0.809702 0.000000 -0.586841 0.420412 0.420412 0.420412
23.293589 0.000000 3356.142822 0.000000 0.762551 0.000000 -0.646928 0.409801 0.409801 0.409801
29.530346 0.000000 3359.870605 0.000000 0.842324 0.000000 -0.538971 0.407958 0.407958 0.407958
13.099618 0.000000 3352.354736 0.000000 0.856178 0.000000 -0.516681 0.442321 0.442321 0.442321
58.637383 0.000000 3359.511719 0.000000 0.905978 0.000000 -0.423325 0.422996 0.422996 0.422996
10.565080 0.000000 3335.126953 0.000000 0.930199 0.000000 -0.367056 0.444940 0.444940 0.444940
8.614338 0.000000 3346.106934 0.000000 0.946587 0.000000 -0.322449 0.424019 0.424019 0.424019
10.329481 0.000000 3357.282715 0.000000 0.822739 0.000000 -0.568419 0.452936 0.452936 0.452936
38.385899 0.000000 3349.423096 0.000000 0.734039 0.000000 -0.679108 0.484562 0.484562 0.484562
8.173825 0.000000 3354.844482 0.000000 0.989488 0.000000 -0.144618 0.429125 0.429125 0.429125
2.575770 0.000000 3373.705078 0.000000 0.936909 0.000000 -0.349574 0.467501 0.467501 0.467501
43.095455 0.000000 3346.896729 0.000000 0.991748 0.000000 -0.128206 0.464524 0.464524 0.464524
23.935640 0.000000 3369.633301 0.000000 0.799579 0.000000 -0.600561 0.437128 0.437128 0.437128
61.252003 0.000000 3339.392578 0.000000 0.991880 0.000000 -0.127175 0.501519 0.501519 0.501519
6.474854 0.000000 3347.168701 0.000000 0.887066 0.000000 -0.461643 0.476613 0.476613 0.476613
2.268880 0.000000 3386.011963 0.000000 0.737587 0.000000 -0.675252 0.501169 0.501169 0.501169
27.443996 0.000000 3364.843018 0.000000 0.974266 0.000000 -0.225399 0.470391 0.470391 0.470391
36.682018 0.000000 3356.367432 0.000000 0.870762 0.000000 -0.491706 0.525154 0.525154 0.525154
27.966225 0.000000 3342.191162 0.000000 0.942387 0.000000 -0.334525 0.531889 0.531889 0.531889
13.139575 0.000000 3376.122803 0.000000 0.880509 0.000000 -0.474030 0.459183 0.459183 0.459183
24.887932 0.000000 3374.178223 0.000000 0.941583 0.000000 -0.336781 0.588774 0.588774 0.588774
25.598158 0.000000 3356.209717 0.000000 0.763376 0.000000 -0.645955 0.471223 0.471223 0.471223
47.883022 0.000000 3337.601807 0.000000 0.959368 0.000000 -0.282158 0.530539 0.530539 0.530539
33.987381 0.000000 3370.191895 0.000000 0.763862 0.000000 -0.645380 0.550499 0.550499 0.550499
42.440418 0.000000 3348.787109 0.000000 0.708283 0.000000 -0.705929 0.474131 0.474131 0.474131
60.271610 0.000000 3341.091553 0.000000 0.972096 0.000000 -0.234583 0.608123 0.608123 0.608123
30.725813 0.000000 3336.170654 0.000000 0.964467 0.000000 -0.264202 0.456458 0.456458 0.456458
21.101585 0.000000 3379.029053 0.000000 0.745834 0.000000 -0.666132 0.523222 0.523222 0.523222
16.278540 0.000000 3346.133789 0.000000 0.847360 0.000000 -0.531019 0.467206 0.467206 0.467206
34.967751 0.000000 3367.320801 0.000000 0.998137 0.000000 -0.061009 0.589480 0.589480 0.589480
39.147350 0.000000 3369.481445 0.000000 0.993950 0.000000 -0.109832 0.474730 0.474730 0.474730
12.251669 0.000000 3339.414307 0.000000 0.973467 0.000000 -0.228826 0.475791 0.475791 0.475791
1.725940 0.000000 3375.482666 0.000000 0.747438 0.000000 -0.664331 0.535741 0.535741 0.535741
10.704594 0.000000 3355.320557 0.000000 0.805777 0.000000 -0.592219 0.464444 0.464444 0.464444
22.981554 0.000000 3360.802734 0.000000 0.934665 0.000000 -0.355529 0.485148 0.485148 0.485148
53.097374 0.000000 3334.363525 0.000000 0.716638 0.000000 -0.697446 0.497618 0.497618 0.497618
40.256474 0.000000 3349.425781 0.000000 0.745194 0.000000 -0.666848 0.493971 0.493971 0.493971
34.087215 0.000000 3357.633301 0.000000 0.951333 0.000000 -0.308164 0.515052 0.515052 0.515052
36.748943 0.000000 3341.947510 0.000000 0.772025 0.000000 -0.635592 0.550175 0.550175 0.550175
7.784226 0.000000 3385.894531 0.000000 0.815124 0.000000 -0.579287 0.476533 0.476533 0.476533
12.920008 0.000000 3382.613770 0.000000 0.994368 0.000000 -0.105987 0.487848 0.487848 0.487848
8.404788 0.000000 3353.006104 0.000000 0.913322 0.000000 -0.407237 0.505273 0.505273 0.505273
7.699578 0.000000 3348.433105 0.000000 0.981153 0.000000 -0.193230 0.483050 0.483050 0.483050
53.929581 0.000000 3348.648926 0.000000 0.850664 0.000000 -0.525710 0.489002 0.489002 0.489002
39.089634 0.000000 3347.891357 0.000000 0.748396 0.000000 -0.663252 0.521738 0.521738 0.521738
37.967491 0.000000 3357.475342 0.000000 0.845047 0.000000 -0.534692 0.526332 0.526332 0.526332
7.434655 0.000000 3343.321777 0.000000 0.942030 0.000000 -0.335529 0.507624 0.507624 0.507624
58.082653 0.000000 3336.802490 0.000000 0.754749 0.000000 -0.656014 0.508978 0.508978 0.508978
62.383209 0.000000 3353.744629 0.000000 0.776294 0.000000 -0.630371 0.555586 0.555586 0.555586
21.228973 0.000000 3346.670410 0.000000 0.910069 0.000000 -0.414457 0.500014 0.500014 0.500014
55.848488 0.000000 3332.641113 0.000000 0.995608 0.000000 -0.093616 0.527146 0.527146 0.527146
37.817795 0.000000 3366.145020 0.000000 0.839855 0.000000 -0.542811 0.606815 0.606815 0.606815
15.453247 0.000000 3381.553223 0.000000 0.774275 0.000000 -0.632849 0.515268 0.515268 0.515268
57.144566 0.000000 3334.193359 0.000000 0.993030 0.000000 -0.117865 0.499990 0.499990 0.499990
45.387486 0.000000 3365.366211 0.000000 0.743460 0.000000 -0.668781 0.519115 0.519115 0.519115
46.908699 0.000000 3343.887451 0.000000 0.848577 0.000000 -0.529073 0.546841 0.546841 0.546841
1.945598 0.000000 3348.881836 0.000000 0.771738 0.000000 -0.635940 0.539026 0.539026 0.539026
46.671375 0.000000 3366.114746 0.000000 0.999307 0.000000 -0.037212 0.528377 0.528377 0.528377
63.365894 0.000000 3342.543457 0.000000 0.788676 0.000000 -0.614808 0.581583 0.581583 0.581583
53.408546 0.000000 3360.991699 0.000000 0.928977 0.000000 -0.370137 0.542311 0.542311 0.542311
34.757607 0.000000 3338.040039 0.000000 0.993451 0.000000 -0.114263 0.550132 0.550132 0.550132
23.285583 0.000000 3372.288574 0.000000 0.998938 0.000000 -0.046067 0.601539 0.601539 0.601539
61.038887 0.000000 3350.919189 0.000000 0.821394 0.000000 -0.570361 0.555026 0.555026 0.555026
65.451508 0.000000 3341.970459 0.000000 0.725442 0.000000 -0.688284 0.450058 0.450058 0.450058
79.671463 0.000000 3334.107178 0.000000 0.775187 0.000000 -0.631732 0.422627 0.422627 0.422627
67.912979 0.000000 3343.514648 0.000000 0.942795 0.000000 -0.333372 0.460454 0.460454 0.460454
84.804939 0.000000 3332.645752 0.000000 0.999438 0.000000 -0.033515 0.433888 0.433888 0.433888
68.602226 0.000000 3335.183838 0.000000 0.998551 0.000000 -0.053810 0.473616 0.473616 0.473616
70.070274 0.000000 3339.618164 0.000000 0.862793 0.000000 -0.505557 0.597153 0.597153 0.597153
68.035370 0.000000 3338.797852 0.000000 0.983691 0.000000 -0.179865 0.537273 0.537273 0.537273
64.597443 0.000000 3353.045410 0.000000 0.939246 0.000000 -0.343245 0.524009 0.524009 0.524009
74.618233 0.000000 3346.122559 0.000000 0.801391 0.000000 -0.598141 0.481117 0.481117 0.481117
78.749680 0.000000 3332.609131 0.000000 0.948518 0.000000 -0.316724 0.539517 0.539517 0.539517
90.692207 0.000000 3345.029053 0.000000 0.972338 0.000000 -0.233578 0.497241 0.497241 0.497241
68.846687 0.000000 3347.485352 0.000000 0.904151 0.000000 -0.427213 0.537073 0.537073 0.537073
95.751007 0.000000 3339.161133 0.000000 0.902943 0.000000 -0.429761 0.504456 0.504456 0.504456
73.798126 0.000000 3337.951660 0.000000 0.997091 0.000000 -0.076216 0.579411 0.579411 0.579411
154.709885 0.000000 3313.133789 0.000000 0.989313 0.000000 -0.145810 0.402009 0.402009 0.402009
150.937180 0.000000 3290.520996 0.000000 0.999545 0.000000 -0.030159 0.400411 0.400411 0.400411
146.817444 0.000000 3306.537598 0.000000 0.984041 0.000000 -0.177942 0.402447 0.402447 0.402447
143.671463 0.000000 3277.622803 0.000000 0.734769 0.000000 -0.678318 0.435985 0.435985 0.435985
145.436584 0.000000 3299.962891 0.000000 0.817328 0.000000 -0.576172 0.442126 0.442126 0.442126
134.363693 0.000000 3285.606445 0.000000 0.820352 0.000000 -0.571859 0.474984 0.474984 0.474984
142.389343 0.000000 3309.478516 0.000000 0.877817 0.000000 -0.478996 0.432091 0.432091 0.432091
156.944550 0.000000 3311.961182 0.000000 0.902929 0.000000 -0.429789 0.552153 0.552153 0.552153
141.487930 0.000000 3286.110352 0.000000 0.834165 0.000000 -0.551515 0.525423 0.525423 0.525423
146.979782 0.000000 3316.107666 0.000000 0.865992 0.000000 -0.500058 0.465174 0.465174 0.465174
141.704803 0.000000 3288.920410 0.000000 0.974453 0.000000 -0.224592 0.477039 0.477039 0.477039
155.504211 0.000000 3290.072021 0.000000 0.739829 0.000000 -0.672795 0.501099 0.501099 0.501099
131.050613 0.000000 3279.488037 0.000000 0.990352 0.000000 -0.138573 0.518988 0.518988 0.518988
149.209427 0.000000 3282.956055 0.000000 0.887708 0.000000 -0.460408 0.607964 0.607964 0.607964
145.469116 0.000000 3293.832275 0.000000 0.851502 0.000000 -0.524352 0.541188 0.541188 0.541188
9.795441 0.000000 3389.086914 0.000000 0.947577 0.000000 -0.319529 0.454817 0.454817 0.454817
1.884608 0.000000 3496.599365 0.000000 0.954538 0.000000 -0.298088 0.404232 0.404232 0.404232
2.268880 0.000000 3498.980713 0.000000 0.988877 0.000000 -0.148736 0.602854 0.602854 0.602854
36.342056 0.000000 3501.215576 0.000000 0.984096 0.000000 -0.177638 0.605872 0.605872 0.605872
13.139575 0.000000 3489.091553 0.000000 0.931776 0.000000 -0.363033 0.443521 0.443521 0.443521
9.807907 0.000000 3486.714111 0.000000 0.955794 0.000000 -0.294037 0.453000 0.453000 0.453000
33.680016 0.000000 3501.374512 0.000000 0.808167 0.000000 -0.588953 0.465747 0.465747 0.465747
11.557472 0.000000 3485.494629 0.000000 0.961721 0.000000 -0.274030 0.592174 0.592174 0.592174
13.340456 0.000000 3485.773682 0.000000 0.989267 0.000000 -0.146119 0.523146 0.523146 0.523146
37.805153 0.000000 3501.073486 0.000000 0.996763 0.000000 -0.080393 0.602646 0.602646 0.602646
14.033723 0.000000 3507.922119 0.000000 0.707280 0.000000 -0.706934 0.438001 0.438001 0.438001
17.145784 0.000000 3504.585449 0.000000 0.957225 0.000000 -0.289345 0.470325 0.470325 0.470325
"}
object={
	name="pine_dense_generator_2_4"
	clamp_to_water_level=no
	render_under_water=no
	generated_content=yes
	layer="semidynamic_medium"
	pdxmesh="tree_fir_005_mesh"
	count=240
	transform="112.205399 0.000000 3276.068115 0.000000 0.498914 0.000000 -0.866651 0.413454 0.413454 0.413454
119.060730 0.000000 3261.208984 0.000000 0.165274 0.000000 -0.986248 0.447873 0.447873 0.447873
115.759064 0.000000 3250.974121 0.000000 0.325400 0.000000 -0.945576 0.436643 0.436643 0.436643
125.738358 0.000000 3247.858643 0.000000 0.232579 0.000000 -0.972577 0.432365 0.432365 0.432365
125.124794 0.000000 3272.088623 0.000000 0.312722 0.000000 -0.949845 0.435416 0.435416 0.435416
120.742149 0.000000 3249.503174 0.000000 0.656689 0.000000 -0.754161 0.483867 0.483867 0.483867
80.382469 0.000000 3275.425781 0.000000 0.389871 0.000000 -0.920869 0.492864 0.492864 0.492864
95.373390 0.000000 3263.042480 0.000000 0.212306 0.000000 -0.977203 0.458690 0.458690 0.458690
113.031509 0.000000 3265.947998 0.000000 0.199978 0.000000 -0.979800 0.588279 0.588279 0.588279
121.190536 0.000000 3261.716309 0.000000 0.109107 0.000000 -0.994030 0.501515 0.501515 0.501515
119.867752 0.000000 3266.841064 0.000000 0.391814 0.000000 -0.920045 0.477013 0.477013 0.477013
104.198982 0.000000 3250.455322 0.000000 0.221947 0.000000 -0.975059 0.572820 0.572820 0.572820
104.567444 0.000000 3254.292725 0.000000 0.142030 0.000000 -0.989862 0.528866 0.528866 0.528866
119.431961 0.000000 3268.693115 0.000000 0.394667 0.000000 -0.918824 0.472653 0.472653 0.472653
104.388252 0.000000 3269.611084 0.000000 0.546775 0.000000 -0.837280 0.537826 0.537826 0.537826
120.471802 0.000000 3260.065430 0.000000 0.552449 0.000000 -0.833547 0.492081 0.492081 0.492081
124.313171 0.000000 3243.364258 0.000000 0.228685 0.000000 -0.973500 0.531328 0.531328 0.531328
104.074829 0.000000 3251.942383 0.000000 0.089211 0.000000 -0.996013 0.576306 0.576306 0.576306
103.743729 0.000000 3255.349854 0.000000 0.424676 0.000000 -0.905345 0.584734 0.584734 0.584734
153.621536 0.000000 3267.484131 0.000000 0.653081 0.000000 -0.757288 0.411368 0.411368 0.411368
132.763565 0.000000 3255.801514 0.000000 0.166142 0.000000 -0.986102 0.418926 0.418926 0.418926
145.260071 0.000000 3246.066406 0.000000 0.473378 0.000000 -0.880860 0.414690 0.414690 0.414690
133.119217 0.000000 3236.043701 0.000000 0.495442 0.000000 -0.868641 0.414451 0.414451 0.414451
134.424667 0.000000 3239.969482 0.000000 0.447694 0.000000 -0.894187 0.414974 0.414974 0.414974
135.213531 0.000000 3257.809326 0.000000 0.448718 0.000000 -0.893674 0.451631 0.451631 0.451631
136.614334 0.000000 3233.138184 0.000000 0.145165 0.000000 -0.989407 0.461290 0.461290 0.461290
138.329483 0.000000 3244.313965 0.000000 0.443492 0.000000 -0.896279 0.473110 0.473110 0.473110
151.348877 0.000000 3272.607910 0.000000 0.225540 0.000000 -0.974234 0.566800 0.566800 0.566800
155.673264 0.000000 3272.382812 0.000000 0.523287 0.000000 -0.852157 0.505590 0.505590 0.505590
130.070068 0.000000 3244.431152 0.000000 0.028824 0.000000 -0.999584 0.538840 0.538840 0.538840
153.618530 0.000000 3271.286621 0.000000 0.199614 0.000000 -0.979875 0.498236 0.498236 0.498236
148.141312 0.000000 3273.541260 0.000000 0.076760 0.000000 -0.997050 0.474180 0.474180 0.474180
138.780380 0.000000 3254.393311 0.000000 0.689101 0.000000 -0.724665 0.478824 0.478824 0.478824
130.681305 0.000000 3241.827881 0.000000 0.677817 0.000000 -0.735231 0.473523 0.473523 0.473523
134.073334 0.000000 3273.396973 0.000000 0.536654 0.000000 -0.843803 0.522378 0.522378 0.522378
144.024704 0.000000 3261.028076 0.000000 0.684692 0.000000 -0.728832 0.519601 0.519601 0.519601
136.987045 0.000000 3274.317383 0.000000 0.045222 0.000000 -0.998977 0.511679 0.511679 0.511679
134.595932 0.000000 3245.608398 0.000000 0.353227 0.000000 -0.935538 0.522598 0.522598 0.522598
144.398438 0.000000 3264.665771 0.000000 0.453310 0.000000 -0.891353 0.534606 0.534606 0.534606
47.722515 0.000000 3320.413330 0.000000 0.705269 0.000000 -0.708940 0.410230 0.410230 0.410230
56.315582 0.000000 3313.102783 0.000000 0.635828 0.000000 -0.771831 0.421400 0.421400 0.421400
45.374916 0.000000 3301.015381 0.000000 0.155974 0.000000 -0.987761 0.419701 0.419701 0.419701
21.503155 0.000000 3324.412842 0.000000 0.176388 0.000000 -0.984321 0.418995 0.418995 0.418995
18.579117 0.000000 3331.282715 0.000000 0.029172 0.000000 -0.999574 0.423774 0.423774 0.423774
55.062531 0.000000 3327.111328 0.000000 0.686315 0.000000 -0.727305 0.411386 0.411386 0.411386
48.580479 0.000000 3306.534424 0.000000 0.277027 0.000000 -0.960862 0.453246 0.453246 0.453246
6.056927 0.000000 3321.031494 0.000000 0.693381 0.000000 -0.720571 0.425818 0.425818 0.425818
12.375213 0.000000 3330.761475 0.000000 0.384916 0.000000 -0.922952 0.452793 0.452793 0.452793
4.384881 0.000000 3326.866455 0.000000 0.118252 0.000000 -0.992984 0.498388 0.498388 0.498388
28.944551 0.000000 3311.961182 0.000000 0.547310 0.000000 -0.836930 0.512116 0.512116 0.512116
63.273632 0.000000 3287.484863 0.000000 0.632212 0.000000 -0.774796 0.593677 0.593677 0.593677
36.144402 0.000000 3325.055176 0.000000 0.001739 0.000000 -0.999999 0.475510 0.475510 0.475510
1.042973 0.000000 3308.594727 0.000000 0.238974 0.000000 -0.971026 0.504737 0.504737 0.504737
27.673262 0.000000 3328.867188 0.000000 0.274398 0.000000 -0.961616 0.543460 0.543460 0.543460
38.792950 0.000000 3278.905762 0.000000 0.368800 0.000000 -0.929509 0.453081 0.453081 0.453081
55.867748 0.000000 3323.325439 0.000000 0.341246 0.000000 -0.939974 0.522878 0.522878 0.522878
36.915905 0.000000 3304.156250 0.000000 0.421820 0.000000 -0.906680 0.480706 0.480706 0.480706
24.641163 0.000000 3331.818359 0.000000 0.458177 0.000000 -0.888861 0.457143 0.457143 0.457143
47.448093 0.000000 3300.601318 0.000000 0.279273 0.000000 -0.960212 0.506802 0.506802 0.506802
47.135536 0.000000 3292.149902 0.000000 0.531766 0.000000 -0.846891 0.503957 0.503957 0.503957
45.585232 0.000000 3286.526855 0.000000 0.110084 0.000000 -0.993922 0.516253 0.516253 0.516253
53.007915 0.000000 3317.244141 0.000000 0.697315 0.000000 -0.716765 0.454908 0.454908 0.454908
57.007492 0.000000 3321.754395 0.000000 0.135049 0.000000 -0.990839 0.545324 0.545324 0.545324
17.033588 0.000000 3316.054688 0.000000 0.383566 0.000000 -0.923513 0.482925 0.482925 0.482925
14.368753 0.000000 3331.947266 0.000000 0.640056 0.000000 -0.768328 0.526592 0.526592 0.526592
36.742126 0.000000 3329.298828 0.000000 0.484517 0.000000 -0.874782 0.483666 0.483666 0.483666
43.071995 0.000000 3286.672363 0.000000 0.703265 0.000000 -0.710928 0.500808 0.500808 0.500808
40.388252 0.000000 3326.095459 0.000000 0.614179 0.000000 -0.789167 0.517431 0.517431 0.517431
49.324825 0.000000 3311.690918 0.000000 0.374441 0.000000 -0.927251 0.529350 0.529350 0.529350
59.502258 0.000000 3288.091064 0.000000 0.086437 0.000000 -0.996257 0.558409 0.558409 0.558409
10.780387 0.000000 3310.877686 0.000000 0.461730 0.000000 -0.887021 0.475592 0.475592 0.475592
12.773803 0.000000 3310.277832 0.000000 0.232010 0.000000 -0.972713 0.541545 0.541545 0.541545
1.843605 0.000000 3322.473389 0.000000 0.116994 0.000000 -0.993133 0.583069 0.583069 0.583069
45.430965 0.000000 3280.145508 0.000000 0.439743 0.000000 -0.898124 0.569725 0.569725 0.569725
56.471806 0.000000 3316.549805 0.000000 0.209596 0.000000 -0.977788 0.632868 0.632868 0.632868
45.839413 0.000000 3302.779541 0.000000 0.411752 0.000000 -0.911296 0.499585 0.499585 0.499585
16.584167 0.000000 3314.449951 0.000000 0.196641 0.000000 -0.980476 0.540911 0.540911 0.540911
41.936394 0.000000 3329.190186 0.000000 0.551765 0.000000 -0.833999 0.506308 0.506308 0.506308
28.266584 0.000000 3313.460938 0.000000 0.571304 0.000000 -0.820738 0.634177 0.634177 0.634177
37.366020 0.000000 3327.793457 0.000000 0.677620 0.000000 -0.735412 0.518411 0.518411 0.518411
22.444944 0.000000 3327.792480 0.000000 0.037152 0.000000 -0.999310 0.541640 0.541640 0.541640
23.955351 0.000000 3309.884277 0.000000 0.094595 0.000000 -0.995516 0.649417 0.649417 0.649417
54.203686 0.000000 3316.424316 0.000000 0.346131 0.000000 -0.938186 0.562137 0.562137 0.562137
23.838673 0.000000 3307.117432 0.000000 0.575180 0.000000 -0.818027 0.632789 0.632789 0.632789
58.590446 0.000000 3318.648193 0.000000 0.679346 0.000000 -0.733818 0.547957 0.547957 0.547957
48.063820 0.000000 3301.889648 0.000000 0.338808 0.000000 -0.940855 0.562334 0.562334 0.562334
63.365894 0.000000 3286.059082 0.000000 0.591289 0.000000 -0.806460 0.595178 0.595178 0.595178
22.619600 0.000000 3309.614990 0.000000 0.478143 0.000000 -0.878282 0.635898 0.635898 0.635898
60.125690 0.000000 3286.988281 0.000000 0.000536 0.000000 -1.000000 0.628766 0.628766 0.628766
94.060638 0.000000 3324.248535 0.000000 0.504145 0.000000 -0.863619 0.413949 0.413949 0.413949
126.624443 0.000000 3284.913818 0.000000 0.138329 0.000000 -0.990386 0.420021 0.420021 0.420021
82.190605 0.000000 3285.615967 0.000000 0.097557 0.000000 -0.995230 0.424253 0.424253 0.424253
106.835907 0.000000 3282.100098 0.000000 0.237591 0.000000 -0.971365 0.458255 0.458255 0.458255
84.994423 0.000000 3278.646484 0.000000 0.057675 0.000000 -0.998335 0.480402 0.480402 0.480402
102.337952 0.000000 3289.829834 0.000000 0.178996 0.000000 -0.983850 0.443306 0.443306 0.443306
89.706718 0.000000 3289.733154 0.000000 0.481996 0.000000 -0.876173 0.463787 0.463787 0.463787
124.013069 0.000000 3290.958496 0.000000 0.371128 0.000000 -0.928582 0.491819 0.491819 0.491819
120.473495 0.000000 3284.224609 0.000000 0.210870 0.000000 -0.977514 0.480505 0.480505 0.480505
84.435806 0.000000 3318.365723 0.000000 0.351802 0.000000 -0.936075 0.454816 0.454816 0.454816
79.869934 0.000000 3312.916504 0.000000 0.341064 0.000000 -0.940040 0.460749 0.460749 0.460749
91.190720 0.000000 3304.403076 0.000000 0.422601 0.000000 -0.906316 0.443567 0.443567 0.443567
100.550415 0.000000 3306.887695 0.000000 0.232651 0.000000 -0.972560 0.520966 0.520966 0.520966
92.838379 0.000000 3301.161133 0.000000 0.062132 0.000000 -0.998068 0.542559 0.542559 0.542559
118.385406 0.000000 3280.002686 0.000000 0.125719 0.000000 -0.992066 0.489426 0.489426 0.489426
111.645950 0.000000 3283.791748 0.000000 0.216191 0.000000 -0.976351 0.527205 0.527205 0.527205
68.248779 0.000000 3297.393555 0.000000 0.554510 0.000000 -0.832177 0.529037 0.529037 0.529037
118.255737 0.000000 3284.853760 0.000000 0.339667 0.000000 -0.940546 0.499707 0.499707 0.499707
102.962250 0.000000 3320.273682 0.000000 0.091850 0.000000 -0.995773 0.460734 0.460734 0.460734
104.179832 0.000000 3304.278320 0.000000 0.509272 0.000000 -0.860605 0.451904 0.451904 0.451904
96.801384 0.000000 3304.408936 0.000000 0.438586 0.000000 -0.898689 0.510482 0.510482 0.510482
70.952942 0.000000 3311.704102 0.000000 0.157244 0.000000 -0.987560 0.549247 0.549247 0.549247
77.139572 0.000000 3319.638428 0.000000 0.495754 0.000000 -0.868463 0.634277 0.634277 0.634277
109.585236 0.000000 3286.526855 0.000000 0.145548 0.000000 -0.989351 0.478799 0.478799 0.478799
89.598160 0.000000 3299.725342 0.000000 0.499621 0.000000 -0.866244 0.552084 0.552084 0.552084
91.739204 0.000000 3319.717041 0.000000 0.539214 0.000000 -0.842169 0.568174 0.568174 0.568174
68.167015 0.000000 3324.858398 0.000000 0.386917 0.000000 -0.922115 0.555200 0.555200 0.555200
109.587715 0.000000 3283.865967 0.000000 0.181468 0.000000 -0.983397 0.532409 0.532409 0.532409
79.325409 0.000000 3311.102295 0.000000 0.353818 0.000000 -0.935314 0.474886 0.474886 0.474886
87.366150 0.000000 3278.746338 0.000000 0.337680 0.000000 -0.941261 0.517149 0.517149 0.517149
75.557472 0.000000 3316.041504 0.000000 0.196424 0.000000 -0.980519 0.619774 0.619774 0.619774
123.502258 0.000000 3288.091064 0.000000 0.663821 0.000000 -0.747891 0.504748 0.504748 0.504748
114.999252 0.000000 3283.436523 0.000000 0.179891 0.000000 -0.983687 0.569471 0.569471 0.569471
66.681297 0.000000 3298.312256 0.000000 0.173370 0.000000 -0.984857 0.526692 0.526692 0.526692
76.061935 0.000000 3297.399170 0.000000 0.604530 0.000000 -0.796583 0.496466 0.496466 0.496466
99.619469 0.000000 3318.000732 0.000000 0.668447 0.000000 -0.743759 0.553982 0.553982 0.553982
76.920006 0.000000 3326.129395 0.000000 0.550355 0.000000 -0.834931 0.489292 0.489292 0.489292
81.862198 0.000000 3312.421143 0.000000 0.092182 0.000000 -0.995742 0.573230 0.573230 0.573230
77.317169 0.000000 3329.321045 0.000000 0.585086 0.000000 -0.810971 0.596838 0.596838 0.596838
108.442230 0.000000 3282.606445 0.000000 0.604093 0.000000 -0.796914 0.521966 0.521966 0.521966
75.256439 0.000000 3329.127197 0.000000 0.476967 0.000000 -0.878921 0.538306 0.538306 0.538306
89.560120 0.000000 3319.267334 0.000000 0.555244 0.000000 -0.831688 0.612339 0.612339 0.612339
72.954826 0.000000 3299.811768 0.000000 0.308662 0.000000 -0.951172 0.535308 0.535308 0.535308
67.051582 0.000000 3325.946289 0.000000 0.674700 0.000000 -0.738092 0.497419 0.497419 0.497419
64.016243 0.000000 3284.746338 0.000000 0.133706 0.000000 -0.991021 0.520182 0.520182 0.520182
73.880356 0.000000 3309.612305 0.000000 0.323693 0.000000 -0.946162 0.559806 0.559806 0.559806
95.303284 0.000000 3303.105225 0.000000 0.015729 0.000000 -0.999876 0.650897 0.650897 0.650897
79.217506 0.000000 3308.242188 0.000000 0.324196 0.000000 -0.945990 0.564192 0.564192 0.564192
75.568611 0.000000 3332.047119 0.000000 0.226811 0.000000 -0.973939 0.540197 0.540197 0.540197
89.909195 0.000000 3293.179932 0.000000 0.459253 0.000000 -0.888306 0.521491 0.521491 0.521491
83.525002 0.000000 3313.027588 0.000000 0.546190 0.000000 -0.837661 0.576586 0.576586 0.576586
96.868057 0.000000 3292.465088 0.000000 0.623460 0.000000 -0.781856 0.604025 0.604025 0.604025
100.309036 0.000000 3305.479736 0.000000 0.261885 0.000000 -0.965099 0.561424 0.561424 0.561424
118.252510 0.000000 3278.648438 0.000000 0.415331 0.000000 -0.909670 0.552980 0.552980 0.552980
76.955742 0.000000 3331.957764 0.000000 0.375369 0.000000 -0.926876 0.645213 0.645213 0.645213
60.832737 0.000000 3364.899902 0.000000 0.283217 0.000000 -0.959056 0.420124 0.420124 0.420124
11.616361 0.000000 3361.919189 0.000000 0.702830 0.000000 -0.711357 0.435325 0.435325 0.435325
44.128105 0.000000 3360.019531 0.000000 0.382474 0.000000 -0.923966 0.464287 0.464287 0.464287
56.473492 0.000000 3340.708984 0.000000 0.255256 0.000000 -0.966873 0.459394 0.459394 0.459394
3.912977 0.000000 3343.514648 0.000000 0.650464 0.000000 -0.759537 0.461594 0.461594 0.461594
61.638237 0.000000 3352.301270 0.000000 0.689007 0.000000 -0.724754 0.494216 0.494216 0.494216
62.581944 0.000000 3347.445312 0.000000 0.126189 0.000000 -0.992006 0.455782 0.455782 0.455782
2.944718 0.000000 3349.974121 0.000000 0.596887 0.000000 -0.802325 0.495246 0.495246 0.495246
13.612127 0.000000 3335.706787 0.000000 0.060379 0.000000 -0.998176 0.459798 0.459798 0.459798
36.550415 0.000000 3363.372070 0.000000 0.489388 0.000000 -0.872066 0.455123 0.455123 0.455123
60.727543 0.000000 3335.072510 0.000000 0.315780 0.000000 -0.948832 0.536597 0.536597 0.536597
63.273632 0.000000 3343.969238 0.000000 0.363230 0.000000 -0.931699 0.596858 0.596858 0.596858
58.561474 0.000000 3364.337402 0.000000 0.663552 0.000000 -0.748130 0.441746 0.441746 0.441746
45.814819 0.000000 3369.124268 0.000000 0.189330 0.000000 -0.981914 0.499906 0.499906 0.499906
59.815212 0.000000 3351.297852 0.000000 0.249447 0.000000 -0.968389 0.575045 0.575045 0.575045
45.585232 0.000000 3343.011230 0.000000 0.397370 0.000000 -0.917658 0.484079 0.484079 0.484079
52.316952 0.000000 3361.704102 0.000000 0.615693 0.000000 -0.787986 0.555731 0.555731 0.555731
15.228543 0.000000 3359.590332 0.000000 0.677286 0.000000 -0.735720 0.472139 0.472139 0.472139
45.587715 0.000000 3340.350342 0.000000 0.295120 0.000000 -0.955460 0.480352 0.480352 0.480352
40.567448 0.000000 3367.261475 0.000000 0.519136 0.000000 -0.854692 0.587566 0.587566 0.587566
63.824955 0.000000 3345.830811 0.000000 0.250927 0.000000 -0.968006 0.569091 0.569091 0.569091
24.332708 0.000000 3367.782471 0.000000 0.435527 0.000000 -0.900176 0.476131 0.476131 0.476131
4.679741 0.000000 3385.193115 0.000000 0.462824 0.000000 -0.886450 0.560356 0.560356 0.560356
27.504213 0.000000 3346.556396 0.000000 0.683335 0.000000 -0.730105 0.484571 0.484571 0.484571
27.877535 0.000000 3344.069092 0.000000 0.063684 0.000000 -0.997970 0.614705 0.614705 0.614705
58.270859 0.000000 3340.911865 0.000000 0.018419 0.000000 -0.999830 0.608429 0.608429 0.608429
48.891335 0.000000 3360.952148 0.000000 0.005667 0.000000 -0.999984 0.531883 0.531883 0.531883
35.182278 0.000000 3339.344482 0.000000 0.209735 0.000000 -0.977758 0.583544 0.583544 0.583544
33.128372 0.000000 3373.341309 0.000000 0.231183 0.000000 -0.972910 0.510747 0.510747 0.510747
25.034557 0.000000 3364.524658 0.000000 0.452662 0.000000 -0.891682 0.505843 0.505843 0.505843
45.839413 0.000000 3359.263916 0.000000 0.488872 0.000000 -0.872355 0.562492 0.562492 0.562492
18.442375 0.000000 3347.594727 0.000000 0.136238 0.000000 -0.990676 0.539362 0.539362 0.539362
16.310589 0.000000 3380.173584 0.000000 0.455274 0.000000 -0.890351 0.488587 0.488587 0.488587
55.822781 0.000000 3363.871338 0.000000 0.017057 0.000000 -0.999855 0.549592 0.549592 0.549592
30.924673 0.000000 3371.883057 0.000000 0.147124 0.000000 -0.989118 0.548006 0.548006 0.548006
11.377604 0.000000 3352.121582 0.000000 0.664301 0.000000 -0.747465 0.525860 0.525860 0.525860
25.560120 0.000000 3375.751709 0.000000 0.004921 0.000000 -0.999988 0.625578 0.625578 0.625578
19.704063 0.000000 3346.342285 0.000000 0.020006 0.000000 -0.999800 0.542032 0.542032 0.542032
22.338621 0.000000 3345.560547 0.000000 0.027244 0.000000 -0.999629 0.574900 0.574900 0.574900
49.135281 0.000000 3359.415039 0.000000 0.016919 0.000000 -0.999857 0.572149 0.572149 0.572149
45.641373 0.000000 3348.935059 0.000000 0.603018 0.000000 -0.797727 0.527674 0.527674 0.527674
22.025198 0.000000 3374.872070 0.000000 0.681178 0.000000 -0.732118 0.576187 0.576187 0.576187
59.955013 0.000000 3363.633301 0.000000 0.282398 0.000000 -0.959297 0.565307 0.565307 0.565307
21.918880 0.000000 3344.085449 0.000000 0.527851 0.000000 -0.849337 0.529762 0.529762 0.529762
52.319328 0.000000 3360.203857 0.000000 0.328691 0.000000 -0.944438 0.564072 0.564072 0.564072
39.789654 0.000000 3346.515625 0.000000 0.338543 0.000000 -0.940951 0.533128 0.533128 0.533128
35.030670 0.000000 3356.472412 0.000000 0.554076 0.000000 -0.832466 0.530476 0.530476 0.530476
63.116138 0.000000 3352.327881 0.000000 0.271741 0.000000 -0.962370 0.571488 0.571488 0.571488
35.506344 0.000000 3364.448242 0.000000 0.262145 0.000000 -0.965028 0.552580 0.552580 0.552580
48.063820 0.000000 3358.374023 0.000000 0.675826 0.000000 -0.737061 0.553729 0.553729 0.553729
25.534441 0.000000 3342.140137 0.000000 0.347107 0.000000 -0.937826 0.601770 0.601770 0.601770
24.631813 0.000000 3343.190918 0.000000 0.701041 0.000000 -0.713121 0.589580 0.589580 0.589580
59.590294 0.000000 3335.730713 0.000000 0.245403 0.000000 -0.969421 0.566281 0.566281 0.566281
71.408905 0.000000 3350.415527 0.000000 0.314617 0.000000 -0.949219 0.429661 0.429661 0.429661
66.944717 0.000000 3349.974121 0.000000 0.074624 0.000000 -0.997212 0.545253 0.545253 0.545253
70.935822 0.000000 3336.154053 0.000000 0.105608 0.000000 -0.994408 0.653435 0.653435 0.653435
87.366150 0.000000 3335.230713 0.000000 0.027715 0.000000 -0.999616 0.571874 0.571874 0.571874
89.304771 0.000000 3333.571777 0.000000 0.571199 0.000000 -0.820812 0.501557 0.501557 0.501557
67.095566 0.000000 3348.028320 0.000000 0.466161 0.000000 -0.884700 0.535712 0.535712 0.535712
94.021523 0.000000 3340.844971 0.000000 0.366346 0.000000 -0.930479 0.512147 0.512147 0.512147
98.937195 0.000000 3334.362793 0.000000 0.043087 0.000000 -0.999071 0.562469 0.562469 0.562469
88.779694 0.000000 3337.114746 0.000000 0.619442 0.000000 -0.785042 0.484804 0.484804 0.484804
64.369728 0.000000 3343.479980 0.000000 0.105310 0.000000 -0.994439 0.580382 0.580382 0.580382
83.704063 0.000000 3346.342285 0.000000 0.636293 0.000000 -0.771447 0.555060 0.555060 0.555060
72.993134 0.000000 3335.704834 0.000000 0.679554 0.000000 -0.733625 0.519759 0.519759 0.519759
86.021004 0.000000 3333.898193 0.000000 0.213741 0.000000 -0.976890 0.537560 0.537560 0.537560
156.793762 0.000000 3278.935547 0.000000 0.570705 0.000000 -0.821155 0.412315 0.412315 0.412315
142.873108 0.000000 3284.140869 0.000000 0.565968 0.000000 -0.824427 0.412969 0.412969 0.412969
151.491867 0.000000 3276.725342 0.000000 0.204574 0.000000 -0.978851 0.418535 0.418535 0.418535
137.063751 0.000000 3306.555664 0.000000 0.704835 0.000000 -0.709371 0.410553 0.410553 0.410553
134.330490 0.000000 3288.190674 0.000000 0.303251 0.000000 -0.952911 0.416834 0.416834 0.416834
145.260071 0.000000 3302.550781 0.000000 0.655634 0.000000 -0.755079 0.411537 0.411537 0.411537
141.506989 0.000000 3311.908203 0.000000 0.691106 0.000000 -0.722753 0.413390 0.413390 0.413390
139.486984 0.000000 3284.653320 0.000000 0.698563 0.000000 -0.715549 0.424323 0.424323 0.424323
130.356857 0.000000 3280.991943 0.000000 0.002396 0.000000 -0.999997 0.457824 0.457824 0.457824
164.759827 0.000000 3297.469971 0.000000 0.299226 0.000000 -0.954182 0.467271 0.467271 0.467271
147.894379 0.000000 3283.865479 0.000000 0.402502 0.000000 -0.915419 0.498350 0.498350 0.498350
159.005478 0.000000 3310.998535 0.000000 0.613373 0.000000 -0.789793 0.454014 0.454014 0.454014
137.693359 0.000000 3285.156494 0.000000 0.422297 0.000000 -0.906457 0.505104 0.505104 0.505104
157.325607 0.000000 3280.568848 0.000000 0.666704 0.000000 -0.745322 0.532840 0.532840 0.532840
129.657806 0.000000 3276.597412 0.000000 0.600529 0.000000 -0.799603 0.566210 0.566210 0.566210
129.598282 0.000000 3279.659424 0.000000 0.527450 0.000000 -0.849586 0.603203 0.603203 0.603203
162.581680 0.000000 3295.273438 0.000000 0.403095 0.000000 -0.915158 0.562040 0.562040 0.562040
17.939386 0.000000 3487.342529 0.000000 0.684537 0.000000 -0.728978 0.411134 0.411134 0.411134
29.423063 0.000000 3484.098633 0.000000 0.285960 0.000000 -0.958241 0.432974 0.432974 0.432974
24.887932 0.000000 3487.146973 0.000000 0.132691 0.000000 -0.991157 0.495164 0.495164 0.495164
27.739206 0.000000 3489.170166 0.000000 0.219161 0.000000 -0.975689 0.503687 0.503687 0.503687
5.808854 0.000000 3501.030029 0.000000 0.605860 0.000000 -0.795571 0.635140 0.635140 0.635140
1.626224 0.000000 3500.464111 0.000000 0.237442 0.000000 -0.971402 0.541415 0.541415 0.541415
3.094740 0.000000 3500.331055 0.000000 0.541284 0.000000 -0.840840 0.637030 0.637030 0.637030
3.574214 0.000000 3498.970459 0.000000 0.179861 0.000000 -0.983692 0.642865 0.642865 0.642865
13.612127 0.000000 3505.159912 0.000000 0.675098 0.000000 -0.737728 0.557998 0.557998 0.557998
33.049339 0.000000 3503.281494 0.000000 0.458990 0.000000 -0.888442 0.492799 0.492799 0.492799
34.937199 0.000000 3503.815918 0.000000 0.667520 0.000000 -0.744592 0.558262 0.558262 0.558262
15.105003 0.000000 3504.933838 0.000000 0.130341 0.000000 -0.991469 0.539498 0.539498 0.539498
4.601642 0.000000 3503.354736 0.000000 0.606609 0.000000 -0.795000 0.630423 0.630423 0.630423
"}
