
########
#KERBIN
########

# Caledonia
colonial_caledon = {
	color = { 255 106 0 }
	provinces = { 253 369 1978 1979 3300 3317 3351 3352 3359 3361 3362 3420 3424 3459 3482 3483 3503 3504 3542 3690 } }

# Doren
colonial_doren = {
	color = { 64 64 64 }
	provinces = { 3192 3201 3202 3203 3204 3205 3206 3207 3208 3209 3210 3211 3226 3234 3240 3267 3284 3286 3291 3293 3294 3295 3296 3297 3302 3316 3319 3320 3321 3322 3323 3324 3325 3328 3335 3337 3364 3365 3369 3370 3371 3372 3373 3390 3396 3397 3399 3408 3409 3439 3442 3460 3461 3473 3476 3485 3506 3507 3508 3511 3512 3513 3525 3526 3531 3533 3550 3582 3583 3584 3585 3640 3641 3652 3653 3654 3655 3657 3672 3673 3674 3711 3712 3713 3714 3727 3728 3731 3732 3740 3773 3988 3990 3998 4002 4000 4012 4001 } }

# Kafrica
colonial_kafrica = {
	color = { 34 34 34 }
	provinces = { 3217 3219 3220 3221 3222 3236 3237 3238 3266 3268 3269 3270 3272 3273 3274 3275 3276 3277 3278 3279 3299 3303 3336 3340 3345 3346 3347 3348 3349 3377 3379 3380 3381 3382 3383 3384 3385 3386 3387 3388 3402 3403 3405 3425 3426 3428 3452 3454 3455 3456 3498 3535 3536 3537 3538 3539 3540 3541 3564 3565 3566 3567 3568 3569 3570 3575 3576 3627 3650 3651 3658 3659 3660 3661 3662 3668 3670 3679 3680 3681 3682 3684 3685 3695 3696 3697 3698 3699 3707 3710 3715 3716 3717 3724 3725 3735 3736 3737 3738 3748 3749 3750 3751 3752 3753 3754 3755 3756 3764 3765 3768 3769 3770 3795 3796 3884 3885 3886 3887 3888 3889 3890 3891 3892 3893 3895 3900 3901 3981 3982 3983 } }

# Laythe
colonial_laythe = {
	color = { 34 34 34 }
	provinces = { 1235 3683 3392 3421 3637 1994 3287 3360 3986 3223 3248 3250 3446 3464 3676 997 3589 3995 3453 1993 1995 1235 1991 1992 1997 1240 } }